Temperature,Species,umax_lwr_CI,umax_upr_CI,root_lwr_CI,root_upr_CI,ks_lwr_CI,ks_upr_CI
-3,AC,-0.2804884656569908,0.03385412109021283,200,200,0.001383394308831349,0.13484331440406255
-3,CH,-2.6324359214136144,-0.8660132995098713,200,200,5.134948323483311e-71,0.16816430031456422
-3,CS,0.04475582560569782,0.059883672025956056,200,200,7.17588357860812e-51,1.623483232976482
-3,TT,-1.3521630634831525,-0.25409631626810036,200,200,0.02143872910162567,0.5301649931003676
-2.5,AC,-0.27362484356533306,0.036591872398526674,200,200,0.0015507069484505843,0.1416113424973999
-2.5,CH,-2.50125312907651,-0.8292841521714028,200,200,7.261375654843733e-70,0.17646071049077452
-2.5,CS,0.04791735671450696,0.06373669423311065,200,200,4.584416826608957e-50,1.6017828074947817
-2.5,TT,-1.2915566302593868,-0.24717814365326013,200,200,0.023967255256670414,0.5572556238819
-2,AC,-0.2662483727260647,0.039530715807386735,200,200,0.001738254975188048,0.1487190700743538
-2,CH,-2.3722475432811327,-0.7919003107508177,200,200,1.0268375274512854e-68,0.18516642526780183
-2,CS,0.05128887947128748,0.06782028852805924,200,200,2.9288208775778238e-49,1.5803724425794747
-2,TT,-1.231235731696335,-0.23970206911141675,200,200,0.026795529176304695,0.5857465320220067
-1.5,AC,-0.25834389814747327,0.042683931189344076,200,200,0.0019484857289025599,0.15618354726201858
-1.5,CH,-2.245419164027485,-0.7538707736060961,200,200,1.4520599923499757e-67,0.19430163774756512
-1.5,CS,0.054882931336637915,0.07214653214876074,200,200,1.8711195027352657e-48,1.55924826111155
-1.5,TT,-1.1726914152850845,-0.23164853218461334,200,200,0.02995927182449796,0.615710917341691
-1,AC,-0.2498963188054303,0.04606554422862025,200,200,0.0021841425394604243,0.16402267996398498
-1,CH,-2.1207679913155646,-0.715205520702247,200,200,2.0533708254867427e-66,0.20388753726159897
-1,CS,0.058712639266142,0.07672795077673482,200,200,1.1953917087656509e-47,1.5384064377958349
-1,TT,-1.1148568491862996,-0.22299788607557247,200,200,0.03349848378239039,0.647225847921952
-0.5,AC,-0.24089062909314368,0.04969035468144179,200,200,0.0024483005248221628,0.17225527281329936
-0.5,CH,-1.9982940251453738,-0.6759155555517351,200,200,2.903689771203259e-65,0.2139463585201862
-0.5,CS,0.0627917274402958,0.08157751263100604,200,200,7.636932517120145e-47,1.5178431984682872
-0.5,TT,-1.05851406148112,-0.21373045157088694,200,200,0.03745796072937138,0.6803724666182516
0,AC,-0.2313119638536727,0.053573963989960824,200,200,0.002744406718677478,0.18090107428130878
0,CH,-1.8779972655169095,-0.6360129485485083,200,200,4.106133282278326e-64,0.22450143318627028
0,CS,0.06713452190375958,0.08670861873932413,200,200,4.8789645974097046e-46,1.4975548194125463
0,TT,-1.0033293598110706,-0.20382657709249707,200,200,0.041887871345532776,0.7153923969568201
0.5,AC,-0.22114564722435315,0.057732801940388614,200,200,0.003076325051259452,0.1899808240506004
0.5,CH,-1.7598777124301754,-0.5955108817364468,200,200,5.806519242875946e-63,0.23557724399377408
0.5,CS,0.07175595152157632,0.09213508881372548,200,200,3.1169969735117866e-45,1.4775376266856206
0.5,TT,-0.9481837612072905,-0.19326670538126403,200,200,0.046844405234021266,0.7532807004320847
1,AC,-0.21037724553507003,0.06218415200906231,200,200,0.003448386770298768,0.19951630276567348
1,CH,-1.6439353658851683,-0.5544236950541754,200,200,8.21105000741262e-62,0.24719948153585394
1,CS,0.07667154458078894,0.09787114209047637,200,200,1.9913385184306918e-44,1.4577879954525865
1,TT,-0.8931012691619704,-0.18203144735294013,200,200,0.05239049939150822,0.7971941606999399
1.5,AC,-0.19899262451575184,0.06694617498764191,200,200,0.0038654469600678974,0.20953038428068702
1.5,CH,-1.5301702258818906,-0.5127669340993165,200,200,1.1611318141578614e-60,0.25939510385481024
1.5,CS,0.0818974202774306,0.10393137242038002,9.422946558323479e-5,200,1.2721953626146977e-43,1.4383023493301828
1.5,TT,-0.8381066300041047,-0.1701016637058008,200,200,0.05859665279900106,0.8436689365126304
2,AC,-0.18697801108259543,0.07203793041989298,200,200,0.004332947896039981,0.2200470905296157
2,CH,-1.4185822924203404,-0.4705573994564172,200,200,1.6419667260976354e-59,0.2721923989718749
2,CS,0.08745027423014914,0.1103307168136402,8.866826917822104e-5,200,8.127603748326095e-43,1.4190771597391758
2,TT,-0.7832253494816079,-0.15745855490079125,200,200,0.06554183987765654,0.8928544976325088
2.5,AC,-0.17432005998738453,0.07747939531688484,200,200,0.004856990061886017,0.23109164915043762
2.5,CH,-1.30917156550052,-0.4278131976339869,200,200,2.3219196104510883e-58,0.28562105050191533
2.5,CS,0.09334735705165281,0.11708441655319687,8.346303992108904e-5,200,5.192436997572279e-42,1.400108945265384
2.5,TT,-0.7284837096649882,-0.14408376017943827,200,200,0.07331453487099804,0.944909040891337
3,AC,-0.16100592562988006,0.08329147954419469,200,200,0.005444411755520882,0.24269055400158315
3,CH,-1.2019380451224266,-0.3845537936573043,200,200,3.2834469735026485e-57,0.2997122065052489
3,CS,0.09960644488650372,0.12420796989084869,7.859042770163162e-5,200,3.3172633421394604e-41,1.3813942710292422
3,TT,-0.6739087861783453,-0.1299594663321468,200,200,0.08201386069382965,1
3.5,AC,-0.14702333934967074,0.0894960371930503,200,200,0.006102878322988339,0.25487162871581337
3.5,CH,-1.0968817312860626,-0.34080006536491264,200,200,4.643151287097848e-56,0.31449855173627195
3.5,CS,0.10624580068718723,0.131717075230646,7.402866157782993e-5,15.441668836582641,2.119281579390811e-40,1.362929748063792
3.5,TT,-0.6195284657635591,-0.1150685269800528,200,200,0.09175087744923834,1.0644529713296262
4,AC,-0.1323606925311167,0.09611587315638423,200,200,0.006840982184610249,0.2676640934439816
4,CH,-0.9940026239914259,-0.2965743594580046,200,200,6.56592113375301e-55,0.3300143834564853
4,CS,0.11328412484836331,0.13962756358297554,6.975744191578652e-5,7.002136482750305,1.353933634297639e-39,1.3447120327009878
4,TT,-0.5653714641836334,-0.09939459318752435,200,200,0.10265002768093623,1.1330604131632493
4.5,AC,-0.11700712587313725,0.10317474402953802,0.6201806491026429,200,0.007668354958654848,0.2810986349487844
4.5,CH,-0.8933007232385187,-0.25190054935322953,200,200,9.28492691040672e-54,0.3462956909877665
4.5,CS,0.1207404936501148,0.1479553189393801,6.575784009305903e-5,4.3254169028471035,8.649800498003425e-39,1.3267378259662048
4.5,TT,-0.5114673444712645,-0.08292225627992988,200,200,0.11485075752417118,1.2060901301909257
5,AC,-0.10095262519463197,0.1106973523427791,0.20550112848893157,200,0.008595793145641208,0.29520748021664317
5,CH,-0.7947760290273389,-0.20680409489080312,200,200,1.3129896929224653e-52,0.3633802391904141
5,CS,0.1286342837730386,0.15671618507126317,6.201220523902295e-5,3.0216472815326325,5.526049930362587e-38,1.3090038729808402
5,TT,-0.4578465355288024,-0.06563720380263215,200,200,0.12850933527303746,1.2838271914595718
5.5,AC,-0.08418812416631866,0.11870933300770006,0.13123943802672974,200,0.009635399013351548,0.3100244737642994
5.5,CH,-0.6984285413578872,-0.16131210395119933,200,200,1.856710290081447e-51,0.38130765605959355
5.5,CS,0.1369850809391837,0.16592585709392496,6.149761355573458e-5,2.256240728732804,3.5303967808169734e-37,1.2915069623729012
5.5,TT,-0.40454035108588193,-0.047526389622590474,200,200,0.1438008915273038,1.3665750434169275
6,AC,-0.06670561438077761,0.1272372307206726,0.08805453333000253,200,0.010800738520979201,0.32558515882556555
6,CH,-0.604258260230165,-0.1154533960351198,200,200,2.6255903758247595e-50,0.4001195246433665
6,CS,0.14581257050092736,0.17559975595942817,6.229719324842451e-5,1.756740473250411,2.2554449538216632e-36,1.2742439256954683
6,TT,-0.35158100902110945,-0.028578219243696787,200,200,0.16092170805388933,1.4546566947190662
6.5,AC,-0.04849826319455066,0.1363084669124107,0.06432637503899345,200,0.012107018343186055,0.34192686261298555
6.5,CH,-0.5122651856441705,-0.06925856786290718,200,200,3.7128704776668205e-49,0.41985947949550906
6.5,CS,0.15513640754246932,0.18575288384604757,1.0427996281684633e-4,1.4660866950375646,1.440923571922816e-35,1.2572116368529362
6.5,TT,-0.29900165105428966,-0.00878275148133294,200,200,0.18009178583739696,1.5484159774287165
7,AC,-0.02956053979931209,0.14595129466180407,0.05309503130622442,200,0.013571284304080587,0.35908878585893084
7,CH,-0.4224493175999052,-0.022760061051068346,200,200,5.250402846864306e-48,0.4405733078868446
7,CS,0.16497606377305982,0.1963996581968095,9.851270210666486e-5,1.2867336201228101,9.205548273766364e-35,1.2404070115349186
7,TT,-0.2468363628158028,0.011868082279110504,200,200,0.20155772654624057,1.648218889530061
7.5,AC,-0.009888350003448731,0.15619473980281132,0.04685094390767263,200,0.015212643810508653,0.37711209685092484
7.5,CH,-0.33481065609736727,0.024007768074897785,200,200,7.424640913324784e-47,0.4623090560098514
7.5,CS,0.17535064817440174,0.20755372192301869,0,1.1378746539857743,5.88109742056341e-34,1.2238270066577253
7.5,TT,-0.19724815237231935,0.03338023993053485,200,200,0.22559596585714434,1.754455024003286
8,AC,0.010520819769066709,0.16706852624347693,0.04310365327483069,200,0.017052515187219456,0.39604003018676937
8,CH,-0.24934920113655845,0.07298341020873557,200,200,1.0499250114634294e-45,0.4851171404228909
8,CS,0.1862786980136672,0.2192277270286591,0,1.0127414386645477,3.7572239959593974e-33,1.2074686198132996
8,TT,-0.1485963044335395,0.058505911821826656,200,200,0.25251640181881135,1.867539090040282
8.5,AC,0.03166774872881658,0.1786029832840092,0.04080965150403293,200,0.019114907167515374,0.41591799048636785
8.5,CH,-0.16606495271747748,0.1300341870427418,7.334027597625388e-5,200,1.4847082068550154e-44,0.5090504649925525
8.5,CS,0.19777793644466934,0.23143308862592987,0,0.9064147333474705,2.4003567950521586e-32,1.191328888725526
8.5,TT,-0.10009212481177746,0.08685477613133544,99.82021371546986,200,0.2826664667602009,1.9879125323427957
9,AC,0.05355131765825284,0.19082893246407218,0.03807602531815114,200,0.021426732186497384,0.4367936613090316
9,CH,-0.08495791084012563,0.18594919281100522,7.75015178839822e-5,200,2.099538953196389e-43,0.5341645436053662
9,CS,0.20986499248901738,0.2441797059985074,0,0.815238290135926,1.5335025938696615e-31,1.175404890713802
9,TT,-0.05202801465626615,0.11566523188025701,96.76992714680586,200,0.3164356972330683,2.116045254827465
9.5,AC,0.07616833394480074,0.20543769015295987,0.034968107707112825,200,0.024018157565112525,0.45871711953754085
9.5,CH,-0.006028075504501347,0.2407284275135259,0,200,2.968976527264151e-42,0.5605176289335158
9.5,CS,0.22255507871224497,0.2574756470247495,0,0.7364273459459232,9.79700272164697e-31,1.1596937421637816
9.5,TT,-0.004146709976663167,0.1449256159129777,2.6430392306519073,200,0.3542608632042564,2.2524374554700053
10,AC,0.09951334508736165,0.22168400419350098,0.03287882939491632,200,0.026922999167652027,0.4817409555033478
10,CH,0.07072455328939399,0.29437189115030366,0,200,4.1984558590949696e-41,0.5881708475532262
10,CS,0.23586162138219754,0.27132679189510245,0,0.6678415495923755,6.25895663376465e-30,1.1441925980051935
10,TT,0.043501030308131544,0.17462169379214432,1.638137319357368,200,0.39663172527298546,2.3976215794549303
10.5,AC,0.12357844002128472,0.23871440486084858,0.03146743212800849,1.365151662699072,0.030179162669590715,0.5059203991410786
10.5,CH,0.14529997554156113,0.34704800160987725,0,0.6337056121459907,5.937073411965239e-40,0.6171883417292371
10.5,CS,0.24979583731316696,0.28573643164326024,0,0.607794222348126,3.9986248096867834e-29,1.1288986511966377
10.5,TT,0.09086207671940782,0.20489973069359624,1.1144867757207837,162.25354478354546,0.4440974971858953,2.5521643982593414
11,AC,0.1483530375727315,0.25654530666534875,0.030536793394485173,0.6985319859194407,0.033829138193932046,0.5313134524749568
11,CH,0.21769819125199993,0.4004428187333059,0,0.4017593833760077,8.39566780789328e-39,0.6476374181942336
11,CS,0.2643662509536454,0.3007048165557125,0,0.5549465554791306,2.554579190146197e-28,1.1138091322172696
11,TT,0.13602020058093975,0.23593641589178946,0.7645728042536772,6.67149038320691,0.49727410047466725,2.7166692227912472
11.5,AC,0.17382366131753305,0.2751914360228343,0.029967197967084875,0.574862211556669,0.03792055477063612,0.5579810287549584
11.5,CH,0.2879192004207104,0.4524954215159806,0,0.3044130902819403,1.187238779942313e-37,0.6795887042683317
11.5,CS,0.27957814456181124,0.31622864902544023,0,0.5082197740203158,1.632029797574126e-27,1.0989213085652787
11.5,TT,0.17581189601038344,0.26728226955749473,0.5436518267668543,3.063740840967185,0.5568523087791046,2.8917782592265064
12,AC,0.1999737000820495,0.2946655350878293,0.029679106765096903,0.5084358698862863,0.042506801854347666,0.5859870985764597
12,CH,0.3559630030476924,0.5032058099579019,0,0.251516463626759,1.6788848163736555e-36,0.7131163116807419
12,CS,0.2954329335240348,0.33230051486857126,0,0.4667493648724137,1.0426457987459809e-26,1.08423248426307
12,TT,0.21554199099012827,0.29890854423045254,0.4498358745151662,2.2516323777813945,0.623606891490444,3.0781751167459683
12.5,AC,0.22678315328411194,0.3149780348174921,0.029644020268027402,0.45760859349830246,0.047647726010693704,0.6153988433338938
12.5,CH,0.42182959913294604,0.5525739840590695,0,0.218789892827837,2.374125807099191e-35,0.7482980084735971
12.5,CS,0.31192745800015825,0.3489082465232881,0,0.42977609962341606,6.661093218141861e-26,1.0697399993690606
12.5,TT,0.2527376136001558,0.3307825467609416,0.4007803223681388,1.8476966717868306,0.6984068799217578,3.2765874769677006
13,AC,0.25422836027076406,0.3361366945988314,0.029761952259569274,0.4175692056080849,0.05341041186230591,0.6462868163765204
13,CH,0.48551898867647125,0.601775141667259,0,0.1968919680211456,3.357272216035053e-34,0.7852153993866824
13,CS,0.32905318111669934,0.36631470102776786,0,0.3967322778846465,4.255535572496501e-25,1.0554412294960005
13,TT,0.28805710193702383,0.36771352618874875,0.373224382748903,1.598833247557796,0.7822270944717908,3.487789935500897
13.5,AC,0.27615116336798073,0.3581462055616962,0.03006046861858716,0.3853090383635048,0.059870057485238964,0.678725112252894
13.5,CH,0.5470311716782683,0.6540033255127387,0,0.18156064243934836,4.7475482128441396e-33,0.8239541151414703
13.5,CS,0.34679528286622585,0.3844822299684148,0,0.36711359328273974,2.7187103401376607e-24,1.0413335853357335
13.5,TT,0.3234927916268781,0.4042323508577689,0.3581141980581586,1.433107169830986,0.8761610884060842,3.7126070267203866
14,AC,0.29863191483369134,0.38100775447444907,0.03054551997464016,0.35885033658954657,0.06711095567895264,0.7127915444500156
14,CH,0.6063661481383368,0.7044985228254865,0,0.17053336929490848,6.713549746019241e-32,0.8646040110635121
14,CS,0.3651316376978369,0.4031765594489466,0,0.3404949684048961,1.7368873524032824e-23,1.027414512190309
14,TT,0.3583137080256807,0.44020230107971997,0.35113276323717924,1.3173776698697937,0.9814356831717873,3.9519164435764544
14.5,AC,0.32222872957786963,0.4047185448769722,0.031165411331236383,0.3368448279674402,0.0752275939145838,0.7485678320535313
14.5,CH,0.6585123416509192,0.7532481568308004,0,0.1624458088478383,9.493689831382173e-31,0.907259375503894
14.5,CS,0.38403166248885023,0.42236330674084893,0,0.31655922486788673,1.1096355615382442e-22,1.0136814895093622
14.5,TT,0.3915400528393926,0.47793782929405654,0.3500662035803347,1.234286920907162,1.0994272918569148,4.206652465016553
15,AC,0.3469488482016714,0.4292712718455539,0.0319455729516728,0.3183543627936769,0.084325887314883885,0.7861397957767421
15,CH,0.7082232654362037,0.8002395925637774,0,0.15652576712616117,1.3425110414640392e-29,0.9520191485431947
15,CS,0.403455020159219,0.44199905787810667,0,0.2949214949751539,7.089066989442877e-22,1.0001320304336765
15,TT,0.4247222663890189,0.5148301166321119,0.3536318018073846,1.173894877797803,1.2316802518011019,4.47780960440655
15.5,AC,0.3727928655743008,0.4546535465049946,0.03283053906958961,0.30264772491301917,0.09452456075514554,0.825597563828661
15.5,CH,0.7561722051010672,0.845460136647317,0,0.1522489382923861,1.8984566890895147e-28,0.9989871514852362
15.5,CS,0.4233501626144694,0.4620301325162535,0,0.2753825875436509,4.528952795199024e-21,0.9867636813448495
15.5,TT,0.457782215457347,0.5511963949524117,0.3611030737285606,1.1301426862254997,1.3799274148010365,4.7664464932024675
16,AC,0.3997536439798785,0.48084726610360334,0.033858150760735034,0.2892496142156414,0.10595669812034286,0.8670357881149584
16,CH,0.8023591606455095,0.888897037069366,0,0.14922002171877113,2.684624326380457e-27,1.0482723276729413
16,CS,0.44365269496535426,0.48239120833808413,0,0.2577135754044426,2.893386880345029e-20,0.9735740214209749
16,TT,0.4906104435359666,0.5879985116020043,0.3720901719778993,1.099109348390936,1.5461132742098767,5.073690015042755
16.5,AC,0.4278151001756612,0.507827925145199,0.03507129394339398,0.27778894825506933,0.11877147893495316,0.9105538712904202
16.5,CH,0.8467841320695304,0.9305374829593995,0,0.147279888236038,3.7963509071414444e-26,1.0999889951848758
16.5,CS,0.4642835410567647,0.5036972057057891,0,0.2417215028562983,1.8484819820218166e-19,0.9605606621982677
16.5,TT,0.5230511653859593,0.6259639523209413,0.3863705829082419,1.0782222087968427,1.7324199429340938,5.400739706409354
17,AC,0.4569508537002099,0.5355638627272304,0.03640322118009971,0.26790027063722377,0.13313612502698072,0.9562562052075771
17,CH,0.8894471193731301,0.9703686043641433,0,0.1462009095267059,5.368453257512204e-25,1.154257111998613
17,CS,0.4851468882269939,0.5256482053980797,0,0.22724126204358155,1.1809294018267783e-18,0.9477212471385447
17,TT,0.5551079603755043,0.662846476810958,0.4038751864415352,1.0657155209173967,1.94129633536499,5.748872441047277
17.5,AC,0.4871227225991708,0.5640154408640606,0.037919972981621725,0.2594152893138203,0.14923808262846763,1.0042524213334993
17.5,CH,0.9297266745873053,1.008377472022522,0,0.14586077985876134,7.591577038855539e-24,1.2112025542359688
17.5,CS,0.5061278868917254,0.5477245772427259,0,0.21413091179064142,7.544537981233582e-18,0.9350534512024891
17.5,TT,0.5866779224449389,0.698547067445531,0.4246764673810885,1.0604411705220103,2.1754909501878332,6.119447416440934
18,AC,0.5182790514628294,0.5931341481775408,0.03959316909890077,0.2521422657216302,0.16728746838701966,1.0546576537354582
18,CH,0.9667352757658545,1.0445510971398462,0,0.14616938408252753,1.025962700619915e-22,1.2709574081355088
18,CS,0.5270900779837087,0.5697926760954547,0,0.2022491914482974,4.819937014204788e-17,0.9225549804286182
18,TT,0.6176509552040295,0.7329618721323088,0.44890604327961714,1.0614953530633089,2.4380887003994887,6.513911461825473
18.5,AC,0.5503528552848427,0.6228616229113909,0.041432100591199963,0.24591165642630133,0.18751981120668632,1.1075928152663128
18.5,CH,1.0020559325247276,1.0788764311612233,0,0.14706032793618257,1.375953221485545e-21,1.3336602764295593
18.5,CS,0.5478725184555635,0.5916956001661519,0,0.19157525340604684,3.0792863497656906e-16,0.9102235715178785
18.5,TT,0.6479093964796502,0.7659820032439582,0.47677238353789153,1.0683953202057543,2.732552292422662,6.933804688467617
19,AC,0.5832597611462355,0.6531285887695539,0.043481847184646594,0.24070873068636572,0.21019912569685187,1.1631848876121345
19,CH,1.035688644863925,1.111340365544197,0,0.14848875360609,1.8453373271489277e-20,1.399456599836373
19,CS,0.5682865719437223,0.6132502385053739,0,0.18190049677376993,1.967246542000236e-15,0.8980569914237946
19,TT,0.6773276258189629,0.7974933288031965,0.5085881296253907,1.0808172126111737,3.061139373940639,7.380766504287584
19.5,AC,0.6149803437909976,0.6838536965895141,0.04576594550714954,0.2363328509310386,0.2356213573349923,1.2215672258978447
19.5,CH,1.0676334127834466,1.1419297315306085,0,0.15041101306824553,2.474844200947948e-19,1.4684989944131581
19.5,CS,0.5881123282679495,0.6342439879004752,0,0.17320839187029083,1.2568038556421904e-14,0.8860530369480947
19.5,TT,0.7057716542365867,0.8273762556385902,0.544656587935889,1.0986138457770465,3.4285809108032357,7.856542016317095
20,AC,0.6471749476607606,0.7168535261377527,0.048245724853941706,0.23277289868318754,0.2641182442996984,1.2828798785815563
20,CH,1.0978902362832923,1.170631299917683,0,0.1528084135004708,3.319097125959444e-18,1.5409476055524676
20,CS,0.6070946116721806,0.6544311046133751,0,0.16543583593819375,8.029272883870628e-14,0.8742095343417423
20,TT,0.7330986954661832,0.8555055042177364,0.5841945591627754,1.1217891462178102,3.840364683033772,8.362988846003741
20.5,AC,0.6798877793670762,0.7514008158261596,0.05104318339964235,0.2299791658687593,0.2960616463675523,1.3472699234049843
20.5,CH,1.1264591153634622,1.197431780828331,0,0.15566519136506954,4.4513532315822494e-17,1.6169704794430513
20.5,CS,0.6249385335645684,0.6735286529307508,0,0.15853329392382537,5.129616905154883e-13,0.8625243389113011
20.5,TT,0.7591567179477312,0.8818604778695145,0.6188407025958855,1.150485723155941,4.2169307896386865,8.902084383984821
21,AC,0.7114917660879171,0.7859702194385284,0.054136472775304666,0.2279191980179086,0.3318683973622252,1.4148918202058145
21,CH,1.1533400500239566,1.2289002876811648,0,0.15897279818511306,5.969860127726751e-16,1.6967439528567845
21,CS,0.6413045409503666,0.6912120086998987,0,0.1524646596861649,3.277129819128304e-12,0.85099533463056
21,TT,0.7837839767515316,0.9093119038986853,0.6520192702074359,1.1849825700482142,4.597044639175849,9.484601067137135
21.5,AC,0.7412260175699108,0.8203554807300449,0.05757384069089513,0.22659798055876346,0.3720057444760685,1.485907781438355
21.5,CH,1.178533040264775,1.2592485177899615,0,0.1627398543844208,8.006381001570968e-15,1.7804530621657901
21.5,CS,0.65580290672967,0.7071098718577005,0,0.14720787902376048,2.0936416987840626e-11,0.8396204337573506
21.5,TT,0.8068085246085898,0.9349686667948538,0.6697141769933868,1.2257521522414263,4.900757521083077,10.134441781721238
22,AC,0.7704790372283065,0.8543208950145774,0.06138592884919592,0.22592079746885813,0.4169974454426493,1.5604881612912873
22,CH,1.2020380860859174,1.287716665822613,0,0.1669566490354114,1.0737627912687101e-13,1.8682919725384795
22,CS,0.6679876025083158,0.7209575052500005,0,0.14275647550791365,1.3375532263941117e-10,0.8283975764554864
22,TT,0.8280477011844574,0.9582455442108491,0.6904734832000293,1.2733697582627714,5.184185948841634,10.828943617878675
22.5,AC,0.799028275877324,0.8875982664636818,0.06564080490430194,0.22602140552607047,0.4674306031230698,1.6388118643359346
22.5,CH,1.2238551874873842,1.3142037560737132,0,0.17162996918626183,1.4400595371203828e-12,1.9604644283100439
22.5,CS,0.6773494884951388,0.7323294970632728,0,0.1391222815525661,8.545151897176747e-10,0.8173247304217549
22.5,TT,0.8473075996998065,0.9789079155877856,0.714069094749302,1.3283357224861594,5.480316889174723,11.57118539931448
23,AC,0.8266242067713149,0.9198835926612627,0.07042746088249355,0.2268665341985553,0.5239633266915215,1.7614784398790782
23,CH,1.2439843444691754,1.338605639894048,0,0.17671143070013096,1.931312471724873e-11,2.057184225572038
23,CS,0.6833087483784984,0.7401731422506282,0,0.1423199019731816,5.459193660851596e-9,0.8854475957746967
23,TT,0.8643825099659452,0.9967051810463705,0.7409253693227928,1.3919594974348457,5.794064595734962,12.36445884304498
23.5,AC,0.8529878359690674,0.9508334539020622,0.07573183272207269,0.2307576556430556,0.5873333193919336,1.938619525881859
23.5,CH,1.2624255570312903,1.3608149147136785,0,0.18233975317112525,2.5901483704615946e-10,2.1586757080772396
23.5,CS,0.6852064897303687,0.7437860684433355,0,0.16409661516706764,3.4876846877969336e-8,1.0251580096798543
23.5,TT,0.8790543368670718,1.011369806152541,0.7717895575262702,1.465431229951216,6.126516245174618,13.213243848677697
24,AC,0.8778080108402266,0.9814480680786004,0.08177939597174982,0.24416958123200433,0.6583675049285258,2.133574604744183
24,CH,1.2779707150763981,1.3807208412218868,0,0.18847451613622135,3.473735441170274e-9,2.2651742876100496
24,CS,0.6822954224126085,0.7428049106229798,0,0.19061227518575505,2.2281577165364206e-7,1.1869126414999895
24,TT,0.8910919932833221,1.0226163141390878,0.8072046421056541,1.550331145796196,6.478828206530524,14.12448231628894
24.5,AC,0.9007385115708145,1.0107982109165283,0.08863439948023479,0.26341052058314657,0.7379928181063542,2.3481351204995073
24.5,CH,1.2911578478212775,1.398209258665,0,0.19514034614625833,4.6587438977837346e-8,2.3769269900294363
24.5,CS,0.6737295185862706,0.7368014155515585,0,0.22336081623499005,1.423490726421384e-6,1.374189739777211
24.5,TT,0.9002507664094567,1.0301402228647272,0.8478607928326114,1.648768051392806,6.852230553459828,15.098754767001491
25,AC,0.9213949094469107,1.0378661972797945,0.0964522946358692,0.28494050188173586,0.8272483005303934,2.584272671723301
25,CH,1.301102947842861,1.4131624982223094,0,0.2023660041505596,6.247998753130525e-7,2.4941930282509936
25,CS,0.6585525481732368,0.7245585014431254,0,0.2645134955091868,9.094176023398917e-6,1.5910163687552026
25,TT,0.9046632056742776,1.0336169236578086,0.8946394172767445,1.7634831473764372,7.248031876172567,16.14043459121275
25.5,AC,0.9393511745437272,1.0609923986266598,0.10542958937770541,0.30910373089347165,0.9272986592015886,2.8441571285706972
25.5,CH,1.305738195506587,1.4254592944195155,0,0.24250906548266443,8.379402104007386e-6,3.1553556126393527
25.5,CS,0.6356853729047988,0.7050737520187874,0,0.3173490227126001,5.8099456504700524e-5,1.842055003304988
25.5,TT,0.9033332276505284,1.0327004990511923,0.9486763321160421,1.89799273884634,7.667624413232732,17.254199503073075
26,AC,0.9541360142167277,1.0803360760485183,0.1158190295395697,0.33631453022150337,1.039449464937851,3.130176571733539
26,CH,1.307660926924763,1.4349746945383037,0,0.3103309643097416,1.1237899108968752e-4,4.095790915387921
26,CS,0.6039118703206544,0.6772208506542572,7.304487469625317e-5,0.3870589146439406,3.711767660375666e-4,2.132703787237414
26,TT,0.896433428560657,1.0270224762674494,1.0114540840004904,2.057126189874977,8.112489524769892,18.445052777533242
26.5,AC,0.9652289224768222,1.1002298135513362,0.12795160762178084,0.36707531923388065,1.1651641889462723,3.5676274146043396
26.5,CH,1.3067961629938927,1.4415799659798367,1.3953905199205825e-4,0.3975362617696155,0.0015071525965195446,5.3165174649021765
26.5,CS,0.5618633461518947,0.6397358925967797,4.6375238529859056e-4,0.48237488959873015,0.0023713163587848712,2.4692126108808328
26.5,TT,0.8842521248976555,1.0161905131591826,1.0849401867449062,2.2474491669198455,8.5842035301077,19.718345973511152
27,AC,0.9720559189274414,1.115953407614839,0.1422695249753202,0.4020005615562778,1.3060832998591194,4.075340130641869
27,CH,1.3030675480197345,1.4537763947925189,0.001553835270896124,0.5097620271017944,0.02021293239216534,6.901074429462861
27,CS,0.508001279320698,0.5912022774803126,0.003314479950680556,0.6299963489193571,0.015149496918865944,2.87981093172797
27,TT,0.865116096972961,1.0112358780994752,1.1718003447980243,2.4781442754472884,9.0844439343799,21.55790398907935
27.5,AC,0.9739849544415551,1.1297751737937836,0.15938166870040457,0.4533806516264657,1.4640456704334448,4.655305963967093
27.5,CH,1.29639732865412,1.4690582977248798,0.0204423451980497,0.6543091161009169,0.27108246161253835,8.957899338314775
27.5,CS,0.44059822819502126,0.5300340407561931,0.024558667302882677,0.9116563981049276,0.09678474828737514,3.5958243212050087
27.5,TT,0.834533670706818,1.012146788176586,1.275739291044283,2.7626082749929055,9.614996070375836,23.758573086830587
28,AC,0.970320959155062,1.1416397952346518,0.1801271265180328,0.5154201048946728,1.641112573253265,5.317807329798078
28,CH,1.2867063325416308,1.4831995035014536,0.06984730862130692,0.8697251868271879,0.8288866775296975,11.62774889266424
28,CS,0.35771670961391155,0.4544574689728077,0.04156251942916361,1.4167801501199317,0.12172278668146475,4.489861610883988
28,TT,0.7969345723783294,1.0124774527335663,1.4020695350570964,3.1208328034993915,10.177760183643265,26.205670138419094
28.5,AC,0.9603005066427633,1.1486813624144725,0.20439128353715239,0.5898218162798228,1.8217067152258006,6.0745899444073705
28.5,CH,1.2739139466723957,1.49620001212224,0.07277342625635878,12.352460636183693,0.8543018966852353,155.22233345746767
28.5,CS,0.25718584340105877,0.37007048807033005,0.06605841784081938,8.646755701221164,0.1312743347014883,22.18058670313634
28.5,TT,0.7517987133931257,1.0104437700754332,1.5587112920148716,3.5842977899615573,10.774758990784228,28.923770967324373
29,AC,0.9430860663171545,1.1501871401162265,0.21676902836534612,0.6801738304493723,1.9115646915876046,6.939071068995704
29,CH,1.2579380954372315,1.5080598235872398,0.07603960185134977,175.7420342482758,0.8804963940970592,2195.012690004055
29,CS,0.1365755344493272,0.26951105580032114,0.1651402233346756,102.1873019759264,0.1415753896303338,131.79226133988317
29,TT,0.6978593431728727,1.005944731738623,1.752681101767914,4.205522178207122,11.408145742918466,31.94461416086812
29.5,AC,0.9177598141408494,1.145372685682134,0.23136348967636136,0.7915540527922077,2.005855025720477,7.926577388964928
29.5,CH,1.238695218381309,1.5187789378964525,0.0796954820123423,200,0.9074940638971457,31039.867794533813
29.5,CS,-0.0068320581890258525,0.15310428514471533,27.962108931103174,200,0.14688066463005997,783.0811863341766
29.5,TT,0.6235911827998147,0.9988759197130124,1.8900504644799236,5.079240499914434,12.080212828467095,35.303801575454415
30,AC,0.8509714486097808,1.1333756911069859,0.24874759204149566,0.9313886816748285,2.104796349249635,9.054616746034217
30,CH,1.216100247652469,1.528357355049878,0.08380191186556243,200,0.9353195328563441,438937.504593815
30,CS,-0.17607404062672594,0.023613579596960005,200,200,0.1416599161896903,4652.8994810180775
30,TT,0.5277535957516214,0.9891294016295876,2.048946765819101,6.395205288042675,12.793400951736903,39.055167104065276
30.5,AC,0.7391307012138926,1.113249341685147,0.26971872579198486,1.1601600840253223,2.2086180780803604,10.343188540832402
30.5,CH,1.1900665851402774,1.5367950750475161,0.08843413156779624,200,0.9639981828484566,6207053.915770038
30.5,CS,-0.37652289692039537,-0.12746849062632487,200,200,0.13662473481729562,27646.524981407838
30.5,TT,0.41364111367089923,0.9765936229312877,2.2347887663578447,9.329801166899696,13.550308926272525,43.496124368437776
31,AC,0.597322674811734,1.0938869638052875,0.29541937722401523,1.640882003451159,2.317560944346184,11.815138309201547
31,CH,1.1605060793018442,1.5440920978893675,0.09368615567344728,200,0.9935561740031111,87774496.16416088
31,CS,-0.61444701452091,-0.3027544880010355,200,200,0.1317685246890951,171697.61479595368
31,TT,0.28235504536713973,0.9611532959446178,2.4552079813702035,18.334525744315833,14.35370412460141,48.45615894944887
31.5,AC,0.4207668746630287,1.0863982812569697,0.327545216856587,2.7999345273690266,2.4318775545960873,13.496562758617896
31.5,CH,1.127329001670403,1.5502484235754317,0.09967687536755815,200,1.024020468568543,1241226881.77367
31.5,CS,-0.8905421617569443,-0.5051354051816465,200,200,0.1270849244242607,1082008.8414202381
31.5,TT,0.13234682862051927,0.9426892857674625,2.72141582504754,119.86349620188798,15.20653362883612,54.1164177275284
32,AC,0.20403607252720593,1.0745478089475675,0.368724925241415,9.500954138744964,2.5518329755149867,15.417272445761279
32,CH,1.0904440230425814,1.5552640521057088,0.10655872544457855,200,1.0554188555060549,17552298667.214077
32,CS,-1.2210179606155853,-0.7378083591112787,200,200,0.12256779875184136,6818633.6444037575
32,TT,-0.038048947600214496,0.9210784928863109,3.050821872896176,200,16.111936129632937,60.75097224582023
32.5,AC,-0.05902425190419086,1.0579700253381739,0.42320329871150597,200,2.6777053485356213,17.611320298203886
32.5,CH,1.0356778731634233,1.559138983480199,0.11453026331543048,200,1.0877799758385895,248208601527.26062
32.5,CS,-1.6028689962031302,-1.004306921941183,200,200,0.11821123047387985,42969856.61925594
32.5,TT,-0.23062263546293435,0.8961937324338485,3.472440292431659,200,17.07325462424843,68.20284611145996
33,AC,-0.37538601509703,1.03627728465895,0.49864598410636896,200,2.8097865347669435,20.11760535056258
33,CH,0.970831674450932,1.561873217698902,0.12385488050796661,200,1.121133348776536,3509939697368.246
33,CS,-2.0420043663798464,-1.308534332318636,200,200,0.11400951271419328,270788646.84199774
33,TT,-0.44729815405524304,0.8679036099955266,4.039787921092365,200,18.094049967900574,76.57318924894281
33.5,AC,-0.7529392729392306,1.009058666659644,0.6095461589712979,200,2.9483827917344145,22.980562398962213
33.5,CH,0.8990607332176924,1.5634667547618177,0.1348894297779193,200,1.1555093986446037,49634366429514.85
33.5,CS,-2.5454995106214215,-1.6547998526022518,200,200,0.10995714144266434,1706463484.5828326
33.5,TT,-0.6912494273739378,0.836072393871347,4.866302701975218,200,19.178115336343918,85.97572396033752
34,AC,-1.2006048191308338,0.975878771714979,0.7882611993984825,200,3.0938154835013663,26.250949800932826
34,CH,0.8200561708204724,1.5639195946689468,0.14812945999361019,200,1.1909394826343227,701883947666262.5
34,CS,-3.1212265343339562,-2.047858561516576,200,200,0.10604880826525023,10753839417.476442
34,TT,-0.976125630693881,0.8005966019334474,6.1791877112049844,200,20.329491661525218,96.53831392596533
34.5,AC,-1.72845999037384,0.9362764588406169,1.123463089530797,200,3.246421825817994,29.98674938791816
34.5,CH,0.7334987070657586,1.5632317374202884,0.16428340940418584,200,1.2274559194074903,9925402728594714
34.5,CS,-3.777939142173561,-2.4929548978353964,200,200,0.10227939347026462,67768846659.58208
34.5,TT,-1.2942472277557848,0.7716933900322419,8.853971364723431,200,21.55248410641462,108.40472974625717
35,AC,-2.3478791806387678,0.8897635240706538,1.3850030966806612,200,3.406555668025761,34.254194445256104
35,CH,0.6390583569781705,1.561403183015843,0.1844606855093571,200,1.2650920185766508,140355994252824100
35,CS,-4.525366303856535,-2.995870299070542,200,200,0.09864395932182354,427067617367.089
35,TT,-1.6484379150946256,0.7403474877598406,10.755950915063558,200,22.851679649626448,121.73663572938855
35.5,AC,-3.0716907338758035,0.8358233165385962,1.636570474193191,200,3.574588313530219,39.1289439850444
35.5,CH,0.536394119477359,1.5584339314556106,0.21016545849612195,200,1.3038821110895027,1984786477826676500
35.5,CS,-5.374315527323046,-3.5629753100426202,200,200,0.09513774359167015,2691306681368.9683
35.5,TT,-2.041728844011313,0.706512968190907,13.480076858019734,200,24.231965855272893,136.71582574435035
36,AC,-3.9143520698968826,0.773909289490156,1.9672850467227203,200,3.7509093807446883,44.69742413098208
36,CH,0.42515365776003833,1.5543239827395912,0.24417506560690466,200,1.3438615805449492,28067040410597642e3
36,CS,-6.336786700069125,-4.201286569841123,200,200,0.09175615332090518,16960151879076.713
36,TT,-2.4773726866061327,0.6701432927458087,17.53723604388511,200,25.69855090865518,153.54673946807836
36.5,AC,-4.892145103750754,0.7034434833379799,2.4187596190116354,200,3.935927706501064,51.05836039706329
36.5,CH,0.30497297117891525,1.5490733368677847,0.26816529317688437,200,1.385066895469357,396898490699468e6
36.5,CS,-7.426097553731572,-4.9185291222823055,200,200,0.08849475880345146,106879960486344.16
36.5,TT,-2.958858609422506,0.6311913042704113,20.9962251097723,200,27.256985003912185,172.45929430807197
37,AC,-6.023394246927606,0.6238149377452369,3.067696338598707,200,4.130072294022499,58.32452802642347
37,CH,0.17547605840526737,1.5426819938401912,0.2923567095226374,200,1.4275356425824666,5612576517331539e6
37,CS,-8.657021910390117,-5.723204534802815,200,200,0.085349287783371,673539130722947.25
37,TT,-3.4899282113551706,0.589609220044696,25.180868554993957,200,28.913183175641358,193.71207273487084
37.5,AC,-7.32870953157447,0.5343780295967734,4.072724942974794,200,4.333793307656032,66.62475142270168
37.5,CH,0.036274571656800425,1.5351499536568103,0.31977277464231846,200,1.4713065610832952,7936793890897921e7
37.5,CS,-10.045941982413552,-6.624665354067147,200,200,0.08231561985843362,4244527772565803
37.5,TT,-4.074592485930313,0.545348624719509,30.693368691406654,200,30.673449672806512,217.5959097752605
38,AC,-8.831257679247841,0.4344507335829909,5.823419377883975,200,4.547563116671657,76.10618812253053
38,CH,-0.11303253823282125,1.5264772163176425,0.3510211719333733,200,1.5164195779873133,11223490151461492e8
38,CS,-11.611016121970717,-7.633196473721966,200,200,0.07938978108260587,26748284086694144
38,TT,-4.717149871725487,0.498360463180752,38.350945689737046,200,32.54450397998008,244.43793106865232
38.5,AC,-10.557064246527741,0.3233128019825864,9.60187923626658,200,4.771877390548086,86.9369378024935
38.5,CH,-0.27285938613176197,1.5166637818226878,0.38686782680505816,200,1.562915844547123,15871236284013162e9
38.5,CS,-13.372363552599179,-8.760104041033623,200,200,0.07656793876038996,1.6856308638310442e+17
38.5,TT,-5.422205458576281,0.44859503334030953,50.134121335798575,200,34.53350859816294,274.6060982563183
39,AC,-12.53535032433716,0.20020386008551608,23.558443004665083,200,5.007256248284881,99.30902257653788
39,CH,-0.44363352654956995,1.505709650171946,0.42829166435700633,200,1.6108377737898625,22443655029195594e10
39,CS,-15.352267764610804,-10.01781258495591,200,200,0.07384639642619345,1062255582410691500
39,TT,-6.194691421327821,0.3960019788530105,73.51745844482602,200,36.648098705115984,308.514325646911
39.5,AC,-14.798907649665445,0.06432141354683733,200,200,5.254245464405823,113.4417914225689
39.5,CH,-0.6257963374385945,1.4936148213654168,0.4765637879313502,200,1.6602290792055794,3173777026915813e12
39.5,CS,-17.57540041986515,-11.419971108885283,200,200,0.07122158900215304,6694152003114836e3
39.5,TT,-7.039888757245766,0.34053028175890343,148.22720091114556,200,38.89641382335679,346.62824018435515
40,AC,-17.384516411580893,-0.08518123619483685,200,200,5.513417734449946,129.58580909648367
40,CH,-0.8198034141030929,1.4803792954031008,0.5333648188571531,200,1.71113481462186,4488066049614201e13
40,CS,-20.06906779092411,-12.981568957395664,200,200,0.06869007812806932,4218539472309516e4
40,TT,-7.963450407817973,0.28212825505013417,162.72569175254574,200,41.28713163275998,389.47166585120436
40.5,AC,-20.333410502360657,-0.24919717246388767,200,200,5.7853740028844864,148.02729848154968
40.5,CH,-1.0261249734677333,1.4660030722849977,0.5863832571065536,200,1.763601415301091,6346613733376778e14
40.5,CS,-22.863481956306867,-14.71906233806557,200,200,0.06624854765733508,26584510287715025e4
40.5,TT,-8.97142585057005,0.22074353516168854,183.30434845320312,200,43.82950407408925,437.63392390202904
41,AC,-23.691795484153022,-0.4286681440589127,200,200,6.070744856518822,169.09321513307887
41,CH,-1.2452462689632284,1.4504861520111074,0.6392044146068623,200,1.8176767402978402,8974802383790498e15
41,CS,-25.99205918913228,-16.650512457619474,200,200,0.06389379931295698,1675310120662947e6
41,TT,-10.070287251701258,0.15632307438527648,200,200,46.533395899824484,491.7780518840299
41.5,AC,-27.51142511722763,-0.6245869505053366,200,200,6.370191986650301,193.1570439867583
41.5,CH,-1.4776680162929743,1.4338285345814301,0.6981691151300888,200,1.8734101161149923,1269134710444017e17
41.5,CS,-29.491748212649693,-18.795736316544158,200,200,0.0616227484979803,10557516275530894e6
41.5,TT,-11.2669572758392,0.08881313320560857,200,200,49.40932583937358,552.6500574312263
42,AC,-31.850242933541526,-0.8379999364103846,200,200,6.6844097233322595,220.64542100248812
42,CH,-1.7239068303508833,1.4160302199959658,0.7642035940630021,200,1.9308523816984664,17946945730670677e17
42,CS,-33.40339125498326,-21.17647129870525,200,200,0.059432420254828526,6653165198094353e7
42,TT,-12.568838655030685,0.01815927255832199,200,200,52.384237638469116,621.0893375006655
42.5,AC,-36.773096045666364,-1.0700095996732137,200,200,7.01412664532173,252.0456971411446
42.5,CH,-1.9844956735670354,1.3970912082547142,0.8384162109994886,200,1.990055934811552,25378934041363634e18
42.5,CS,-37.772121118981296,-23.816554792915667,200,200,0.0573199453682648,4192710292640111e8
42.5,TT,-13.983845625250519,-0.055693653991196246,200,200,55.19153171663704,698.0404102643158
43,AC,-42.35252916339792,-1.321777318502675,200,200,7.360107269439864,287.9145787786333
43,CH,-2.2599843159643607,1.3770114993576756,0.9222045118586556,200,2.0510747798311746,35888574175334976e19
43,CS,-42.6477977937227,-26.74212019259625,200,200,0.05528255660687026,264217392393103e10
43,TT,-15.520437345241255,-0.13280150814885672,200,200,58.15063804186076,784.5661255155884
43.5,AC,-48.669667656674115,-1.5945262024029718,200,200,7.723153823262164,328.8879977461273
43.5,CH,-2.550939807216327,1.3557910933048503,1.01707173413703,200,2.1139645770096775,5075034886174895e21
43.5,CS,-48.085488474541194,-29.981810738375437,200,200,0.05331758509811594,16650525691116076e9
43.5,TT,-17.187653419415316,-0.21322087487354735,200,200,61.26983331055109,881.8625404619188
44,AC,-55.815199462715846,-1.8895440725037724,200,200,8.104108105248903,375.6923859858532
44,CH,-2.8579469610025003,1.3334299900962374,1.1250739936770129,200,2.1787826932470686,717665153540523e23
44,CS,-54.145995231189815,-33.56701279751826,200,200,0.051422456832279514,10492874949656549e10
44,TT,-18.99515165387998,-0.29700907044022573,200,200,64.55784871284422,991.2756714557241
44.5,AC,-63.890466697428344,-2.208186576836485,200,200,8.50385343662882,429.1575547147047
44.5,CH,-3.181608851965894,1.3099281897318376,1.2486917678940357,200,2.2455882544200354,10148566150932134e23
44.5,CS,-60.89643497205178,-37.532110314349346,200,200,0.04959468929062749,6612429346172187e11
44.5,TT,-20.95324818240934,-0.3842241505852003,200,200,68.02389504667278,1114.3203589049128
45,AC,-73.00867900699946,-2.551880446392643,200,200,8.923316709561929,490.23140643483777
45,CH,-3.5225473255832602,1.285285692211651,1.3910390490981213,200,2.314442199315467,14351176786519278e24
45,CS,-68.41087679944968,-41.91476231830497,200,200,0.047831888193445686,41670392592975984e11
45,TT,-23.07296010741092,-0.47492491873440074,200,200,71.67768922706385,1252.7015126838514
45.5,AC,-83.29626199734805,-2.922126898044187,200,200,9.363470536330535,559.9967406255811
45.5,CH,-3.881403521266898,1.2595024975356768,1.5560580974865843,200,2.3854073352176783,20294125504518973e25
45.5,CS,-76.77104234079506,-46.75620554196686,200,200,0.046131744363658286,2625996480186106e13
45.5,TT,-25.366050809644186,-0.569170934315419,200,200,75.52948226853209,1408.3380392679965
46,AC,-94.89435551996182,-3.3205051906592002,200,200,9.825335504541814,639.6904510705966
46,CH,-4.258838409024012,1.2325786057039159,1.7488476236380421,200,2.458548395200046,2869810163442754e27
46,CS,-86.06707517654426,-52.10158438153446,200,200,0.04449203070192685,16548578222688e16
46,TT,-27.845078089674637,-0.6670225211541411,200,200,79.59008882279949,1583.3897900270408
46.5,AC,-107.9604781874483,-3.7486763410106114,200,200,10.309982543571076,730.7254551763556
46.5,CH,-4.655533340007546,1.2045140167163677,1.976099749779038,200,2.533932097173307,405822383051954e29
46.5,CS,-96.39838607308518,-58.00031062791889,200,200,0.04291059926926688,10428629408254774e14
46.5,TT,-30.523445313817206,-0.7685407759567723,200,200,83.87091835868095,1780.2879131813256
47,AC,-122.67037625707785,-4.208387006350287,200,200,10.81853540773285,834.7157440744165
47,CH,-5.07219061130016,1.1753087305730328,2.2467703748501804,200,2.6116272047443942,5738770065138912e29
47,CS,-107.87458137154944,-64.5064556093357,200,200,0.04138537847336026,657194291081829e16
47,TT,-33.41545574767097,-0.8737875768780752,200,200,88.38400807584222,2001.7690404732596
47.5,AC,-139.22007697374298,-4.701473540806684,200,200,11.352173281937482,953.5049976294459
47.5,CH,-5.509534045281265,1.1449627472739106,2.5731186986782895,200,2.6917045899413177,8115245298413783e30
47.5,CS,-120.6164825873794,-71.67917761738735,200,200,0.03991437035487789,4141525403987164e16
47.5,TT,-36.53637027130622,-0.9828255921766504,200,200,93.14205764927648,2250.91379432759
48,AC,-157.82816862493476,-5.229866233061923,200,200,11.912133515875029,1089.1992716783777
48,CH,-5.968309583935202,1.1134760668190011,2.9723770601755577,200,2.7742372978613035,11475839858698519e31
48,CS,-134.75724604599745,-79.58318773974443,200,200,0.03849564797025764,26099180873339898e16
48,TT,-39.90246868177048,-1.0957182889580943,200,200,98.15846590677691,2531.1901629584254
48.5,AC,-178.73833195154768,-5.795593733073493,200,200,12.499714493066229,1244.2043370240979
48.5,CH,-6.4492858984671715,1.0808486892083047,3.469547224808948,200,2.8593006133011705,16228086227810626e32
48.5,CS,-150.44359222339514,-88.28925749536901,200,200,0.037127352867509233,1644725495595251e18
48.5,TT,-43.531114800869,-1.2125299420068711,200,200,103.44736954741632,2846.5023604145176
49,AC,-202.2221502038047,-6.400787675928083,200,200,13.116278641433011,1421.2683321796108
49,CH,-6.953255014602212,1.0470806144418214,4.102261475259054,200,2.9469721294307196,2294827967799157e34
49,CS,-167.83715538373465,-97.8747719646429,200,200,0.03580769265173951,10364777228025208e18
49,TT,-47.44082561919004,-1.333325642707755,200,200,109.0236840151033,3201.245866938113
49.5,AC,-228.58222805815547,-7.047687511250016,200,200,13.763255592369172,1623.5304860679719
49.5,CH,-7.481032953951307,1.0121718425195507,4.930202634354143,200,3.0373318185717726,3245136442994912e35
49.5,CS,-187.11596511659675,-108.42433242877108,200,200,0.034534938637209085,6531704364910442e19
49.5,TT,-51.65134472112454,-1.4581713080576963,200,200,114.90314664768297,3600.369433375383
50,AC,-258.1556528482703,-7.738645546935422,200,200,14.442145495636218,1854.5767744996117
50,CH,-8.033460391837874,0.9761223734414932,6.053303092619404,200,3.1304621051474357,45889760284529236e35
50,CS,-208.47607248254408,-120.03041288263898,200,200,0.03330742358284452,4116167764342649e20
50,TT,-56.183720250220276,-1.5871336897689785,200,200,121.10236222880785,4049.4449329906834
