umax_temp,ks_temp,Species,temp
0.03251202741734054,1.3142387999576453,AC,3
0.03306535164737166,1.3362829439424417,AC,3.1
0.033628083327347645,1.359049846746412,AC,3.2
0.034200382049255997,1.3825395083695557,AC,3.3
0.03478241009966567,1.4067519288118733,AC,3.4
0.035374332504754254,1.4316871080733644,AC,3.5
0.035976317076070234,1.4573450461540292,AC,3.6
0.0365885344570419,1.4837257430538677,AC,3.7
0.03721115817024424,1.5108291987728797,AC,3.8
0.03784436466543554,1.5386554133110657,AC,3.9
0.03848833336837561,1.567204386668425,AC,4
0.039143246730437425,1.596476118844958,AC,4.1
0.03980929027902454,1.626470609840665,AC,4.2
0.04048665266880625,1.6571878596555454,AC,4.3
0.04117552573378335,1.6886278682895997,AC,4.4
0.04187610454019663,1.7207906357428273,AC,4.5
0.042588587440291314,1.7536761620152284,AC,4.6
0.04331317612695004,1.7872844471068037,AC,4.7
0.04405007568920756,1.8216154910175524,AC,4.8
0.04479949466866042,1.856669293747475,AC,4.9
0.04556164511678503,1.8924458552965708,AC,5
0.0463367426531776,1.9289451756648401,AC,5.1
0.047125006524729784,1.9661672548522837,AC,5.2
0.04792665966575371,2.004112092858901,AC,5.300000000000001
0.048741928759070755,2.0427796896846915,AC,5.4
0.04957104429807792,2.0821700453296557,AC,5.5
0.05041424064980639,2.1222831597937932,AC,5.6
0.05127175611898685,2.163119033077105,AC,5.7
0.0521438330131359,2.2046776651795907,AC,5.800000000000001
0.053030717708678905,2.2469590561012494,AC,5.9
0.053932660718123936,2.289963205842082,AC,6
0.05484991675830205,2.333690114402088,AC,6.1
0.055782744819689284,2.378139781781268,AC,6.2
0.056731408236825875,2.423312207979622,AC,6.300000000000001
0.05769617475984814,2.469207392997149,AC,6.4
0.05867731662714917,2.5158253368338497,AC,6.5
0.0596751106391839,2.563166039489724,AC,6.6
0.0606898382334349,2.6112295009647726,AC,6.7
0.06172178556055509,2.6600157212589948,AC,6.800000000000001
0.06277124356170366,2.70952470037239,AC,6.9
0.0638385080470921,2.759756438304959,AC,7
0.06492387977575634,2.810710935056702,AC,7.1000000000000005
0.06602766453657267,2.8623881906276183,AC,7.2
0.06715017323053384,2.9147882050177083,AC,7.3
0.06829172195430246,2.967910978226972,AC,7.4
0.06945263208505935,3.02175651025541,AC,7.5
0.07063323036666376,3.076324801103021,AC,7.6000000000000005
0.07183384899714325,3.1316158507698058,AC,7.7
0.07305482571753057,3.187629659255764,AC,7.800000000000001
0.0742965039020655,3.244366226560896,AC,7.9
0.07555923264977961,3.3018255526852016,AC,8
0.07684336687748128,3.360007637628682,AC,8.100000000000001
0.07814926741415973,3.4189124813913336,AC,8.2
0.07947730109682602,3.478540083973161,AC,8.3
0.08082784086780871,3.538890445374161,AC,8.4
0.08220126587352336,3.599963565594335,AC,8.5
0.08359796156473376,3.6617594446336836,AC,8.600000000000001
0.0850183197983231,3.7242780824922033,AC,8.7
0.0864627389405945,3.7875194791698994,AC,8.8
0.08793162397211828,3.851483634666768,AC,8.9
0.08942538659414581,3.91617054898281,AC,9
0.09094444533660755,3.9815802221180268,AC,9.100000000000001
0.09248922566771463,4.047712654072415,AC,9.2
0.09406016010518263,4.114567844845979,AC,9.3
0.09565768832909542,4.182145794438716,AC,9.4
0.09728225729642938,4.250446502850626,AC,9.5
0.0989343213572549,4.319469970081711,AC,9.600000000000001
0.10061434237263492,4.389216196131968,AC,9.7
0.10232278983423906,4.4596851810014,AC,9.8
0.10406014098569094,4.530876924690005,AC,9.9
0.10582688094566876,4.602791427197784,AC,10
0.10762350283277575,4.675428688524738,AC,10.100000000000001
0.10945050789219991,4.748788708670862,AC,10.2
0.11130840562418151,4.822871487636163,AC,10.3
0.11319771391430433,4.897677025420636,AC,10.4
0.11511895916563142,4.973205322024283,AC,10.5
0.1170726764327006,5.049456377447105,AC,10.600000000000001
0.11905940955739817,5.1264301916890975,AC,10.7
0.12107971130672877,5.204126764750266,AC,10.8
0.12313414351249626,5.2825460966306075,AC,10.9
0.12522327721291535,5.361688187330123,AC,11
0.12734769279616762,5.441553036848812,AC,11.1
0.1295079801459198,5.522140645186676,AC,11.200000000000001
0.13170473878881941,5.603451012343712,AC,11.3
0.13393857804398349,5.6854841383199215,AC,11.4
0.1362101171744952,5.768240023115305,AC,11.5
0.13851998554092268,5.851718666729862,AC,11.6
0.14086882275687504,5.935920069163594,AC,11.700000000000001
0.1432572788466079,6.020844230416499,AC,11.8
0.14568601440469311,6.106491150488577,AC,11.9
0.14815570075776344,6.192860829379828,AC,12
0.15066702012834524,6.279953267090254,AC,12.1
0.1532206658007902,6.367768463619854,AC,12.200000000000001
0.15581734228931632,6.4563064189686274,AC,12.3
0.15845776550816817,6.545567133136574,AC,12.4
0.16114266294390533,6.635550606123694,AC,12.5
0.1638727738298275,6.726256837929989,AC,12.600000000000001
0.16664884932254256,6.817685828555455,AC,12.700000000000001
0.16947165268068615,6.909837578000097,AC,12.8
0.1723419594457948,7.0027120862639105,AC,12.9
0.17526055762534032,7.0963093533469,AC,13
0.1782282478779263,7.190629379249064,AC,13.100000000000001
0.18124584370064956,7.285672163970399,AC,13.200000000000001
0.18431417161862826,7.381437707510908,AC,13.3
0.18743407137669402,7.477926009870591,AC,13.4
0.19060639613324815,7.575137071049447,AC,13.5
0.1938320126562781,7.673070891047479,AC,13.600000000000001
0.19711180152152824,7.7717274698646825,AC,13.700000000000001
0.20044665731282107,7.871106807501061,AC,13.8
0.20383748882451727,7.971208903956612,AC,13.9
0.20728521926610757,8.072033759231337,AC,14
0.2107907864689239,8.173581373325236,AC,14.100000000000001
0.2143551430949547,8.27585174623831,AC,14.200000000000001
0.21797925684775155,8.378844877970554,AC,14.3
0.22166411068540587,8.482560768521974,AC,14.4
0.22541070303557795,8.586999417892567,AC,14.5
0.22922004801255527,8.692160826082336,AC,14.600000000000001
0.23309317563631382,8.798044993091276,AC,14.700000000000001
0.2370311320535576,8.90465191891939,AC,14.8
0.2410349797607023,9.011981603566678,AC,14.9
0.24510579782877331,9.12003404703314,AC,15
0.24924468213018036,9.228809249318777,AC,15.100000000000001
0.2534527455673287,9.338307210423585,AC,15.200000000000001
0.25773111830302764,9.448527930347568,AC,15.3
0.2620809479926453,9.559471409090724,AC,15.4
0.26650340001796535,9.671137646653053,AC,15.5
0.27099965772268875,9.783526643034557,AC,15.600000000000001
0.2755709226495251,9.896638398235234,AC,15.700000000000001
0.2802184147788123,10.010472912255086,AC,15.8
0.28494337276859816,10.12503018509411,AC,15.9
0.2897470541961146,10.240310216752308,AC,16
0.2946307358005702,10.35631300722968,AC,16.1
0.2995957137271805,10.473038556526229,AC,16.200000000000003
0.3046433037723533,10.590486864641944,AC,16.3
0.30977484162993757,10.708657931576836,AC,16.4
0.31499168313844095,10.827551757330903,AC,16.5
0.3202952045291149,10.947168341904145,AC,16.6
0.3256868026748015,11.067507685296562,AC,16.700000000000003
0.3311678953394265,11.188569787508145,AC,16.8
0.33673992142802095,11.310354648538905,AC,16.9
0.34240434123714236,11.432862268388842,AC,17
0.3481626367055622,11.556092647057952,AC,17.1
0.3540163116650815,11.680045784546236,AC,17.200000000000003
0.35996689209132116,11.804721680853689,AC,17.3
0.3660159263543327,11.930120335980314,AC,17.4
0.3721649854688632,12.056241749926121,AC,17.5
0.37841566334409993,12.183085922691099,AC,17.6
0.3847695770327132,12.31065285427525,AC,17.700000000000003
0.39122836697900365,12.438942544678573,AC,17.8
0.39779369726595,12.567954993901068,AC,17.9
0.4044672558609474,12.697690201942741,AC,18
0.41125075486000945,12.828148168803589,AC,18.1
0.4181459307302032,12.959328894483608,AC,18.200000000000003
0.4251545445500677,13.091232378982799,AC,18.3
0.4322783822477587,13.223858622301162,AC,18.4
0.43951925483664944,13.357207624438702,AC,18.5
0.4468789986481011,13.491279385395417,AC,18.6
0.4543594755611089,13.626073905171307,AC,18.700000000000003
0.46196257322851036,13.761591183766365,AC,18.8
0.4696902052994277,13.897831221180596,AC,18.9
0.47754431163760547,14.034794017414006,AC,19
0.4855268585352819,14.17247957246659,AC,19.1
0.49363983892222474,14.310887886338342,AC,19.2
0.5018852725695371,14.450018959029272,AC,19.3
0.5102652062878208,14.589872790539378,AC,19.400000000000002
0.5187817141192743,14.73044938086865,AC,19.5
0.5274368975232779,14.871748730017103,AC,19.6
0.5362328855549894,15.013770837984723,AC,19.7
0.5451718350364759,15.156515704771522,AC,19.8
0.5542559307198576,15.299983330377497,AC,19.900000000000002
0.5634873854419372,15.444173714802638,AC,20
0.5728684402697622,15.589086858046956,AC,20.1
0.5824013646365248,15.734722760110445,AC,20.2
0.5920884564672112,15.881081420993114,AC,20.3
0.60193204229335,16.028162840694954,AC,20.400000000000002
0.6119344773562108,16.175967019215964,AC,20.5
0.6220981456977601,16.324493956556154,AC,20.6
0.632425460238651,16.47374365271551,AC,20.7
0.6429188628425061,16.623716107694044,AC,20.8
0.6535808243657035,16.774411321491755,AC,20.900000000000002
0.6644138446918535,16.92582929410863,AC,21
0.6754204527501215,17.07797002554469,AC,21.1
0.6866032065164991,17.230833515799915,AC,21.2
0.6979646929971156,17.38441976487432,AC,21.3
0.7095075281926159,17.538728772767897,AC,21.400000000000002
0.721234357042607,17.693760539480643,AC,21.5
0.7331478533491341,17.849515065012568,AC,21.6
0.745250719678088,18.005992349363662,AC,21.7
0.7575456872374234,18.163192392533933,AC,21.8
0.7700355157309988,18.32111519452338,AC,21.900000000000002
0.7827229931868142,18.479760755331995,AC,22
0.7956109357583734,18.63912907495979,AC,22.1
0.8087021874978245,18.799220153406758,AC,22.200000000000003
0.8219996200995113,18.96003399067289,AC,22.3
0.835506132612482,19.121570586758207,AC,22.400000000000002
0.8492246511204518,19.283829941662688,AC,22.5
0.8631581283876737,19.44681205538635,AC,22.6
0.8773095434690685,19.610516927929183,AC,22.700000000000003
0.8916819012829448,19.77494455929119,AC,22.8
0.906278232144537,19.94009494947237,AC,22.900000000000002
0.9211015912585311,20.105968098472722,AC,23
0.9361550581686868,20.272564006292253,AC,23.1
0.9514417361625545,20.439882672930956,AC,23.200000000000003
0.9669647516292514,20.60792409838883,AC,23.3
0.9827272533681383,20.77668828266588,AC,23.400000000000002
0.9987324118461729,20.9461752257621,AC,23.5
1.0149834184016353,21.116384927677498,AC,23.6
1.0314834843917973,21.28731738841207,AC,23.700000000000003
1.0482358402820542,21.458972607965812,AC,23.8
1.0652437346739039,21.631350586338733,AC,23.900000000000002
1.082510433269065,21.804451323530817,AC,24
1.1000392177669396,21.978274819542083,AC,24.1
1.1178333846924757,22.152821074372522,AC,24.200000000000003
1.13589624415141,22.328090088022133,AC,24.3
1.1542311185097252,22.50408186049092,AC,24.400000000000002
1.1728413409940441,22.680796391778877,AC,24.5
1.1917302542095445,22.858233681886013,AC,24.6
1.2109012085718742,23.03639373081232,AC,24.700000000000003
1.2303575606493509,23.2152765385578,AC,24.8
1.2501026714116625,23.394882105122452,AC,24.900000000000002
1.2701399043810593,23.575210430506278,AC,25
1.2904726236819408,23.75626151470928,AC,25.1
1.3111041919845272,23.938035357731458,AC,25.200000000000003
1.3320379683381733,24.1205319595728,AC,25.3
1.3532773058897047,24.303751320233324,AC,25.400000000000002
1.374825549481954,24.487693439713016,AC,25.5
1.3966860331275208,24.67235831801189,AC,25.6
1.4188620773525684,24.857745955129936,AC,25.700000000000003
1.4413569864052738,25.043856351067145,AC,25.8
1.464174045323347,25.230689505823538,AC,25.900000000000002
1.4873165168547975,25.418245419399103,AC,26
1.5107876382259497,25.60652409179384,AC,26.1
1.5345906177504123,25.795525523007758,AC,26.200000000000003
1.5587286312725348,25.985249713040837,AC,26.3
1.5832048184385878,26.1756966618931,AC,26.400000000000002
1.6080222787886618,26.366866369564526,AC,26.5
1.6331840676620017,26.558758836055134,AC,26.6
1.6586931919082624,26.751374061364913,AC,26.700000000000003
1.684552605396787,26.944712045493866,AC,26.8
1.7107652043158343,27.138772788441997,AC,26.900000000000002
1.7373338222532464,27.33355629020929,AC,27
1.76426122504984,27.529062550795768,AC,27.1
1.7915501054163756,27.72529157020142,AC,27.200000000000003
1.819203077304686,27.92224334842624,AC,27.3
1.8472226700231433,28.119917885470233,AC,27.400000000000002
1.875611322086284,28.3183151813334,AC,27.5
1.9043713747880362,28.517435236015746,AC,27.6
1.933505065487567,28.717278049517265,AC,27.700000000000003
1.963014520596398,28.91784362183795,AC,27.8
1.9929017482549587,29.119131952977813,AC,27.900000000000002
2.0231686306863113,29.32114304293685,AC,28
2.0538169162143682,29.523876891715062,AC,28.1
2.0848482109333535,29.727333499312447,AC,28.200000000000003
2.116263970014854,29.931512865729,AC,28.3
2.1480654886382258,30.136414990964738,AC,28.400000000000002
2.180253892529616,30.342039875019637,AC,28.5
2.2128301280942804,30.54838751789372,AC,28.6
2.2457949521263645,30.755457919586977,AC,28.700000000000003
2.279148921079609,30.963251080099397,AC,28.8
2.3128923798819523,31.171766999431004,AC,28.900000000000002
2.3470254502762327,31.38100567758177,AC,29
2.3815480186686555,31.59096711455172,AC,29.1
2.416459723465867,31.801651310340848,AC,29.200000000000003
2.451759941880887,32.01305826494913,AC,29.3
2.487447776187323,32.2251879783766,AC,29.400000000000002
2.5235220394005524,32.43804045062324,AC,29.5
2.5599812403637676,32.65161568168906,AC,29.6
2.596823568215923,32.86591367157405,AC,29.700000000000003
2.63404687621782,33.08093442027821,AC,29.8
2.671648664911623,33.296677927801554,AC,29.900000000000002
2.7096260645881665,33.51314419414406,AC,30
2.747975817035559,33.73033321930575,AC,30.1
2.7866942565414496,33.94824500328661,AC,30.200000000000003
2.8257772901204348,34.16687954608663,AC,30.3
2.865220376936924,34.38623684770584,AC,30.400000000000002
2.905018506892715,34.606316908144215,AC,30.5
2.9451661783473697,34.82711972740177,AC,30.6
2.98565737493835,35.048645305478495,AC,30.700000000000003
3.0264855414665144,35.270893642374396,AC,30.8
3.067643558811472,35.49386473808947,AC,30.900000000000002
3.109123717839787,35.71755859262371,AC,31
3.1509176922678304,35.94197520597713,AC,31.1
3.1930165104394805,36.16711457814973,AC,31.200000000000003
3.235410525977552,36.39297670914149,AC,31.3
3.278089387266209,36.61956159895244,AC,31.400000000000002
3.321042005720037,36.84686924758255,AC,31.5
3.364256522793883,37.07489965503184,AC,31.6
3.40772027568574,37.30365282130031,AC,31.700000000000003
3.451419761683334,37.53312874638794,AC,31.8
3.495340601103121,37.76332743029475,AC,31.900000000000002
3.539467498768525,37.99424887302073,AC,32
3.5837842039723777,38.22589307456589,AC,32.1
3.6282734688663023,38.45826003493022,AC,32.2
3.6729170052178524,38.691349754113716,AC,32.3
3.7176954394739123,38.92516223211641,AC,32.400000000000006
3.76258826606656,39.159697468938255,AC,32.5
3.807573798895399,39.394955464579276,AC,32.6
3.8526291209177455,39.630936219039484,AC,32.7
3.897730031775578,39.86763973231884,AC,32.8
3.9428509933856466,40.10506600441741,AC,32.900000000000006
3.9879650734161274,40.34321503533511,AC,33
4.033043886570863,40.58208682507201,AC,33.1
4.0780575335986615,40.82168137362808,AC,33.2
4.122974537942738,41.06199868100331,AC,33.3
4.167761779941815,41.303038747197746,AC,33.400000000000006
4.212384428491206,41.54480157221132,AC,33.5
4.256805870069082,41.78728715604408,AC,33.6
4.300987635029171,42.03049549869603,AC,33.7
4.344889321057973,42.27442660016712,AC,33.8
4.388468513690511,42.519080460457424,AC,33.900000000000006
4.431680703774719,42.76445707956687,AC,34
4.474479201770861,43.010556457495504,AC,34.1
4.51681504876766,43.257378594243306,AC,34.2
4.558636924092964,43.50492348981027,AC,34.3
4.599891049391958,43.75319114419644,AC,34.400000000000006
4.640521089041314,44.002181557401755,AC,34.5
4.680468046762972,44.251894729426255,AC,34.6
4.719670158296063,44.50233066026993,AC,34.7
4.758062779980262,44.75348934993276,AC,34.8
4.7955782730987195,45.0053707984148,AC,34.900000000000006
4.832145883822655,45.257975005715984,AC,35
4.8676916185946,45.511301971836346,AC,35.1
4.902138114780378,45.765351696775895,AC,35.2
4.935404506414528,46.020124180534616,AC,35.300000000000004
4.967406284856905,46.27561942311249,AC,35.4
4.998055154171539,46.531837424509554,AC,35.5
5.0272588810322585,46.78877818472579,AC,35.6
5.05492113895181,47.046441703761204,AC,35.7
5.080941346624323,47.30482798161579,AC,35.800000000000004
5.105214500162829,47.56393701828953,AC,35.9
5.127630999005773,47.823768813782465,AC,36
5.148076465257985,48.084323368094566,AC,36.1
5.166431556223113,48.345600681225854,AC,36.2
5.182571769875493,48.60760075317631,AC,36.300000000000004
5.196367243010259,48.87032358394591,AC,36.4
5.207682541800769,49.133769173534716,AC,36.5
5.216376444482709,49.397937521942694,AC,36.6
5.2223017158737255,49.66282862916984,AC,36.7
5.225304873426842,49.92844249521616,AC,36.800000000000004
5.225225944504875,50.19477912008164,AC,36.9
5.221898214551551,50.46183850376631,AC,37
5.2151479658230775,50.729620646270156,AC,37.1
5.204794206331741,50.99812554759317,AC,37.2
5.1906483886401915,51.26735320773537,AC,37.300000000000004
5.172514118131913,51.53730362669671,AC,37.4
5.150186850369421,51.80797680447725,AC,37.5
5.123453577138091,52.07937274107696,AC,37.6
5.092092500757837,52.35149143649584,AC,37.7
5.055872696230543,52.6243328907339,AC,37.800000000000004
5.014553760774565,52.89789710379112,AC,37.9
4.967885450281589,53.17218407566752,AC,38
0.049911444936748976,0.06937250049914796,CH,3
0.05063378366466732,0.07407441442186799,CH,3.1
0.05136657637239956,0.07893048945680836,CH,3.2
0.05210997435419271,0.08394072560396902,CH,3.3
0.052864131093885706,0.08910512286335004,CH,3.4
0.053629202296597976,0.09442368123495139,CH,3.5
0.054405345920876785,0.09989640071877307,CH,3.6
0.055192722211309685,0.10552328131481507,CH,3.7
0.0559914937316091,0.11130432302307738,CH,3.8
0.05680182539817562,0.11723952584356004,CH,3.9
0.057623884514147,0.12332888977626304,CH,4
0.058457840803940064,0.12957241482118634,CH,4.1
0.059303866448292455,0.13597010097833,CH,4.2
0.06016213611981138,0.14252194824769396,CH,4.3
0.06103282701903714,0.1492279566292783,CH,4.4
0.06191611891102826,0.1560881261230829,CH,4.5
0.06281219416247631,0.16310245672910784,CH,4.6
0.0637212377793578,0.1702709484473532,CH,4.7
0.06464343744513092,0.17759360127781876,CH,4.8
0.06557898355948524,0.18507041522050477,CH,4.9
0.06652806927765202,0.192701390275411,CH,5
0.06749089055028362,0.2004865264425376,CH,5.1
0.0684676461639099,0.20842582372188456,CH,5.2
0.06945853778198019,0.21651928211345184,CH,5.300000000000001
0.07046376998649932,0.22476690161723942,CH,5.4
0.07148355032026607,0.2331686822332473,CH,5.5
0.072518089329723,0.2417246239614755,CH,5.6
0.07356760060842638,0.25043472680192413,CH,5.7
0.07463230084114533,0.2592989907545931,CH,5.800000000000001
0.07571240984859903,0.26831741581948226,CH,5.9
0.07680815063284152,0.27749000199659185,CH,6
0.07791974942330324,0.28681674928592166,CH,6.1
0.07904743572349898,0.29629765768747196,CH,6.2
0.08019144235841165,0.3059327272012426,CH,6.300000000000001
0.08135200552256205,0.31572195782723345,CH,6.4
0.08252936482877414,0.3256653495654446,CH,6.5
0.08372376335764607,0.3357629024158761,CH,6.6
0.08493544770773731,0.346014616378528,CH,6.7
0.08616466804648189,0.35642049145340027,CH,6.800000000000001
0.08741167816183873,0.36698052764049277,CH,6.9
0.08867673551468927,0.37769472493980555,CH,7
0.0899601012919936,0.3885630833513388,CH,7.1000000000000005
0.09126204046071557,0.39958560287509226,CH,7.2
0.09258282182252879,0.4107622835110661,CH,7.3
0.09392271806931402,0.4220931252592603,CH,7.4
0.09528200583945967,0.4335781281196747,CH,7.5
0.09666096577497756,0.4452172920923096,CH,7.6000000000000005
0.09805988257944472,0.4570106171771648,CH,7.7
0.0994790450767842,0.46895810337424026,CH,7.800000000000001
0.10091874627089625,0.481059750683536,CH,7.9
0.10237928340615278,0.49331555910505215,CH,8
0.10386095802876709,0.5057255286387888,CH,8.100000000000001
0.10536407604905186,0.5182896592847454,CH,8.2
0.10688894780457837,0.5310079510429226,CH,8.3
0.10843588812424924,0.54388040391332,CH,8.4
0.1100052163932991,0.5569070178959378,CH,8.5
0.1115972566192356,0.570087792990776,CH,8.600000000000001
0.11321233749873466,0.5834227291978342,CH,8.7
0.1148507924855044,0.5969118265171132,CH,8.8
0.11651295985913035,0.6105550849486122,CH,8.9
0.11819918279491795,0.6243525044923316,CH,9
0.11990980943474512,0.6383040851482716,CH,9.100000000000001
0.12164519295894058,0.6524098269164313,CH,9.2
0.12340569165920254,0.6666697297968119,CH,9.3
0.12519166901257223,0.6810837937894128,CH,9.4
0.12700349375647846,0.6956520188942337,CH,9.5
0.12884153996486813,0.7103744051112753,CH,9.600000000000001
0.13070618712543822,0.7252509524405367,CH,9.7
0.13259782021798636,0.7402816608820191,CH,9.8
0.13451682979389396,0.7554665304357213,CH,9.9
0.13646361205676102,0.770805561101644,CH,10
0.13843856894420722,0.7862987528797872,CH,10.100000000000001
0.14044210821085676,0.8019461057701504,CH,10.2
0.1424746435125248,0.8177476197727342,CH,10.3
0.1445365944916214,0.8337032948875382,CH,10.4
0.14662838686379245,0.8498131311145625,CH,10.5
0.14875045250581373,0.8660771284538074,CH,10.600000000000001
0.1509032295447572,0.882495286905272,CH,10.7
0.15308716244844825,0.8990676064689577,CH,10.8
0.15530270211723118,0.9157940871448632,CH,10.9
0.1575503059770634,0.9326747289329892,CH,11
0.15983043807395703,0.9497095318333355,CH,11.1
0.16214356916978648,0.9668984958459024,CH,11.200000000000001
0.16449017683948366,0.9842416209706893,CH,11.3
0.166870745569639,1.0017389072076965,CH,11.4
0.16928576685852997,1.019390354556924,CH,11.5
0.17173573931759692,1.0371959630183722,CH,11.6
0.17422116877438779,1.0551557325920407,CH,11.700000000000001
0.17674256837699237,1.073269663277929,CH,11.8
0.1793004586999883,1.0915377550760381,CH,11.9
0.18189536785192043,1.1099600079863674,CH,12
0.18452783158433492,1.128536422008917,CH,12.1
0.1871983934023924,1.147266997143687,CH,12.200000000000001
0.18990760467708107,1.1661517333906772,CH,12.3
0.1926560247590543,1.1851906307498878,CH,12.4
0.19544422109411563,1.2043836892213187,CH,12.5
0.19827276934037508,1.2237309088049704,CH,12.600000000000001
0.20114225348710077,1.2432322895008416,CH,12.700000000000001
0.20405326597529108,1.2628878313089338,CH,12.8
0.20700640781999152,1.2826975342292457,CH,12.9
0.21000228873438165,1.3026613982617783,CH,13
0.2130415272556581,1.3227794234065315,CH,13.100000000000001
0.21612475087273927,1.3430516096635048,CH,13.200000000000001
0.2192525961558186,1.3634779570326983,CH,13.3
0.22242570888779198,1.384058465514112,CH,13.4
0.22564474419758818,1.404793135107746,CH,13.5
0.2289103666954282,1.425681965813601,CH,13.600000000000001
0.23222325061004215,1.4467249576316759,CH,13.700000000000001
0.23558407992787286,1.467922110561971,CH,13.8
0.238993548534293,1.4892734246044863,CH,13.9
0.24245236035686638,1.5107788997592222,CH,14
0.2459612295106832,1.5324385360261787,CH,14.100000000000001
0.24952088044579693,1.5542523334053553,CH,14.200000000000001
0.25313204809679746,1.5762202918967518,CH,14.3
0.2567954780345466,1.598342411500369,CH,14.4
0.2605119266201111,1.6206186922162065,CH,14.5
0.2642821611609223,1.6430491340442648,CH,14.600000000000001
0.26810696006919704,1.6656337369845426,CH,14.700000000000001
0.2719871130226501,1.6883725010370412,CH,14.8
0.2759234211275335,1.71126542620176,CH,14.9
0.2799166970840343,1.7343125124786989,CH,15
0.28396776535406776,1.7575137598678587,CH,15.100000000000001
0.28807746233149684,1.7808691683692384,CH,15.200000000000001
0.2922466365148166,1.8043787379828387,CH,15.3
0.2964761486823374,1.8280424687086592,CH,15.4
0.3007668720699036,1.8518603605466997,CH,15.5
0.3051196925511835,1.875832413496961,CH,15.600000000000001
0.30953550882056935,1.8999586275594424,CH,15.700000000000001
0.31401523257872455,1.924239002734144,CH,15.8
0.31855978872081464,1.948673539021066,CH,15.9
0.3231701155274647,1.9732622364202086,CH,16
0.32784716485847815,1.9980050949315717,CH,16.1
0.33259190234936065,2.0229021145551553,CH,16.200000000000003
0.33740530761068743,2.047953295290958,CH,16.3
0.34228837443035687,2.0731586371389814,CH,16.4
0.34724211097876956,2.098518140099226,CH,16.5
0.35226754001697824,2.1240318041716906,CH,16.6
0.3573656991078491,2.1496996293563755,CH,16.700000000000003
0.3625376408302803,2.17552161565328,CH,16.8
0.36778443299652025,2.201497763062405,CH,16.9
0.3731071588726302,2.227628071583751,CH,17
0.3785069174021381,2.2539125412173173,CH,17.1
0.38398482343292967,2.280351171963104,CH,17.200000000000003
0.38954200794742255,2.3069439638211104,CH,17.3
0.3951796182960719,2.333690916791337,CH,17.4
0.40089881843425557,2.360592030873785,CH,17.5
0.40670078916258645,2.3876473060684527,CH,17.6
0.41258672837070415,2.414856742375341,CH,17.700000000000003
0.4185578512845941,2.442220339794449,CH,17.8
0.4246153907174867,2.4697380983257773,CH,17.9
0.43076059732438693,2.4974100179693264,CH,18
0.4369947398602866,2.5252360987250966,CH,18.1
0.4433191054421162,2.5532163405930866,CH,18.200000000000003
0.44973499981448534,2.581350743573296,CH,18.3
0.456243747619271,2.6096393076657254,CH,18.4
0.4628466926691054,2.6380820328703765,CH,18.5
0.4695451982248233,2.6666789191872478,CH,18.6
0.4763406472769241,2.6954299666163397,CH,18.700000000000003
0.48323444283110734,2.724335175157651,CH,18.8
0.4902280081979409,2.753394544811182,CH,18.9
0.49732278728672097,2.7826080755769347,CH,19
0.5045202449035842,2.811975767454908,CH,19.1
0.5118218670539345,2.8414976204451,CH,19.2
0.5192291612492491,2.871173634547514,CH,19.3
0.5267436568183184,2.9010038097621478,CH,19.400000000000002
0.5343669052229962,2.930988146089001,CH,19.5
0.5421004803785163,2.9611266435280763,CH,19.6
0.549945978978443,2.99141930207937,CH,19.7
0.557905020824327,3.0218661217428853,CH,19.8
0.5659792491601267,3.052467102518621,CH,19.900000000000002
0.5741703310114714,3.083222244406576,CH,20
0.5824799575298314,3.1141315474067524,CH,20.1
0.5909098443416636,3.145195011519148,CH,20.2
0.599461731902611,3.176412636743765,CH,20.3
0.6081373858568181,3.2077844230806023,CH,20.400000000000002
0.6169385974014423,3.2393103705296586,CH,20.5
0.6258671836564315,3.270990479090937,CH,20.6
0.6349249880396359,3.3028247487644338,CH,20.7
0.6441138806473404,3.334813179550153,CH,20.8
0.653435758640268,3.366955771448092,CH,20.900000000000002
0.6628925466351508,3.39925252445825,CH,21
0.672486197101918,3.4317034385806293,CH,21.1
0.6822186907665762,3.4643085138152285,CH,21.2
0.6920920370198465,3.497067750162049,CH,21.3
0.7021082743316089,3.5299811476210894,CH,21.400000000000002
0.7122694706712063,3.5630487061923493,CH,21.5
0.7225777239336458,3.5962704258758307,CH,21.6
0.7330351623717117,3.6296463066715314,CH,21.7
0.7436439450339962,3.663176348579453,CH,21.8
0.7544062622088069,3.6968605515995954,CH,21.900000000000002
0.7653243358738845,3.7306989157319568,CH,22
0.7764004201518004,3.76469144097654,CH,22.1
0.7876368017708167,3.7988381273333434,CH,22.200000000000003
0.7990358005309199,3.8331389748023654,CH,22.3
0.8105997697745632,3.8675939833836095,CH,22.400000000000002
0.8223310968614861,3.9022031530770724,CH,22.5
0.834232203646732,3.9369664838827574,CH,22.6
0.8463055469606171,3.9718839758006617,CH,22.700000000000003
0.8585536190889751,4.006955628830786,CH,22.8
0.8709789482513587,4.042181442973132,CH,22.900000000000002
0.8835840990740488,4.077561418227696,CH,23
0.8963716730536075,4.113095554594483,CH,23.1
0.9093443090051708,4.14878385207349,CH,23.200000000000003
0.9225046834876527,4.184626310664715,CH,23.3
0.9358555111952749,4.220622930368163,CH,23.400000000000002
0.949399545301109,4.256773711183829,CH,23.5
0.9631395777333562,4.293078653111716,CH,23.6
0.9770784393583227,4.329537756151826,CH,23.700000000000003
0.9912190000350217,4.3661510203041525,CH,23.8
1.0055641684941086,4.402918445568702,CH,23.900000000000002
1.0201168919774148,4.43984003194547,CH,24
1.0348801555522424,4.476915779434459,CH,24.1
1.049856980984719,4.5141456880356685,CH,24.200000000000003
1.0650504250164174,4.551529757749098,CH,24.3
1.0804635768343416,4.589067988574748,CH,24.400000000000002
1.0960995544515615,4.626760380512618,CH,24.5
1.1119614996177478,4.664606933562709,CH,24.6
1.1280525707467446,4.702607647725021,CH,24.700000000000003
1.1443759331704975,4.740762522999551,CH,24.8
1.1609347457891048,4.779071559386304,CH,24.900000000000002
1.1777321428641776,4.817534756885275,CH,25
1.1947712092682936,4.856152115496468,CH,25.1
1.2120549469182396,4.8949236352198815,CH,25.200000000000003
1.2295862293318613,4.933849316055513,CH,25.3
1.2473677401872312,4.9729291580033665,CH,25.400000000000002
1.2654018903338307,5.01216316106344,CH,25.5
1.2836907057809976,5.051551325235735,CH,25.6
1.3022356765971037,5.091093650520249,CH,25.700000000000003
1.3210375531626117,5.130790136916983,CH,25.8
1.3400960715195662,5.170640784425938,CH,25.900000000000002
1.3594095832297084,5.210645593047113,CH,26
1.3789745566281808,5.250804562780509,CH,26.1
1.3987849048785426,5.291117693626126,CH,26.200000000000003
1.418831080772873,5.331584985583961,CH,26.3
1.4390988573976458,5.372206438654019,CH,26.400000000000002
1.4595676857431061,5.412982052836295,CH,26.5
1.4802084825677793,5.453911828130793,CH,26.6
1.5009806509690793,5.494995764537511,CH,26.700000000000003
1.5218280676157858,5.536233862056448,CH,26.8
1.542673678353827,5.577626120687607,CH,26.900000000000002
1.5634122196691358,5.619172540430984,CH,27
1.5839004161908,5.660873121286584,CH,27.1
1.6039437791098476,5.702727863254404,CH,27.200000000000003
1.623278826961287,5.744736766334443,CH,27.3
1.6415491415832628,5.786899830526703,CH,27.400000000000002
1.6582731217498166,5.829217055831182,CH,27.5
1.6728005558476045,5.871688442247884,CH,27.6
1.6842541368736648,5.914313989776805,CH,27.700000000000003
1.6914506988741467,5.957093698417945,CH,27.8
1.6927951437336488,6.000027568171308,CH,27.900000000000002
1.6861375893692674,6.043115599036889,CH,28
1.6685809872621555,6.086357791014692,CH,28.1
1.6362220357975163,6.129754144104715,CH,28.200000000000003
1.5838022613903948,6.173304658306956,CH,28.3
1.5042381203084718,6.217009333621421,CH,28.400000000000002
1.387988174625599,6.260868170048103,CH,28.5
1.2222008518123617,6.304881167587007,CH,28.6
0.9895667107977648,6.349048326238132,CH,28.700000000000003
0.666772759473149,6.393369646001476,CH,28.8
0.22242084487924396,6.437845126877042,CH,28.900000000000002
-0.38577570338186407,6.482474768864826,CH,29
-1.214767424238293,6.527258571964832,CH,29.1
-2.3412530856406653,6.572196536177059,CH,29.200000000000003
-3.8685269208761803,6.617288661501504,CH,29.3
-5.935699974006441,6.662534947938171,CH,29.400000000000002
-8.730118717655968,6.707935395487056,CH,29.5
-12.504089517736912,6.753490004148165,CH,29.6
-17.59740189031944,6.799198773921493,CH,29.700000000000003
-24.467661137442803,6.84506170480704,CH,29.8
-33.7311380695698,6.891078796804808,CH,29.900000000000002
-46.21778235259679,6.9372500499147955,CH,30
-63.0453103635753,6.983575464137005,CH,30.1
-85.71898116608122,7.030055039471435,CH,30.200000000000003
-116.26596732108949,7.076688775918083,CH,30.3
-157.4163154311537,7.1234766734769535,CH,30.400000000000002
-212.84665024782777,7.170418732148043,CH,30.5
-287.5083771105634,7.217514951931355,CH,30.6
-388.06968040950335,7.264765332826886,CH,30.700000000000003
-523.5107740099206,7.312169874834637,CH,30.8
-705.9255399400063,7.359728577954608,CH,30.900000000000002
-951.6011153332041,7.407441442186799,CH,31
-1282.471799261499,7.455308467531211,CH,31.1
-1728.0770655608942,7.503329653987844,CH,31.200000000000003
-2328.1984678500517,7.551505001556697,CH,31.3
-3136.410825705201,7.59983451023777,CH,31.400000000000002
-4224.864696215997,7.648318180031063,CH,31.5
-5690.727048470498,7.696956010936576,CH,31.6
-7664.855081543183,7.745748002954312,CH,31.700000000000003
-10323.477472891227,7.794694156084264,CH,31.8
-13903.925808768803,7.84379447032644,CH,31.900000000000002
-18725.820496419794,7.893048945680834,CH,32
-25219.60236379242,7.94245758214745,CH,32.1
-33964.95688101199,7.992020379726287,CH,32.2
-45742.561023878494,8.04173733841734,CH,32.3
-61603.772073780005,8.091608458220621,CH,32.400000000000006
-82964.47927369499,8.141633739136115,CH,32.5
-111731.49620901833,8.191813181163832,CH,32.6
-150472.77659921054,8.24214678430377,CH,32.7
-202646.6481768125,8.292634548555926,CH,32.8
-272910.5277060526,8.343276473920307,CH,32.900000000000006
-367536.6752470177,8.394072560396904,CH,33
-494972.1008586917,8.445022807985723,CH,33.1
-666592.6050093377,8.496127216686762,CH,33.2
-897718.2637235002,8.54738578650002,CH,33.3
-1208981.007917989,8.598798517425502,CH,33.400000000000006
-1628166.3768193782,8.6503654094632,CH,33.5
-2192693.8535194,8.70208646261312,CH,33.6
-2952957.195122882,8.753961676875262,CH,33.7
-3976822.9391996367,8.80599105224962,CH,33.8
-5355688.655335453,8.858174588736206,CH,33.900000000000006
-7212641.74455525,8.910512286335004,CH,34
-9713447.099292452,8.963004145046028,CH,34.1
-13081344.460855663,9.01565016486927,CH,34.2
-17616976.392140877,9.06845034580473,CH,34.3
-23725225.77867235,9.121404687852417,CH,34.400000000000006
-31951358.56486386,9.174513191012318,CH,34.5
-43029698.084128566,9.227775855284442,CH,34.6
-57949176.00094103,9.281192680668786,CH,34.7
-78041611.40983436,9.334763667165348,CH,34.8
-105100598.5138125,9.388488814774137,CH,34.900000000000006
-141541615.64489478,9.44236812349514,CH,35
-190617648.10085037,9.496401593328365,CH,35.1
-256709572.83142835,9.55058922427381,CH,35.2
-345717226.78398305,9.604931016331479,CH,35.300000000000004
-465586068.4602057,9.65942696950136,CH,35.4
-627016446.2537222,9.714077083783469,CH,35.5
-844418787.9227571,9.768881359177795,CH,35.6
-1137199978.2281117,9.823839795684345,CH,35.7
-1531495755.9859276,9.878952393303113,CH,35.800000000000004
-2062503776.661595,9.934219152034098,CH,35.9
-2777625606.3243423,9.989640071877306,CH,36
-3740698123.769072,10.045215152832736,CH,36.1
-5037692055.961437,10.100944394900386,CH,36.2
-6784386338.753747,10.156827798080254,CH,36.300000000000004
-9136703371.085358,10.21286536237234,CH,36.4
-12304627761.22872,10.269057087776652,CH,36.5
-16570951051.714325,10.325402974293183,CH,36.6
-22316515710.87766,10.381903021921934,CH,36.7
-30054211849.89372,10.438557230662905,CH,36.800000000000004
-40474761454.91758,10.495365600516093,CH,36.9
-54508377161.686516,10.552328131481506,CH,37
-73407799674.88965,10.609444823559139,CH,37.1
-98860126345.06866,10.666715676748991,CH,37.2
-133137413519.99365,10.724140691051065,CH,37.300000000000004
-179299496511.3509,10.781719866465355,CH,37.4
-241467132334.63284,10.83945320299187,CH,37.5
-325189847892.74866,10.897340700630604,CH,37.6
-437941330357.83844,10.955382359381558,CH,37.7
-589786581832.6147,11.013578179244734,CH,37.800000000000004
-794280393278.2904,11.071928160220123,CH,37.9
-1069677341904.8219,11.130432302307739,CH,38
0.08776280639038238,9.88609869727591,CS,3
0.08853704290446182,9.914562919430251,CS,3.1
0.08931809701297648,9.943960394769983,CS,3.2
0.09010602831249166,9.974291123295101,CS,3.3
0.09090089690547906,10.005555105005607,CS,3.4
0.09170276340408759,10.037752339901504,CS,3.5
0.09251168893392328,10.070882827982786,CS,3.6
0.0933277351378382,10.104946569249458,CS,3.7
0.09415096417972668,10.139943563701518,CS,3.8
0.09498143874832903,10.175873811338967,CS,3.9
0.09581922206104113,10.212737312161803,CS,4
0.09666437786772936,10.250534066170028,CS,4.1
0.09751697045454995,10.28926407336364,CS,4.2
0.09837706464777152,10.32892733374264,CS,4.3
0.09924472581760024,10.36952384730703,CS,4.4
0.10012001988200599,10.411053614056808,CS,4.5
0.10100301331054885,10.453516633991974,CS,4.6
0.10189377312820479,10.496912907112529,CS,4.7
0.1027923669191887,10.541242433418471,CS,4.8
0.10369886283077465,10.586505212909803,CS,4.9
0.10461332957711078,10.63270124558652,CS,5
0.10553583644302854,10.67983053144863,CS,5.1
0.10646645328784404,10.727893070496124,CS,5.2
0.10740525054915076,10.77688886272901,CS,5.300000000000001
0.1083522992466013,10.82681790814728,CS,5.4
0.10930767098567729,10.877680206750941,CS,5.5
0.11027143796144523,10.92947575853999,CS,5.6
0.11124367296229688,10.982204563514427,CS,5.7
0.11222444937367215,11.035866621674252,CS,5.800000000000001
0.11321384118176261,11.090461933019466,CS,5.9
0.11421192297719403,11.145990497550068,CS,6
0.1152187699586852,11.202452315266058,CS,6.1
0.11623445793668175,11.259847386167436,CS,6.2
0.11725906333696182,11.318175710254202,CS,6.300000000000001
0.1182926632042122,11.377437287526357,CS,6.4
0.11933533520557187,11.4376321179839,CS,6.5
0.12038715763414082,11.498760201626832,CS,6.6
0.12144820941245145,11.560821538455151,CS,6.7
0.12251857009589964,11.62381612846886,CS,6.800000000000001
0.12359831987613332,11.687743971667956,CS,6.9
0.12468753958439485,11.75260506805244,CS,7
0.1257863106948149,11.818399417622313,CS,7.1000000000000005
0.1268947153276541,11.885127020377574,CS,7.2
0.12801283625248977,11.952787876318222,CS,7.3
0.12914075689134397,12.02138198544426,CS,7.4
0.13027856132174934,12.090909347755685,CS,7.5
0.13142633427974965,12.1613699632525,CS,7.6000000000000005
0.13258416116283037,12.232763831934703,CS,7.7
0.13375212803277628,12.305090953802292,CS,7.800000000000001
0.13493032161845125,12.37835132885527,CS,7.9
0.1361188293184967,12.452544957093638,CS,8
0.13731773920394374,12.527671838517396,CS,8.100000000000001
0.13852714002073477,12.603731973126537,CS,8.2
0.13974712119214988,12.68072536092107,CS,8.3
0.14097777282113286,12.75865200190099,CS,8.4
0.14221918569251207,12.837511896066298,CS,8.5
0.1434714512751107,12.917305043416995,CS,8.600000000000001
0.144734661723741,12.998031443953078,CS,8.7
0.14600890988107706,13.079691097674553,CS,8.8
0.14729428927939966,13.162284004581414,CS,8.9
0.14859089414220783,13.245810164673664,CS,9
0.14989881938569055,13.330269577951302,CS,9.100000000000001
0.15121816062005136,13.415662244414326,CS,9.2
0.1525490141506807,13.501988164062743,CS,9.3
0.153891476979167,13.589247336896545,CS,9.4
0.1552456468041407,13.677439762915736,CS,9.5
0.15661162202194315,13.766565442120317,CS,9.600000000000001
0.15798950172711218,13.856624374510282,CS,9.7
0.15937938571267693,13.947616560085638,CS,9.8
0.16078137447025284,14.039541998846383,CS,9.9
0.16219556918992886,14.132400690792515,CS,10
0.1636220717599368,14.226192635924036,CS,10.100000000000001
0.1650609847660944,14.320917834240944,CS,10.2
0.16651241149101226,14.416576285743243,CS,10.3
0.16797645591305357,14.513167990430928,CS,10.4
0.16945322270503793,14.610692948304001,CS,10.5
0.17094281723267699,14.709151159362463,CS,10.600000000000001
0.17244534555273128,14.80854262360631,CS,10.7
0.17396091441087724,14.908867341035553,CS,10.8
0.1754896312392707,15.010125311650178,CS,10.9
0.17703160415379685,15.112316535450194,CS,11
0.17858694195099148,15.215441012435596,CS,11.1
0.1801557541046217,15.319498742606388,CS,11.200000000000001
0.18173815076191147,15.42448972596257,CS,11.3
0.18333424273939808,15.530413962504136,CS,11.4
0.1849441415184048,15.637271452231092,CS,11.5
0.1865679592401136,15.745062195143436,CS,11.6
0.18820580870022313,15.85378619124117,CS,11.700000000000001
0.1898578033431746,15.96344344052429,CS,11.8
0.19152405725592905,16.0740339429928,CS,11.9
0.19320468516127803,16.185557698646697,CS,12
0.19489980241066954,16.298014707485983,CS,12.1
0.19660952497653025,16.41140496951066,CS,12.200000000000001
0.19833396944406426,16.525728484720723,CS,12.3
0.20007325300250853,16.64098525311617,CS,12.4
0.20182749343582354,16.757175274697012,CS,12.5
0.2035968091127972,16.87429854946324,CS,12.600000000000001
0.2053813189765402,16.992355077414853,CS,12.700000000000001
0.20718114253334874,17.11134485855186,CS,12.8
0.20899639984091112,17.23126789287425,CS,12.9
0.21082721149583236,17.352124180382027,CS,13
0.2126736986204518,17.4739137210752,CS,13.100000000000001
0.21453598284892633,17.596636514953758,CS,13.200000000000001
0.21641418631255155,17.7202925620177,CS,13.3
0.21830843162429237,17.84488186226703,CS,13.4
0.2202188418624932,17.970404415701754,CS,13.5
0.2221455405537363,18.096860222321865,CS,13.600000000000001
0.2240886516548181,18.224249282127364,CS,13.700000000000001
0.22604829953380798,18.35257159511825,CS,13.8
0.228024608950158,18.481827161294525,CS,13.9
0.23001770503382632,18.61201598065619,CS,14
0.2320277132633782,18.74313805320324,CS,14.100000000000001
0.23405475944302725,18.875193378935677,CS,14.200000000000001
0.23609896967857727,19.008181957853505,CS,14.3
0.23816047035222393,19.14210378995672,CS,14.4
0.24023938809617457,19.276958875245327,CS,14.5
0.2423358497650427,19.41274721371932,CS,14.600000000000001
0.2444499824069718,19.5494688053787,CS,14.700000000000001
0.24658191323344222,19.68712365022347,CS,14.8
0.24873176958771315,19.825711748253624,CS,14.9
0.2508996789118489,19.96523309946917,CS,15
0.25308576871227895,20.105687703870107,CS,15.100000000000001
0.2552901665238373,20.247075561456427,CS,15.200000000000001
0.2575129998722269,20.389396672228138,CS,15.3
0.2597543962348511,20.532651036185236,CS,15.4
0.2620144829999529,20.67683865332772,CS,15.5
0.26429338742400116,20.8219595236556,CS,15.600000000000001
0.26659123658726036,20.968013647168863,CS,15.700000000000001
0.26890815734747736,21.115001023867514,CS,15.8
0.2712442762916186,21.262921653751555,CS,15.9
0.2735997196855866,21.411775536820983,CS,16
0.2759746134218421,21.561562673075798,CS,16.1
0.2783690829648591,21.712283062516008,CS,16.200000000000003
0.2807832532943324,21.863936705141597,CS,16.3
0.28321724884605837,22.016523600952574,CS,16.4
0.2856711934504047,22.170043749948945,CS,16.5
0.28814521026828394,22.324497152130707,CS,16.6
0.29063942172453977,22.479883807497856,CS,16.700000000000003
0.29315394943865614,22.636203716050385,CS,16.8
0.2956889141526903,22.793456877788305,CS,16.9
0.29824443565633435,22.951643292711616,CS,17
0.3008206327089993,23.110762960820317,CS,17.1
0.30341762295881863,23.27081588211441,CS,17.200000000000003
0.3060355228584605,23.43180205659388,CS,17.3
0.30867444757763457,23.593721484258744,CS,17.4
0.31133451091217734,23.756574165108997,CS,17.5
0.314015825189593,23.920360099144638,CS,17.6
0.31671850117092587,24.08507928636567,CS,17.700000000000003
0.3194426479488329,24.250731726772084,CS,17.8
0.3221883728417224,24.417317420363887,CS,17.9
0.32495578128381997,24.58483636714108,CS,18
0.3277449767110159,24.753288567103667,CS,18.1
0.33055606044234837,24.92267402025164,CS,18.200000000000003
0.33338913155696415,25.092992726584995,CS,18.3
0.3362442867664015,25.264244686103737,CS,18.4
0.3391216202820252,25.436429898807873,CS,18.5
0.34202122367744814,25.6095483646974,CS,18.6
0.34494318574575883,25.783600083772313,CS,18.700000000000003
0.347887592351374,25.95858505603261,CS,18.8
0.35085452627632624,26.134503281478292,CS,18.9
0.3538440670607922,26.31135476010937,CS,19
0.35685629083765547,26.48913949192584,CS,19.1
0.3598912701608999,26.66785747692769,CS,19.2
0.36294907382761243,26.84750871511493,CS,19.3
0.3660297666933718,27.02809320648756,CS,19.400000000000002
0.3691334094807926,27.209610951045576,CS,19.5
0.37226005858098404,27.392061948788985,CS,19.6
0.37540976584767394,27.575446199717774,CS,19.7
0.37858257838374215,27.75976370383196,CS,19.8
0.38177853831989733,27.945014461131535,CS,19.900000000000002
0.38499768258522177,28.13119847161649,CS,20
0.3882400426693004,28.318315735286838,CS,20.1
0.3915056443756377,28.50636625214257,CS,20.2
0.39479450756606105,28.695350022183696,CS,20.3
0.39810664589579237,28.88526704541021,CS,20.400000000000002
0.40144206653886316,29.076117321822107,CS,20.5
0.4048007699035377,29.267900851419398,CS,20.6
0.4081827493373909,29.46061763420207,CS,20.7
0.41158799082168507,29.65426767017014,CS,20.8
0.4150164726546675,29.848850959323595,CS,20.900000000000002
0.4184681651234061,30.044367501662432,CS,21
0.42194303016376195,30.240817297186663,CS,21.1
0.4254410210080829,30.438200345896277,CS,21.2
0.4289620818201967,30.63651664779129,CS,21.3
0.43250614731725245,30.835766202871685,CS,21.400000000000002
0.43607314237796097,31.03594901113746,CS,21.5
0.4396629816367544,31.237065072588635,CS,21.6
0.44327556906337795,31.439114387225192,CS,21.7
0.4469107975274054,31.64209695504714,CS,21.8
0.4505685483471554,31.84601277605448,CS,21.900000000000002
0.45424869082246333,32.0508618502472,CS,22
0.45795108175075244,32.25664417762532,CS,22.1
0.46167556492581596,32.463359758188815,CS,22.200000000000003
0.465421970618717,32.67100859193771,CS,22.3
0.46919011504018077,32.879590678871985,CS,22.400000000000002
0.4729797997838354,33.08910601899164,CS,22.5
0.4767908112496405,33.2995546122967,CS,22.6
0.4806229200468094,33.51093645878714,CS,22.700000000000003
0.484475880375519,33.72325155846298,CS,22.8
0.488349429386668,33.93649991132419,CS,22.900000000000002
0.49224328651891996,34.1506815173708,CS,23
0.49615715281224715,34.36579637660279,CS,23.1
0.5000907101971586,34.581844489020185,CS,23.200000000000003
0.5040436207587643,34.79882585462295,CS,23.3
0.5080155259748117,35.016740473411105,CS,23.400000000000002
0.5120060459267838,35.235588345384656,CS,23.5
0.5160147784831305,35.45536947054359,CS,23.6
0.5200412984536624,35.67608384888793,CS,23.700000000000003
0.5240851567141134,35.89773148041763,CS,23.8
0.5281458792998345,36.12031236513273,CS,23.900000000000002
0.5322229664675481,36.34382650303322,CS,24
0.5363158917240625,36.5682738941191,CS,24.1
0.5404241008207944,36.79365453839037,CS,24.200000000000003
0.5445470107129213,37.01996843584702,CS,24.3
0.5486840084819383,37.24721558648906,CS,24.400000000000002
0.5528344502203467,37.475395990316485,CS,24.5
0.5569976598771733,37.70450964732932,CS,24.6
0.561172928062954,37.93455655752752,CS,24.700000000000003
0.565359510812789,38.16553672091112,CS,24.8
0.5695566283060098,38.3974501374801,CS,24.900000000000002
0.5737634635409625,38.63029680723447,CS,25
0.5779791609633542,38.86407673017423,CS,25.1
0.5822028250465515,39.09878990629939,CS,25.200000000000003
0.5864335188221755,39.334436335609915,CS,25.3
0.5906702623592707,39.571016018105844,CS,25.400000000000002
0.5949120311902694,39.80852895378715,CS,25.5
0.5991577546819136,40.046975142653864,CS,25.6
0.6034063143492298,40.28635458470595,CS,25.700000000000003
0.6076565421105888,40.526667279943425,CS,25.8
0.6119072184818151,40.7679132283663,CS,25.900000000000002
0.6161570707072347,41.01009242997455,CS,26
0.6204047708254897,41.25320488476819,CS,26.1
0.6246489336678566,41.49725059274722,CS,26.200000000000003
0.6288881147867417,41.74222955391164,CS,26.3
0.6331208083119413,41.98814176826146,CS,26.400000000000002
0.6373454447321651,42.23498723579664,CS,26.5
0.6415603885992488,42.48276595651723,CS,26.6
0.6457639361523796,42.731477930423196,CS,26.700000000000003
0.6499543128595728,42.98112315751456,CS,26.8
0.6541296708735453,43.23170163779132,CS,26.900000000000002
0.6582880863990225,43.48321337125344,CS,27
0.6624275569684258,43.735658357900974,CS,27.1
0.6665459986227776,43.989036597733886,CS,27.200000000000003
0.6706412429945432,44.24334809075219,CS,27.3
0.6747110342890332,44.49859283695588,CS,27.400000000000002
0.6787530261608585,44.75477083634496,CS,27.5
0.6827647784818176,45.01188208891942,CS,27.6
0.686743753996464,45.26992659467929,CS,27.700000000000003
0.6906873148614832,45.528904353624526,CS,27.8
0.6945927190648631,45.788815365755156,CS,27.900000000000002
0.6984571167207115,46.04965963107118,CS,28
0.7022775462354282,46.31143714957258,CS,28.1
0.7060509303407912,46.57414792125938,CS,28.200000000000003
0.709774071989367,46.83779194613156,CS,28.3
0.7134436501074907,47.10236922418915,CS,28.400000000000002
0.7170562152009017,47.3678797554321,CS,28.5
0.7206081848079564,47.634323539860446,CS,28.6
0.724095838795147,47.90170057747419,CS,28.700000000000003
0.7275153144895001,48.17001086827331,CS,28.8
0.7308626016422163,48.43925441225784,CS,28.900000000000002
0.7341335372177337,48.709431209427734,CS,29
0.7373238000021944,48.980541259783024,CS,29.1
0.740428905025078,49.25258456332371,CS,29.200000000000003
0.7434441977875652,49.52556112004977,CS,29.3
0.7463648482909591,49.79947092996123,CS,29.400000000000002
0.7491858448582704,50.07431399305807,CS,29.5
0.7519019877418357,50.3500903093403,CS,29.6
0.7545078825095788,50.62679987880793,CS,29.700000000000003
0.7569979332022945,50.90444270146094,CS,29.8
0.7593663352540505,51.183018777299324,CS,29.900000000000002
0.7616070681675371,51.462528106323106,CS,30
0.7637138879359201,51.74297068853228,CS,30.1
0.7656803192024496,52.02434652392685,CS,30.200000000000003
0.7674996471487872,52.3066556125068,CS,30.3
0.7691649091026916,52.58989795427213,CS,30.400000000000002
0.7706688858553923,52.87407354922286,CS,30.5
0.7720040926786373,53.159182397358975,CS,30.6
0.7731627700310613,53.44522449868049,CS,30.700000000000003
0.7741368739431627,53.73219985318738,CS,30.8
0.7749180660698132,54.020108460879655,CS,30.900000000000002
0.775497703398827,54.30895032175732,CS,31
0.7758668276037458,54.59872543582037,CS,31.1
0.7760161540285693,54.889433803068826,CS,31.200000000000003
0.7759360602917349,55.18107542350265,CS,31.3
0.7756165744962359,55.47365029712188,CS,31.400000000000002
0.7750473630322903,55.76715842392649,CS,31.5
0.7742177179585206,56.06159980391648,CS,31.6
0.7731165439471145,56.35697443709188,CS,31.700000000000003
0.7717323447779336,56.65328232345264,CS,31.8
0.7700532093660346,56.9505234629988,CS,31.900000000000002
0.7680667973065016,57.248697855730356,CS,32
0.7657603239199746,57.54780550164729,CS,32.1
0.7631205447816483,57.84784640074963,CS,32.2
0.7601337397159461,58.148820553037325,CS,32.3
0.7567856962384547,58.450727958510456,CS,32.400000000000006
0.7530616924260616,58.753568617168924,CS,32.5
0.748946479195602,59.057342529012814,CS,32.6
0.7444242619706185,59.362049694042085,CS,32.7
0.7394786817151515,59.667690112256736,CS,32.8
0.7340927953127478,59.974263783656795,CS,32.900000000000006
0.7282490552681211,60.281770708242206,CS,33
0.7219292887081217,60.59021088601304,CS,33.1
0.7151146756578691,60.89958431696925,CS,33.2
0.7077857265670737,61.20989100111083,CS,33.3
0.6999222590607014,61.52113093843785,CS,33.400000000000006
0.6915033738872639,61.8333041289502,CS,33.5
0.6825074300370718,62.146410572647966,CS,33.6
0.6729120190018644,62.46045026953114,CS,33.7
0.6626939381462185,62.775423219599645,CS,33.8
0.6518291631601298,63.091329422853605,CS,33.900000000000006
0.6402928195611313,63.4081688792929,CS,34
0.6280591532131474,63.72594158891761,CS,34.1
0.6151014998282675,64.0446475517277,CS,34.2
0.6013922534163473,64.36428676772317,CS,34.3
0.5869028336462,64.68485923690406,CS,34.400000000000006
0.5716036520808988,65.0063649592703,CS,34.5
0.5554640772483409,65.32880393482195,CS,34.6
0.5384523985070248,65.65217616355899,CS,34.7
0.5205357886654494,65.9764816454814,CS,34.8
0.5016802653122387,66.30172038058923,CS,34.900000000000006
0.48185065081259904,66.62789236888241,CS,35
0.4610105309250556,66.954997610361,CS,35.1
0.4391222119910778,67.28303610502499,CS,35.2
0.4161466766482975,67.61200785287436,CS,35.300000000000004
0.3920435380165386,67.94191285390909,CS,35.4
0.36677099230399546,68.27275110812923,CS,35.5
0.34028576977916924,68.60452261553476,CS,35.6
0.31254308405222875,68.93722737612569,CS,35.7
0.2834965796075746,69.270865389902,CS,35.800000000000004
0.2530982775273518,69.60543665686367,CS,35.9
0.22129851934358524,69.94094117701076,CS,36
0.18804590895448525,70.27737895034322,CS,36.1
0.15328725253821052,70.61474997686109,CS,36.2
0.11696749639511994,70.95305425656434,CS,36.300000000000004
0.07902966264714673,71.29229178945295,CS,36.4
0.03941478272046295,71.63246257552699,CS,36.5
-0.0019381714648998294,71.9735666147864,CS,36.6
-0.04509235867750361,72.31560390723119,CS,36.7
-0.09011314201071507,72.65857445286139,CS,36.800000000000004
-0.13706816505721475,73.00247825167695,CS,36.9
-0.18602743070925487,73.34731530367792,CS,37
-0.23706338267507454,73.69308560886428,CS,37.1
-0.29025098980510333,74.03978916723602,CS,37.2
-0.3456678333246832,74.38742597879316,CS,37.300000000000004
-0.403394197073464,74.73599604353565,CS,37.4
-0.46351316085504357,75.08549936146356,CS,37.5
-0.5261106970039535,75.43593593257687,CS,37.6
-0.5912757702808784,75.78730575687554,CS,37.7
-0.6591004412107082,76.13960883435962,CS,37.800000000000004
-0.7296799729820276,76.49284516502905,CS,37.9
-0.8031129420307421,76.84701474888391,CS,38
0.05760611069123851,9.75676044502944,TT,3
0.05839887221026631,9.781961502382885,TT,3.1
0.059202543523732755,9.807988823911852,TT,3.2
0.06001727476961986,9.834842409616343,TT,3.3
0.06084321815207268,9.862522259496355,TT,3.4
0.06168052796983326,9.891028373551892,TT,3.5
0.06252936064506608,9.920360751782951,TT,3.6
0.06338987475258001,9.950519394189532,TT,3.7
0.06426223104945253,9.981504300771636,TT,3.8
0.06514659250506157,10.013315471529264,TT,3.9
0.06604312433153069,10.045952906462412,TT,4
0.06695199401459312,10.079416605571085,TT,4.1
0.06787337134488079,10.113706568855282,TT,4.2
0.06880742844964362,10.148822796314999,TT,4.3
0.06975433982490561,10.18476528795024,TT,4.4
0.07071428236806336,10.221534043761004,TT,4.5
0.07168743541093303,10.25912906374729,TT,4.6
0.07267398075325246,10.2975503479091,TT,4.7
0.07367410269664393,10.336797896246432,TT,4.8
0.0746879880790446,10.376871708759287,TT,4.9
0.07571582630961063,10.417771785447664,TT,5
0.07675780940410169,10.459498126311564,TT,5.1
0.07781413202075244,10.502050731350987,TT,5.2
0.07888499149663758,10.545429600565933,TT,5.300000000000001
0.07997058788453747,10.589634733956403,TT,5.4
0.08107112399031094,10.634666131522394,TT,5.5
0.0821868054107826,10.680523793263909,TT,5.6
0.08331784057215143,10.727207719180946,TT,5.7
0.08446444076892777,10.774717909273505,TT,5.800000000000001
0.08562682020340663,10.823054363541589,TT,5.9
0.08680519602568368,10.872217081985193,TT,6
0.08799978837422238,10.922206064604321,TT,6.1
0.08921082041697895,10.973021311398973,TT,6.2
0.09043851839309378,11.024662822369146,TT,6.300000000000001
0.0916831116551561,11.077130597514843,TT,6.4
0.09294483271205065,11.130424636836063,TT,6.5
0.0942239172723939,11.184544940332804,TT,6.6
0.09552060428856789,11.23949150800507,TT,6.7
0.09683513600136018,11.295264339852856,TT,6.800000000000001
0.09816775798521811,11.351863435876169,TT,6.9
0.0995187191941259,11.409288796075,TT,7
0.1008882720081129,11.467540420449357,TT,7.1000000000000005
0.10227667228040206,11.526618308999236,TT,7.2
0.1036841793852073,11.586522461724638,TT,7.3
0.10511105626618829,11.647252878625562,TT,7.4
0.10655756948557259,11.708809559702008,TT,7.5
0.10802398927395333,11.771192504953978,TT,7.6000000000000005
0.10951058958077242,11.834401714381471,TT,7.7
0.11101764812549854,11.898437187984488,TT,7.800000000000001
0.11254544644950921,11.963298925763025,TT,7.9
0.11409426996868713,12.028986927717085,TT,8
0.11566440802674005,12.09550119384667,TT,8.100000000000001
0.11725615394925461,12.162841724151775,TT,8.2
0.11886980509849421,12.231008518632407,TT,8.3
0.12050566292895033,12.300001577288558,TT,8.4
0.12216403304365925,12.369820900120233,TT,8.5
0.12384522525129314,12.44046648712743,TT,8.600000000000001
0.1255495536240369,12.51193833831015,TT,8.7
0.12727733655626192,12.584236453668396,TT,8.8
0.1290288968240066,12.65736083320216,TT,8.9
0.1308045616452761,12.731311476911449,TT,9
0.13260466274117141,12.806088384796261,TT,9.100000000000001
0.13442953639786004,12.881691556856595,TT,9.2
0.13627952352939934,12.958120993092454,TT,9.3
0.1381549697414243,13.035376693503833,TT,9.4
0.14005622539571208,13.113458658090735,TT,9.5
0.1419836456756348,13.192366886853161,TT,9.600000000000001
0.14393759065251296,13.272101379791108,TT,9.7
0.14591842535288282,13.35266213690458,TT,9.8
0.1479265198266883,13.434049158193574,TT,9.9
0.14996224921641216,13.516262443658091,TT,10
0.15202599382715828,13.59930199329813,TT,10.100000000000001
0.15411813919769835,13.68316780711369,TT,10.2
0.15623907617249647,13.767859885104778,TT,10.3
0.15838920097472461,13.853378227271385,TT,10.4
0.16056891528028341,13.939722833613516,TT,10.5
0.16277862629284098,14.026893704131169,TT,10.600000000000001
0.16501874681990483,14.114890838824344,TT,10.7
0.16728969534994076,14.203714237693045,TT,10.8
0.1695918961305524,14.293363900737265,TT,10.9
0.17192577924773744,14.38383982795701,TT,11
0.17429178070623416,14.475142019352276,TT,11.1
0.17669034251097346,14.567270474923069,TT,11.200000000000001
0.1791219127496522,14.66022519466938,TT,11.3
0.1815869456764428,14.754006178591215,TT,11.4
0.18408590179685455,14.848613426688573,TT,11.5
0.1866192479537633,14.944046938961456,TT,11.6
0.18918745741462434,15.040306715409859,TT,11.700000000000001
0.19179100995988607,15.137392756033787,TT,11.8
0.19443039197262021,15.235305060833236,TT,11.9
0.19710609652938538,15.334043629808207,TT,12
0.19981862349234097,15.433608462958702,TT,12.1
0.20256847960262916,15.533999560284721,TT,12.200000000000001
0.2053561785750414,15.635216921786261,TT,12.3
0.20818224119398815,15.737260547463325,TT,12.4
0.2110471954107889,15.84013043731591,TT,12.5
0.21395157644230137,15.94382659134402,TT,12.600000000000001
0.21689592687090747,16.04834900954765,TT,12.700000000000001
0.2198807967458761,16.15369769192681,TT,12.8
0.22290674368611985,16.259872638481482,TT,12.9
0.22597433298436634,16.366873849211682,TT,13
0.22908413771276273,16.474701324117408,TT,13.100000000000001
0.2322367388299338,16.583355063198653,TT,13.200000000000001
0.23543272528951262,16.69283506645542,TT,13.3
0.23867269415016568,16.803141333887712,TT,13.4
0.24195725068713095,16.914273865495524,TT,13.5
0.24528700850529114,17.02623266127886,TT,13.600000000000001
0.24866258965380303,17.13901772123772,TT,13.700000000000001
0.25208462474230364,17.252629045372103,TT,13.8
0.25555375305871614,17.367066633682008,TT,13.9
0.259070622688675,17.482330486167434,TT,14
0.26263589063659637,17.59842060282839,TT,14.100000000000001
0.2662502229484122,17.715336983664862,TT,14.200000000000001
0.2699142948359944,17.833079628676856,TT,14.3
0.2736287908032893,17.951648537864376,TT,14.4
0.27739440477418803,18.071043711227418,TT,14.5
0.281211840222156,18.191265148765986,TT,14.600000000000001
0.28508181030164365,18.31231285048007,TT,14.700000000000001
0.2890050379813071,18.43418681636968,TT,14.8
0.29298225617905754,18.556887046434813,TT,14.9
0.2970142078989701,18.680413540675467,TT,15
0.30110164637007375,18.804766299091646,TT,15.100000000000001
0.30524533518704827,18.92994532168335,TT,15.200000000000001
0.3094460484528559,19.055950608450573,TT,15.3
0.31370457092333226,19.18278215939332,TT,15.4
0.31802169815376236,19.31043997451159,TT,15.5
0.3223982366474711,19.43892405380538,TT,15.600000000000001
0.3268350040064516,19.568234397274697,TT,15.700000000000001
0.33133282908406236,19.698371004919533,TT,15.8
0.3358925521398163,19.829333876739895,TT,15.9
0.34051502499629394,19.961123012735776,TT,16
0.345201111198204,20.093738412907186,TT,16.1
0.3499516861736233,20.22718007725412,TT,16.200000000000003
0.35476763739744044,20.361448005776566,TT,16.3
0.35964986455703446,20.496542198474536,TT,16.4
0.3645992797202134,20.632462655348036,TT,16.5
0.3696168075054426,20.769209376397058,TT,16.6
0.37470338525438984,20.9067823616216,TT,16.700000000000003
0.37985996320681586,21.04518161102167,TT,16.8
0.38508750467783476,21.18440712459725,TT,16.9
0.3903869862375732,21.324458902348365,TT,17
0.39575939789325226,21.465336944275002,TT,17.1
0.4012057432737194,21.607041250377158,TT,17.200000000000003
0.4067270398164512,21.749571820654836,TT,17.3
0.4123243189570523,21.892928655108037,TT,17.4
0.417998626321268,22.037111753736763,TT,17.5
0.4237510219195315,22.182121116541012,TT,17.6
0.42958258034406177,22.327956743520787,TT,17.700000000000003
0.4354943909685227,22.474618634676077,TT,17.8
0.4414875581502566,22.62210679000689,TT,17.9
0.4475632014350921,22.77042120951323,TT,18
0.45372245576473175,22.919561893195095,TT,18.1
0.4599664716867075,23.06952884105248,TT,18.200000000000003
0.4662964155668951,23.220322053085386,TT,18.3
0.47271346980456025,23.371941529293814,TT,18.4
0.4792188330499075,23.524387269677767,TT,18.5
0.4858137204240832,23.677659274237243,TT,18.6
0.4924993637415767,23.831757542972248,TT,18.700000000000003
0.4992770117349399,23.986682075882765,TT,18.8
0.5061479302817304,24.142432872968804,TT,18.9
0.5131134026335574,24.299009934230376,TT,19
0.5201747296470811,24.456413259667464,TT,19.1
0.527333230016786,24.614642849280074,TT,19.2
0.5345902405093104,24.773698703068213,TT,19.3
0.5419471161990612,24.933580821031875,TT,19.400000000000002
0.5494052307048021,25.09428920317105,TT,19.5
0.5569659764268318,25.255823849485758,TT,19.6
0.5646307647842954,25.41818475997598,TT,19.7
0.5724010264520932,25.58137193464173,TT,19.8
0.5802782115967378,25.745385373483003,TT,19.900000000000002
0.5882637901104009,25.9102250764998,TT,20
0.5963592518422497,26.075891043692117,TT,20.1
0.6045661068259962,26.24238327505995,TT,20.2
0.6128858855024111,26.40970177060332,TT,20.3
0.6213201389353019,26.577846530322205,TT,20.400000000000002
0.6298704390192112,26.746817554216612,TT,20.5
0.6385383786767609,26.91661484228655,TT,20.6
0.6473255720432058,27.087238394531994,TT,20.7
0.6562336546353377,27.258688210952975,TT,20.8
0.6652642835013562,27.43096429154948,TT,20.900000000000002
0.6744191373477466,27.604066636321498,TT,21
0.683699916638495,27.77799524526904,TT,21.1
0.6931083436611551,27.95275011839211,TT,21.2
0.7026461625533239,28.128331255690703,TT,21.3
0.7123151392819467,28.30473865716482,TT,21.400000000000002
0.7221170615665577,28.48197232281445,TT,21.5
0.732053738735998,28.66003225263961,TT,21.6
0.7421270015063324,28.838918446640292,TT,21.7
0.7523387016655548,29.018630904816497,TT,21.8
0.7626907116481364,29.199169627168224,TT,21.900000000000002
0.7731849239795471,29.380534613695474,TT,22
0.7838232505674032,29.562725864398253,TT,22.1
0.7946076218118353,29.745743379276547,TT,22.200000000000003
0.8055399855029074,29.929587158330364,TT,22.3
0.816622305467322,30.11425720155971,TT,22.400000000000002
0.8278565599200712,30.299753508964564,TT,22.5
0.8392447394690047,30.486076080544954,TT,22.6
0.8507888447112234,30.673224916300867,TT,22.700000000000003
0.8624908833496083,30.861200016232296,TT,22.8
0.8743528667453352,31.050001380339253,TT,22.900000000000002
0.8863768058075928,31.239629008621726,TT,23
0.8985647061045998,31.43008290107973,TT,23.1
0.9109185620598422,31.62136305771326,TT,23.200000000000003
0.9234403500738638,31.8134694785223,TT,23.3
0.9361320203841837,32.00640216350687,TT,23.400000000000002
0.9489954874433911,32.20016111266696,TT,23.5
0.9620326185572721,32.394746326002576,TT,23.6
0.9752452204800017,32.59015780351372,TT,23.700000000000003
0.9886350236108432,32.78639554520038,TT,23.8
1.0022036633750637,32.983459551062566,TT,23.900000000000002
1.0159526582993348,33.18134982110026,TT,24
1.0298833842068738,33.380066355313495,TT,24.1
1.0439970438578146,33.57960915370225,TT,24.200000000000003
1.058294631243191,33.77997821626652,TT,24.3
1.072776889603536,33.98117354300632,TT,24.400000000000002
1.0874442620817992,34.183195133921636,TT,24.5
1.1022968337310788,34.38604298901248,TT,24.6
1.1173342633755163,34.58971710827885,TT,24.700000000000003
1.132555703562104,34.79421749172074,TT,24.8
1.1479597065352263,34.99954413933815,TT,24.900000000000002
1.1635441138067923,35.205697051131075,TT,25
1.1793059264735395,35.41267622709954,TT,25.1
1.1952411529386466,35.62048166724352,TT,25.200000000000003
1.211344630114603,35.82911337156301,TT,25.3
1.2276098135033369,36.03857134005804,TT,25.400000000000002
1.2440285307504626,36.24885557272859,TT,25.5
1.2605906923327324,36.45996606957466,TT,25.6
1.2772839519371337,36.67190283059625,TT,25.700000000000003
1.2940933077984809,36.884665855793365,TT,25.8
1.3110006347465286,37.09825514516601,TT,25.900000000000002
1.3279841349347243,37.312670698714165,TT,26
1.3450176931350777,37.52791251643785,TT,26.1
1.3620701200335825,37.74398059833706,TT,26.200000000000003
1.3791042640853906,37.96087494441179,TT,26.3
1.3960759691146296,38.178595554662046,TT,26.400000000000002
1.4129328508837684,38.397142429087815,TT,26.5
1.4296128612101646,38.61651556768911,TT,26.6
1.4460426027534683,38.83671497046594,TT,26.700000000000003
1.4621353511970718,39.05774063741828,TT,26.8
1.4777887340352964,39.27959256854615,TT,26.900000000000002
1.492882006362807,39.50227076384953,TT,27
1.507272853717536,39.72577522332845,TT,27.1
1.5207936398875301,39.95010594698289,TT,27.200000000000003
1.5332470033440895,40.17526293481284,TT,27.3
1.5444006892424569,40.40124618681832,TT,27.400000000000002
1.5539814843080297,40.62805570299932,TT,27.5
1.5616680988967684,40.855691483355855,TT,27.6
1.567082813492093,41.084153527887906,TT,27.700000000000003
1.5697816751832274,41.313441836595466,TT,27.8
1.5692429924476008,41.54355640947857,TT,27.900000000000002
1.564853832876897,41.77449724653718,TT,28
1.5558941772214827,42.00626434777133,TT,28.1
1.5415183229650806,42.23885771318099,TT,28.200000000000003
1.520733060036486,42.47227734276617,TT,28.3
1.4923720584052445,42.706523236526884,TT,28.400000000000002
1.4550658100666396,42.94159539446311,TT,28.5
1.407206353801775,43.17749381657487,TT,28.6
1.3469058771715645,43.41421850286215,TT,28.700000000000003
1.271948133031118,43.65176945332494,TT,28.8
1.179731423398822,43.890146667963265,TT,28.900000000000002
1.0672016870472065,44.12935014677711,TT,29
0.9307739731439397,44.36937988976648,TT,29.1
0.7662402851399188,44.61023589693137,TT,29.200000000000003
0.5686614292237371,44.85191816827178,TT,29.3
0.33224009105750296,45.09442670378772,TT,29.400000000000002
0.05017188263657868,45.33776150347917,TT,29.5
-0.28552946439359594,45.581922567346155,TT,29.6
-0.6842372462934252,45.82690989538866,TT,29.700000000000003
-1.1569525418413664,46.07272348760669,TT,29.8
-1.7165867542230662,46.31936334400024,TT,29.900000000000002
-2.378293193101081,46.56682946456931,TT,30
-3.1598562086365343,46.815121849313904,TT,30.1
-4.082147866597355,47.06424049823403,TT,30.200000000000003
-5.169663887474953,47.31418541132966,TT,30.3
-6.451152607246767,47.56495658860083,TT,30.400000000000002
-7.960353105295251,47.81655403004751,TT,30.5
-9.736861447328923,48.068977735669726,TT,30.6
-11.827147279871081,48.32222770546746,TT,30.700000000000003
-14.285746872427044,48.57630393944071,TT,30.8
-17.176663232865735,48.83120643758949,TT,30.900000000000002
-20.575009237142353,49.08693519991379,TT,31
-24.56893595269208,49.343490226413614,TT,31.1
-29.26189565577167,49.60087151708896,TT,31.200000000000003
-34.77529763465507,49.859079071939824,TT,31.3
-41.25162495343801,50.11811289096622,TT,31.400000000000002
-48.858092184109374,50.37797297416813,TT,31.5
-57.79093800125855,50.63865932154557,TT,31.6
-68.28046283076792,50.90017193309854,TT,31.700000000000003
-80.59694086945352,51.162510808827015,TT,31.8
-95.0575582378039,51.42567594873102,TT,31.900000000000002
-112.03455536888362,51.689667352810545,TT,32
-131.96478264936871,51.9544850210656,TT,32.1
-155.36091460694482,52.22012895349618,TT,32.2
-182.82461051339772,52.48659915010226,TT,32.3
-215.0619592373694,52.7538956108839,TT,32.400000000000006
-252.90160481763658,53.022018335841025,TT,32.5
-297.3160180422564,53.29096732497369,TT,32.6
-349.4464600769555,53.56074257828189,TT,32.7
-410.6322789616723,53.83134409576559,TT,32.8
-482.4452910191098,54.102771877424836,TT,32.900000000000006
-566.7301297493362,54.37502592325958,TT,33
-665.6515979706875,54.648106233269864,TT,33.1
-781.7502387407362,54.92201280745567,TT,33.2
-918.0075515684407,55.19674564581698,TT,33.3
-1077.9225280239687,55.47230474835385,TT,33.400000000000006
-1265.601471422439,55.7486901150662,TT,33.5
-1485.8634062619456,56.0259017459541,TT,33.6
-1744.3637832859222,56.30393964101752,TT,33.7
-2047.73965569088,56.58280380025644,TT,33.8
-2403.780053166982,56.86249422367093,TT,33.900000000000006
-2821.625927288831,57.143010911260895,TT,34
-3312.0048008749905,57.42435386302641,TT,34.1
-3887.5061447865723,57.706523078967436,TT,34.2
-4562.904551114893,57.989518559083976,TT,34.3
-5355.538998644781,58.273340303376074,TT,34.400000000000006
-6285.757946373418,58.55798831184366,TT,34.5
-7377.441680680442,58.84346258448678,TT,34.6
-8658.615324848466,59.12976312130543,TT,34.7
-10162.16824694979,59.416889922299575,TT,34.8
-11926.69833336831,59.70484298746929,TT,34.900000000000006
-13997.502800536884,59.99362231681449,TT,35
-16427.74097912766,60.28322791033522,TT,35.1
-19279.798919470733,60.57365976803149,TT,35.2
-22626.890847759852,60.864917889903275,TT,35.300000000000004
-26554.938582574196,61.15700227595055,TT,35.4
-31164.777156524873,61.44991292617339,TT,35.5
-36574.74326153824,61.74364984057174,TT,35.6
-42923.71296342275,62.038213019145616,TT,35.7
-50374.666664140466,62.33360246189501,TT,35.800000000000004
-59118.87282470426,62.62981816881992,TT,35.9
-69380.79784527962,62.92686013992036,TT,36
-81423.8681395682,63.22472837519632,TT,36.1
-95557.23231649694,63.523422874647814,TT,36.2
-112143.69705504607,63.82294363827482,TT,36.300000000000004
-131609.040386899,64.12329066607734,TT,36.4
-154452.94145977657,64.4244639580554,TT,36.5
-181261.80734950525,64.72646351420897,TT,36.6
-212723.82618636012,65.02928933453808,TT,36.7
-249646.63301083646,65.3329414190427,TT,36.800000000000004
-292978.0418430964,65.63741976772283,TT,36.9
-343830.37616030563,65.9427243805785,TT,37
-403509.02234751516,66.24885525760969,TT,37.1
-473545.9390919531,66.55581239881641,TT,37.2
-555738.9829100887,66.86359580419865,TT,37.300000000000004
-652198.0592975047,67.1722054737564,TT,37.4
-765399.2842060876,67.48164140748968,TT,37.5
-898248.5461787526,67.79190360539849,TT,37.6
-1054156.1007879074,68.10299206748282,TT,37.7
-1237124.1122240182,68.41490679374267,TT,37.800000000000004
-1451849.3892352728,68.72764778417803,TT,37.9
-1703843.952659798,69.04121503878893,TT,38
