umax_temp,ks_temp,Species,temp
0.14164064015610864,1.3871851906337602,AC,3
0.14335546271420746,1.3871851906337602,AC,3.1
0.1450895114656373,1.3871851906337602,AC,3.2
0.14684297161893042,1.3871851906337602,AC,3.3
0.1486160295186874,1.3871851906337602,AC,3.4
0.15040887263644065,1.3871851906337602,AC,3.5
0.15222168956096205,1.3871851906337602,AC,3.6
0.1540546699880016,1.3871851906337602,AC,3.7
0.15590800470943877,1.3871851906337602,AC,3.8
0.1577818856018347,1.3871851906337602,AC,3.9
0.15967650561436586,1.3871851906337602,AC,4
0.1615920587561248,1.3871851906337602,AC,4.1
0.16352874008277074,1.3871851906337602,AC,4.2
0.16548674568251187,1.3871851906337602,AC,4.3
0.16746627266140424,1.3871851906337602,AC,4.4
0.16946751912794622,1.3871851906337602,AC,4.5
0.17149068417695373,1.3871851906337602,AC,4.6
0.17353596787269437,1.3871851906337602,AC,4.7
0.17560357123126313,1.3871851906337602,AC,4.8
0.17769369620218112,1.3871851906337602,AC,4.9
0.17980654564919446,1.3871851906337602,AC,5
0.18194232333025612,1.3871851906337602,AC,5.1
0.18410123387666782,1.3871851906337602,AC,5.2
0.18628348277136197,1.3871851906337602,AC,5.300000000000001
0.18848927632630158,1.3871851906337602,AC,5.4
0.19071882165897575,1.3871851906337602,AC,5.5
0.19297232666796849,1.3871851906337602,AC,5.6
0.19525000000757803,1.3871851906337602,AC,5.7
0.19755205106146229,1.3871851906337602,AC,5.800000000000001
0.1998786899152865,1.3871851906337602,AC,5.9
0.20223012732834972,1.3871851906337602,AC,6
0.20460657470416344,1.3871851906337602,AC,6.1
0.2070082440599571,1.3871851906337602,AC,6.2
0.2094353479950849,1.3871851906337602,AC,6.300000000000001
0.2118880996583068,1.3871851906337602,AC,6.4
0.21436671271391566,1.3871851906337602,AC,6.5
0.21687140130668425,1.3871851906337602,AC,6.6
0.21940238002560236,1.3871851906337602,AC,6.7
0.22195986386637456,1.3871851906337602,AC,6.800000000000001
0.22454406819265066,1.3871851906337602,AC,6.9
0.22715520869595696,1.3871851906337602,AC,7
0.2297935013542971,1.3871851906337602,AC,7.1000000000000005
0.23245916238939413,1.3871851906337602,AC,7.2
0.23515240822253552,1.3871851906337602,AC,7.3
0.23787345542899502,1.3871851906337602,AC,7.4
0.24062252069099238,1.3871851906337602,AC,7.5
0.24339982074915956,1.3871851906337602,AC,7.6000000000000005
0.24620557235247648,1.3871851906337602,AC,7.7
0.24903999220664352,1.3871851906337602,AC,7.800000000000001
0.25190329692085,1.3871851906337602,AC,7.9
0.25479570295290466,1.3871851906337602,AC,8
0.25771742655269037,1.3871851906337602,AC,8.100000000000001
0.26066868370389984,1.3871851906337602,AC,8.2
0.26364969006401906,1.3871851906337602,AC,8.3
0.2666606609025127,1.3871851906337602,AC,8.4
0.2697018110371725,1.3871851906337602,AC,8.5
0.2727733547685882,1.3871851906337602,AC,8.600000000000001
0.27587550581269304,1.3871851906337602,AC,8.7
0.27900847723134503,1.3871851906337602,AC,8.8
0.2821724813608971,1.3871851906337602,AC,8.9
0.28536772973870983,1.3871851906337602,AC,9
0.2885944330275615,1.3871851906337602,AC,9.100000000000001
0.29185280093790567,1.3871851906337602,AC,9.2
0.2951430421479323,1.3871851906337602,AC,9.3
0.2984653642213766,1.3871851906337602,AC,9.4
0.30181997352303036,1.3871851906337602,AC,9.5
0.30520707513190115,1.3871851906337602,AC,9.600000000000001
0.308626872751968,1.3871851906337602,AC,9.7
0.3120795686204805,1.3871851906337602,AC,9.8
0.31556536341374375,1.3871851906337602,AC,9.9
0.3190844561503363,1.3871851906337602,AC,10
0.3226370440917046,1.3871851906337602,AC,10.100000000000001
0.3262233226400699,1.3871851906337602,AC,10.2
0.3298434852335971,1.3871851906337602,AC,10.3
0.33349772323875626,1.3871851906337602,AC,10.4
0.33718622583982216,1.3871851906337602,AC,10.5
0.3409091799254461,1.3871851906337602,AC,10.600000000000001
0.34466676997223145,1.3871851906337602,AC,10.7
0.3484591779252564,1.3871851906337602,AC,10.8
0.3522865830754671,1.3871851906337602,AC,10.9
0.3561491619338838,1.3871851906337602,AC,11
0.3600470881025384,1.3871851906337602,AC,11.1
0.3639805321420827,1.3871851906337602,AC,11.200000000000001
0.36794966143598795,1.3871851906337602,AC,11.3
0.37195464005126777,1.3871851906337602,AC,11.4
0.3759956285956434,1.3871851906337602,AC,11.5
0.38007278407107814,1.3871851906337602,AC,11.6
0.38418625972360076,1.3871851906337602,AC,11.700000000000001
0.38833620488934173,1.3871851906337602,AC,11.8
0.39252276483669335,1.3871851906337602,AC,11.9
0.39674608060451977,1.3871851906337602,AC,12
0.4010062888363237,1.3871851906337602,AC,12.1
0.4053035216102898,1.3871851906337602,AC,12.200000000000001
0.4096379062651134,1.3871851906337602,AC,12.3
0.4140095652215259,1.3871851906337602,AC,12.4
0.41841861579942297,1.3871851906337602,AC,12.5
0.4228651700305046,1.3871851906337602,AC,12.600000000000001
0.42734933446633216,1.3871851906337602,AC,12.700000000000001
0.4318712099817017,1.3871851906337602,AC,12.8
0.43643089157324044,1.3871851906337602,AC,12.9
0.4410284681531127,1.3871851906337602,AC,13
0.44566402233775504,1.3871851906337602,AC,13.100000000000001
0.4503376302315094,1.3871851906337602,AC,13.200000000000001
0.4550493612050637,1.3871851906337602,AC,13.3
0.4597992776685864,1.3871851906337602,AC,13.4
0.46458743483944653,1.3871851906337602,AC,13.5
0.46941388050439636,1.3871851906337602,AC,13.600000000000001
0.47427865477611086,1.3871851906337602,AC,13.700000000000001
0.4791817898439623,1.3871851906337602,AC,13.8
0.4841233097189124,1.3871851906337602,AC,13.9
0.48910322997238365,1.3871851906337602,AC,14
0.4941215574690192,1.3871851906337602,AC,14.100000000000001
0.49917829009316406,1.3871851906337602,AC,14.200000000000001
0.5042734164689613,1.3871851906337602,AC,14.3
0.5094069156739256,1.3871851906337602,AC,14.4
0.5145787569458631,1.3871851906337602,AC,14.5
0.5197888993829878,1.3871851906337602,AC,14.600000000000001
0.5250372916371038,1.3871851906337602,AC,14.700000000000001
0.5303238715997096,1.3871851906337602,AC,14.8
0.5356485660808792,1.3871851906337602,AC,14.9
0.5410112904807627,1.3871851906337602,AC,15
0.5464119484535679,1.3871851906337602,AC,15.100000000000001
0.5518504315638559,1.3871851906337602,AC,15.200000000000001
0.5573266189350006,1.3871851906337602,AC,15.3
0.5628403768896539,1.3871851906337602,AC,15.4
0.5683915585820445,1.3871851906337602,AC,15.5
0.5739800036219473,1.3871851906337602,AC,15.600000000000001
0.5796055376901539,1.3871851906337602,AC,15.700000000000001
0.5852679721452776,1.3871851906337602,AC,15.8
0.5909671036216977,1.3871851906337602,AC,15.9
0.5967027136184859,1.3871851906337602,AC,16
0.6024745680791133,1.3871851906337602,AC,16.1
0.6082824169617571,1.3871851906337602,AC,16.200000000000003
0.6141259938000276,1.3871851906337602,AC,16.3
0.6200050152538927,1.3871851906337602,AC,16.4
0.6259191806506395,1.3871851906337602,AC,16.5
0.6318681715156336,1.3871851906337602,AC,16.6
0.6378516510927041,1.3871851906337602,AC,16.700000000000003
0.6438692638539192,1.3871851906337602,AC,16.8
0.6499206349985482,1.3871851906337602,AC,16.9
0.6560053699409996,1.3871851906337602,AC,17
0.6621230537875022,1.3871851906337602,AC,17.1
0.668273250801303,1.3871851906337602,AC,17.200000000000003
0.6744555038561644,1.3871851906337602,AC,17.3
0.6806693338779151,1.3871851906337602,AC,17.4
0.6869142392738081,1.3871851906337602,AC,17.5
0.6931896953494685,1.3871851906337602,AC,17.6
0.6994951537131504,1.3871851906337602,AC,17.700000000000003
0.7058300416670718,1.3871851906337602,AC,17.8
0.7121937615855658,1.3871851906337602,AC,17.9
0.718585690279772,1.3871851906337602,AC,18
0.7250051783486278,1.3871851906337602,AC,18.1
0.7314515495158429,1.3871851906337602,AC,18.200000000000003
0.7379240999526346,1.3871851906337602,AC,18.3
0.7444220975858915,1.3871851906337602,AC,18.4
0.7509447813914996,1.3871851906337602,AC,18.5
0.7574913606725406,1.3871851906337602,AC,18.6
0.7640610143220492,1.3871851906337602,AC,18.700000000000003
0.7706528900700267,1.3871851906337602,AC,18.8
0.7772661037144211,1.3871851906337602,AC,18.9
0.7838997383357094,1.3871851906337602,AC,19
0.790552843494817,1.3871851906337602,AC,19.1
0.7972244344140016,1.3871851906337602,AC,19.2
0.8039134911403734,1.3871851906337602,AC,19.3
0.8106189576917475,1.3871851906337602,AC,19.400000000000002
0.8173397411844063,1.3871851906337602,AC,19.5
0.8240747109424986,1.3871851906337602,AC,19.6
0.8308226975886717,1.3871851906337602,AC,19.7
0.837582492115541,1.3871851906337602,AC,19.8
0.844352844937692,1.3871851906337602,AC,19.900000000000002
0.8511324649237917,1.3871851906337602,AC,20
0.857920018408385,1.3871851906337602,AC,20.1
0.8647141281830781,1.3871851906337602,AC,20.2
0.8715133724665809,1.3871851906337602,AC,20.3
0.8783162838533158,1.3871851906337602,AC,20.400000000000002
0.8851213482400855,1.3871851906337602,AC,20.5
0.891927003730411,1.3871851906337602,AC,20.6
0.89873163951611,1.3871851906337602,AC,20.7
0.9055335947356555,1.3871851906337602,AC,20.8
0.9123311573088566,1.3871851906337602,AC,20.900000000000002
0.9191225627474502,1.3871851906337602,AC,21
0.9259059929410487,1.3871851906337602,AC,21.1
0.9326795749180592,1.3871851906337602,AC,21.2
0.9394413795810301,1.3871851906337602,AC,21.3
0.9461894204159407,1.3871851906337602,AC,21.400000000000002
0.9529216521749335,1.3871851906337602,AC,21.5
0.9596359695319983,1.3871851906337602,AC,21.6
0.9663302057110279,1.3871851906337602,AC,21.7
0.9730021310857726,1.3871851906337602,AC,21.8
0.9796494517511043,1.3871851906337602,AC,21.900000000000002
0.9862698080650825,1.3871851906337602,AC,22
0.9928607731612082,1.3871851906337602,AC,22.1
0.9994198514303276,1.3871851906337602,AC,22.200000000000003
1.0059444769715968,1.3871851906337602,AC,22.3
1.012432012011887,1.3871851906337602,AC,22.400000000000002
1.0188797452930576,1.3871851906337602,AC,22.5
1.025284890426466,1.3871851906337602,AC,22.6
1.031644584214071,1.3871851906337602,AC,22.700000000000003
1.0379558849354975,1.3871851906337602,AC,22.8
1.0442157706004425,1.3871851906337602,AC,22.900000000000002
1.0504211371656815,1.3871851906337602,AC,23
1.0565687967161113,1.3871851906337602,AC,23.1
1.0626554756089837,1.3871851906337602,AC,23.200000000000003
1.0686778125808,1.3871851906337602,AC,23.3
1.0746323568160454,1.3871851906337602,AC,23.400000000000002
1.0805155659770085,1.3871851906337602,AC,23.5
1.0863238041940786,1.3871851906337602,AC,23.6
1.0920533400156023,1.3871851906337602,AC,23.700000000000003
1.0977003443166575,1.3871851906337602,AC,23.8
1.1032608881658978,1.3871851906337602,AC,23.900000000000002
1.1087309406496582,1.3871851906337602,AC,24
1.1141063666525781,1.3871851906337602,AC,24.1
1.1193829245938431,1.3871851906337602,AC,24.200000000000003
1.1245562641182012,1.3871851906337602,AC,24.3
1.1296219237410003,1.3871851906337602,AC,24.400000000000002
1.1345753284462186,1.3871851906337602,AC,24.5
1.1394117872366918,1.3871851906337602,AC,24.6
1.1441264906356583,1.3871851906337602,AC,24.700000000000003
1.1487145081385837,1.3871851906337602,AC,24.8
1.1531707856144502,1.3871851906337602,AC,24.900000000000002
1.157490142655453,1.3871851906337602,AC,25
1.161667269874215,1.3871851906337602,AC,25.1
1.1656967261474502,1.3871851906337602,AC,25.200000000000003
1.169572935805098,1.3871851906337602,AC,25.3
1.1732901857639355,1.3871851906337602,AC,25.400000000000002
1.1768426226045534,1.3871851906337602,AC,25.5
1.1802242495906174,1.3871851906337602,AC,25.6
1.183428923629501,1.3871851906337602,AC,25.700000000000003
1.186450352172871,1.3871851906337602,AC,25.8
1.189282090056384,1.3871851906337602,AC,25.900000000000002
1.191917536277293,1.3871851906337602,AC,26
1.1943499307085492,1.3871851906337602,AC,26.1
1.1965723507485801,1.3871851906337602,AC,26.200000000000003
1.1985777079053257,1.3871851906337602,AC,26.3
1.2003587443131725,1.3871851906337602,AC,26.400000000000002
1.2019080291819062,1.3871851906337602,AC,26.5
1.2032179551759992,1.3871851906337602,AC,26.6
1.2042807347231754,1.3871851906337602,AC,26.700000000000003
1.2050883962508987,1.3871851906337602,AC,26.8
1.2056327803492994,1.3871851906337602,AC,26.900000000000002
1.205905535859328,1.3871851906337602,AC,27
1.2058981158846809,1.3871851906337602,AC,27.1
1.2056017737259506,1.3871851906337602,AC,27.200000000000003
1.205007558735792,1.3871851906337602,AC,27.3
1.2041063120934101,1.3871851906337602,AC,27.400000000000002
1.202888662496921,1.3871851906337602,AC,27.5
1.2013450217721182,1.3871851906337602,AC,27.6
1.199465580396133,1.3871851906337602,AC,27.700000000000003
1.1972403029340661,1.3871851906337602,AC,27.8
1.1946589233873937,1.3871851906337602,AC,27.900000000000002
1.1917109404524329,1.3871851906337602,AC,28
1.188385612686698,1.3871851906337602,AC,28.1
1.1846719535822707,1.3871851906337602,AC,28.200000000000003
1.1805587265437012,1.3871851906337602,AC,28.3
1.1760344397689941,1.3871851906337602,AC,28.400000000000002
1.171087341032063,1.3871851906337602,AC,28.5
1.1657054123643196,1.3871851906337602,AC,28.6
1.1598763646340036,1.3871851906337602,AC,28.700000000000003
1.153587632021182,1.3871851906337602,AC,28.8
1.1468263663862768,1.3871851906337602,AC,28.900000000000002
1.1395794315305974,1.3871851906337602,AC,29
1.1318333973463943,1.3871851906337602,AC,29.1
1.1235745338547236,1.3871851906337602,AC,29.200000000000003
1.1147888051289883,1.3871851906337602,AC,29.3
1.1054618631017874,1.3871851906337602,AC,29.400000000000002
1.0955790412533233,1.3871851906337602,AC,29.5
1.0851253481788241,1.3871851906337602,AC,29.6
1.0740854610329933,1.3871851906337602,AC,29.700000000000003
1.0624437188490425,1.3871851906337602,AC,29.8
1.050184115729948,1.3871851906337602,AC,29.900000000000002
1.0372902939100186,1.3871851906337602,AC,30
1.0237455366836343,1.3871851906337602,AC,30.1
1.0095327611994023,1.3871851906337602,AC,30.200000000000003
0.9946345111169066,1.3871851906337602,AC,30.3
0.9790329491234324,1.3871851906337602,AC,30.400000000000002
0.9627098493084212,1.3871851906337602,AC,30.5
0.945646589392787,1.3871851906337602,AC,30.6
0.927824142810401,1.3871851906337602,AC,30.700000000000003
0.909223070639186,1.3871851906337602,AC,30.8
0.8898235133790173,1.3871851906337602,AC,30.900000000000002
0.8696051825734301,1.3871851906337602,AC,31
0.8485473522725862,1.3871851906337602,AC,31.1
0.8266288503342274,1.3871851906337602,AC,31.200000000000003
0.8038280495599608,1.3871851906337602,AC,31.3
0.7801228586636846,1.3871851906337602,AC,31.400000000000002
0.7554907130690012,1.3871851906337602,AC,31.5
0.7299085655327247,1.3871851906337602,AC,31.6
0.703352876591083,1.3871851906337602,AC,31.700000000000003
0.6757996048254888,1.3871851906337602,AC,31.8
0.6472241969444248,1.3871851906337602,AC,31.900000000000002
0.617601577678272,1.3871851906337602,AC,32
0.5869061394835988,1.3871851906337602,AC,32.1
0.5551117320532448,1.3871851906337602,AC,32.2
0.5221916516288836,1.3871851906337602,AC,32.3
0.4881186301124778,1.3871851906337602,AC,32.400000000000006
0.45286482397261807,1.3871851906337602,AC,32.5
0.4164018029423353,1.3871851906337602,AC,32.6
0.3787005385044928,1.3871851906337602,AC,32.7
0.33973139216080384,1.3871851906337602,AC,32.8
0.29946410348066266,1.3871851906337602,AC,32.900000000000006
0.2578677779255827,1.3871851906337602,AC,33
0.214910874445156,1.3871851906337602,AC,33.1
0.1705611928409141,1.3871851906337602,AC,33.2
0.12478586089284249,1.3871851906337602,AC,33.3
0.07755132124530917,1.3871851906337602,AC,33.400000000000006
0.028823318047106028,1.3871851906337602,AC,33.5
-0.02143311665811609,1.3871851906337602,AC,33.6
-0.07325367679613493,1.3871851906337602,AC,33.7
-0.12667479638532342,1.3871851906337602,AC,33.8
-0.18173366392393575,1.3871851906337602,AC,33.900000000000006
-0.2384682370458009,1.3871851906337602,AC,34
-0.2969172574494081,1.3871851906337602,AC,34.1
-0.35712026610587344,1.3871851906337602,AC,34.2
-0.4191176187499508,1.3871851906337602,AC,34.3
-0.4829505016599924,1.3871851906337602,AC,34.400000000000006
-0.5486609477316549,1.3871851906337602,AC,34.5
-0.6162918528509067,1.3871851906337602,AC,34.6
-0.685886992571767,1.3871851906337602,AC,34.7
-0.7574910391040177,1.3871851906337602,AC,34.8
-0.8311495786167811,1.3871851906337602,AC,34.900000000000006
-0.906909128863731,1.3871851906337602,AC,35
-0.9848171571353319,1.3871851906337602,AC,35.1
-1.0649220985446277,1.3871851906337602,AC,35.2
-1.1472733746522294,1.3871851906337602,AC,35.300000000000004
-1.2319214124365985,1.3871851906337602,AC,35.4
-1.318917663615963,1.3871851906337602,AC,35.5
-1.4083146243285114,1.3871851906337602,AC,35.6
-1.5001658551767818,1.3871851906337602,AC,35.7
-1.5945260016431106,1.3871851906337602,AC,35.800000000000004
-1.6914508148831615,1.3871851906337602,AC,35.9
-1.7909971729036158,1.3871851906337602,AC,36
-1.8932231021315786,1.3871851906337602,AC,36.1
-1.9981877993826132,1.3871851906337602,AC,36.2
-2.1059516542344383,1.3871851906337602,AC,36.300000000000004
-2.216576271813672,1.3871851906337602,AC,36.4
-2.330124496003279,1.3871851906337602,AC,36.5
-2.446660433077568,1.3871851906337602,AC,36.6
-2.5662494757739864,1.3871851906337602,AC,36.7
-2.688958327807562,1.3871851906337602,AC,36.800000000000004
-2.814855028837492,1.3871851906337602,AC,36.9
-2.9440089798933897,1.3871851906337602,AC,37
-3.07649096926945,1.3871851906337602,AC,37.1
-3.2123731988951576,1.3871851906337602,AC,37.2
-3.351729311191143,1.3871851906337602,AC,37.300000000000004
-3.494634416418428,1.3871851906337602,AC,37.4
-3.6411651205304665,1.3871851906337602,AC,37.5
-3.7913995535367775,1.3871851906337602,AC,37.6
-3.9454173983871854,1.3871851906337602,AC,37.7
-4.103299920386725,1.3871851906337602,AC,37.800000000000004
-4.2651299971493515,1.3871851906337602,AC,37.9
-4.430992149101968,1.3871851906337602,AC,38
-0.5870240791862678,0.5649887638037931,CH,3
-0.5737260429201179,0.5649887638037931,CH,3.1
-0.5604459272436522,0.5649887638037931,CH,3.2
-0.5471839271075183,0.5649887638037931,CH,3.3
-0.5339402385085421,0.5649887638037931,CH,3.4
-0.5207150584947158,0.5649887638037931,CH,3.5
-0.5075085851701822,0.5649887638037931,CH,3.6
-0.4943210177002122,0.5649887638037931,CH,3.7
-0.4811525563162853,0.5649887638037931,CH,3.8
-0.4680034023210844,0.5649887638037931,CH,3.9
-0.45487375809362973,0.5649887638037931,CH,4
-0.44176382709432716,0.5649887638037931,CH,4.1
-0.42867381387013026,0.5649887638037931,CH,4.2
-0.41560392405965274,0.5649887638037931,CH,4.3
-0.4025543643983802,0.5649887638037931,CH,4.4
-0.389525342723811,0.5649887638037931,CH,4.5
-0.3765170679807248,0.5649887638037931,CH,4.6
-0.36352975022639455,0.5649887638037931,CH,4.7
-0.35056360063583725,0.5649887638037931,CH,4.8
-0.3376188315071609,0.5649887638037931,CH,4.9
-0.32469565626680463,0.5649887638037931,CH,5
-0.31179428947493193,0.5649887638037931,CH,5.1
-0.2989149468307666,0.5649887638037931,CH,5.2
-0.2860578451779894,0.5649887638037931,CH,5.300000000000001
-0.2732232025101453,0.5649887638037931,CH,5.4
-0.2604112379760757,0.5649887638037931,CH,5.5
-0.24762217188538926,0.5649887638037931,CH,5.6
-0.23485622571393705,0.5649887638037931,CH,5.7
-0.22211362210933316,0.5649887638037931,CH,5.800000000000001
-0.20939458489649354,0.5649887638037931,CH,5.9
-0.1966993390831746,0.5649887638037931,CH,6
-0.18402811086558657,0.5649887638037931,CH,6.1
-0.17138112763400315,0.5649887638037931,CH,6.2
-0.15875861797838198,0.5649887638037931,CH,6.300000000000001
-0.14616081169403827,0.5649887638037931,CH,6.4
-0.13358793978734695,0.5649887638037931,CH,6.5
-0.12104023448144119,0.5649887638037931,CH,6.6
-0.10851792922196069,0.5649887638037931,CH,6.7
-0.0960212586828284,0.5649887638037931,CH,6.800000000000001
-0.08355045877202727,0.5649887638037931,CH,6.9
-0.07110576663743728,0.5649887638037931,CH,7
-0.05868742067267263,0.5649887638037931,CH,7.1000000000000005
-0.04629566052298273,0.5649887638037931,CH,7.2
-0.033930727091107116,0.5649887638037931,CH,7.3
-0.021592862543240443,0.5649887638037931,CH,7.4
-0.009282310314979725,0.5649887638037931,CH,7.5
0.003000684882696447,0.5649887638037931,CH,7.6000000000000005
0.015255877057416711,0.5649887638037931,CH,7.7
0.02748301892938798,0.5649887638037931,CH,7.800000000000001
0.03968186192529899,0.5649887638037931,CH,7.9
0.05185215617226646,0.5649887638037931,CH,8
0.06399365049169603,0.5649887638037931,CH,8.100000000000001
0.07610609239312893,0.5649887638037931,CH,8.2
0.08818922806807805,0.5649887638037931,CH,8.3
0.10024280238379646,0.5649887638037931,CH,8.4
0.11226655887708858,0.5649887638037931,CH,8.5
0.12426023974800415,0.5649887638037931,CH,8.600000000000001
0.1362235858535712,0.5649887638037931,CH,8.7
0.1481563367014722,0.5649887638037931,CH,8.8
0.1600582304436884,0.5649887638037931,CH,8.9
0.1719290038701402,0.5649887638037931,CH,9
0.18376839240226772,0.5649887638037931,CH,9.100000000000001
0.19557613008657881,0.5649887638037931,CH,9.2
0.2073519495882259,0.5649887638037931,CH,9.3
0.2190955821844689,0.5649887638037931,CH,9.4
0.2308067577581845,0.5649887638037931,CH,9.5
0.24248520479128644,0.5649887638037931,CH,9.600000000000001
0.25413065035816373,0.5649887638037931,CH,9.7
0.26574282011903705,0.5649887638037931,CH,9.8
0.2773214383133471,0.5649887638037931,CH,9.9
0.2888662277530578,0.5649887638037931,CH,10
0.30037690981595944,0.5649887638037931,CH,10.100000000000001
0.31185320443894327,0.5649887638037931,CH,10.2
0.32329483011120885,0.5649887638037931,CH,10.3
0.33470150386749253,0.5649887638037931,CH,10.4
0.3460729412812107,0.5649887638037931,CH,10.5
0.35740885645763854,0.5649887638037931,CH,10.600000000000001
0.368708962026993,0.5649887638037931,CH,10.7
0.3799729691374978,0.5649887638037931,CH,10.8
0.3912005874484734,0.5649887638037931,CH,10.9
0.40239152512330634,0.5649887638037931,CH,11
0.4135454888224537,0.5649887638037931,CH,11.1
0.42466218369639464,0.5649887638037931,CH,11.200000000000001
0.4357413133785464,0.5649887638037931,CH,11.3
0.4467825799781302,0.5649887638037931,CH,11.4
0.4577856840730625,0.5649887638037931,CH,11.5
0.4687503247027429,0.5649887638037931,CH,11.6
0.4796761993608527,0.5649887638037931,CH,11.700000000000001
0.49056300398811814,0.5649887638037931,CH,11.8
0.5014104329650237,0.5649887638037931,CH,11.9
0.5122181791045008,0.5649887638037931,CH,12
0.5229859336445841,0.5649887638037931,CH,12.1
0.5337133862410326,0.5649887638037931,CH,12.200000000000001
0.5444002249599329,0.5649887638037931,CH,12.3
0.5550461362702244,0.5649887638037931,CH,12.4
0.5656508050362277,0.5649887638037931,CH,12.5
0.5762139145101699,0.5649887638037931,CH,12.600000000000001
0.5867351463245782,0.5649887638037931,CH,12.700000000000001
0.5972141804847304,0.5649887638037931,CH,12.8
0.6076506953610377,0.5649887638037931,CH,12.9
0.6180443676813887,0.5649887638037931,CH,13
0.6283948725234474,0.5649887638037931,CH,13.100000000000001
0.6387018833069504,0.5649887638037931,CH,13.200000000000001
0.648965071785959,0.5649887638037931,CH,13.3
0.6591841080410425,0.5649887638037931,CH,13.4
0.6693586604714383,0.5649887638037931,CH,13.5
0.6794883957872493,0.5649887638037931,CH,13.600000000000001
0.6895729790014862,0.5649887638037931,CH,13.700000000000001
0.6996120734221414,0.5649887638037931,CH,13.8
0.7096053406442451,0.5649887638037931,CH,13.9
0.7195524405418219,0.5649887638037931,CH,14
0.7294530312598866,0.5649887638037931,CH,14.100000000000001
0.739306769206312,0.5649887638037931,CH,14.200000000000001
0.7491133090437607,0.5649887638037931,CH,14.3
0.7588723036814891,0.5649887638037931,CH,14.4
0.76858340426719,0.5649887638037931,CH,14.5
0.7782462601787437,0.5649887638037931,CH,14.600000000000001
0.7878605190159433,0.5649887638037931,CH,14.700000000000001
0.7974258265922103,0.5649887638037931,CH,14.8
0.8069418269262378,0.5649887638037931,CH,14.9
0.8164081622336177,0.5649887638037931,CH,15
0.8258244729184092,0.5649887638037931,CH,15.100000000000001
0.8351903975646984,0.5649887638037931,CH,15.200000000000001
0.8445055729280959,0.5649887638037931,CH,15.3
0.8537696339271896,0.5649887638037931,CH,15.4
0.862982213634993,0.5649887638037931,CH,15.5
0.8721429432703083,0.5649887638037931,CH,15.600000000000001
0.8812514521891011,0.5649887638037931,CH,15.700000000000001
0.890307367875792,0.5649887638037931,CH,15.8
0.899310315934521,0.5649887638037931,CH,15.9
0.908259920080404,0.5649887638037931,CH,16
0.9171558021306794,0.5649887638037931,CH,16.1
0.9259975819958939,0.5649887638037931,CH,16.200000000000003
0.934784877671003,0.5649887638037931,CH,16.3
0.9435173052264254,0.5649887638037931,CH,16.4
0.9521944787990826,0.5649887638037931,CH,16.5
0.9608160105833932,0.5649887638037931,CH,16.6
0.9693815108221955,0.5649887638037931,CH,16.700000000000003
0.9778905877976669,0.5649887638037931,CH,16.8
0.9863428478221898,0.5649887638037931,CH,16.9
0.9947378952291714,0.5649887638037931,CH,17
1.0030753323638066,0.5649887638037931,CH,17.1
1.0113547595738446,0.5649887638037931,CH,17.200000000000003
1.0195757752002628,0.5649887638037931,CH,17.3
1.0277379755679164,0.5649887638037931,CH,17.4
1.0358409549761802,0.5649887638037931,CH,17.5
1.0438843056894704,0.5649887638037931,CH,17.6
1.051867617927801,0.5649887638037931,CH,17.700000000000003
1.059790479857277,0.5649887638037931,CH,17.8
1.0676524775804737,0.5649887638037931,CH,17.9
1.0754531951269044,0.5649887638037931,CH,18
1.0831922144433221,0.5649887638037931,CH,18.1
1.0908691153840557,0.5649887638037931,CH,18.200000000000003
1.098483475701233,0.5649887638037931,CH,18.3
1.1060348710350496,0.5649887638037931,CH,18.4
1.1135228749039037,0.5649887638037931,CH,18.5
1.1209470586945542,0.5649887638037931,CH,18.6
1.1283069916521704,0.5649887638037931,CH,18.700000000000003
1.135602240870412,0.5649887638037931,CH,18.8
1.1428323712813864,0.5649887638037931,CH,18.9
1.1499969456456185,0.5649887638037931,CH,19
1.1570955245419512,0.5649887638037931,CH,19.1
1.1641276663573912,0.5649887638037931,CH,19.2
1.1710929272769341,0.5649887638037931,CH,19.3
1.1779908612733045,0.5649887638037931,CH,19.400000000000002
1.1848210200967024,0.5649887638037931,CH,19.5
1.1915829532644615,0.5649887638037931,CH,19.6
1.198276208050654,0.5649887638037931,CH,19.7
1.2049003294757092,0.5649887638037931,CH,19.8
1.2114548602958948,0.5649887638037931,CH,19.900000000000002
1.217939340992828,0.5649887638037931,CH,20
1.224353309762904,0.5649887638037931,CH,20.1
1.2306963025066757,0.5649887638037931,CH,20.2
1.2369678528182,0.5649887638037931,CH,20.3
1.2431674919742974,0.5649887638037931,CH,20.400000000000002
1.249294748923841,0.5649887638037931,CH,20.5
1.2553491502768992,0.5649887638037931,CH,20.6
1.2613302202939103,0.5649887638037931,CH,20.7
1.2672374808747513,0.5649887638037931,CH,20.8
1.2730704515477882,0.5649887638037931,CH,20.900000000000002
1.2788286494588803,0.5649887638037931,CH,21
1.2845115893603172,0.5649887638037931,CH,21.1
1.290118783599688,0.5649887638037931,CH,21.2
1.295649742108754,0.5649887638037931,CH,21.3
1.3011039723922302,0.5649887638037931,CH,21.400000000000002
1.306480979516511,0.5649887638037931,CH,21.5
1.3117802660983777,0.5649887638037931,CH,21.6
1.3170013322936178,0.5649887638037931,CH,21.7
1.3221436757856395,0.5649887638037931,CH,21.8
1.327206791773964,0.5649887638037931,CH,21.900000000000002
1.33219017296274,0.5649887638037931,CH,22
1.3370933095491573,0.5649887638037931,CH,22.1
1.341915689211831,0.5649887638037931,CH,22.200000000000003
1.3466567970991221,0.5649887638037931,CH,22.3
1.3513161158173936,0.5649887638037931,CH,22.400000000000002
1.3558931254192572,0.5649887638037931,CH,22.5
1.360387303391711,0.5649887638037931,CH,22.6
1.3647981246442598,0.5649887638037931,CH,22.700000000000003
1.3691250614969768,0.5649887638037931,CH,22.8
1.3733675836684753,0.5649887638037931,CH,22.900000000000002
1.3775251582638965,0.5649887638037931,CH,23
1.3815972497627804,0.5649887638037931,CH,23.1
1.3855833200068908,0.5649887638037931,CH,23.200000000000003
1.3894828281880187,0.5649887638037931,CH,23.3
1.3932952308357045,0.5649887638037931,CH,23.400000000000002
1.3970199818048883,0.5649887638037931,CH,23.5
1.4006565322635467,0.5649887638037931,CH,23.6
1.404204330680244,0.5649887638037931,CH,23.700000000000003
1.40766282281162,0.5649887638037931,CH,23.8
1.4110314516898548,0.5649887638037931,CH,23.900000000000002
1.4143096576100511,0.5649887638037931,CH,24
1.417496878117543,0.5649887638037931,CH,24.1
1.4205925479951986,0.5649887638037931,CH,24.200000000000003
1.4235960992506094,0.5649887638037931,CH,24.3
1.426506961103275,0.5649887638037931,CH,24.400000000000002
1.4293245599716613,0.5649887638037931,CH,24.5
1.432048319460275,0.5649887638037931,CH,24.6
1.4346776603466331,0.5649887638037931,CH,24.700000000000003
1.437212000568163,0.5649887638037931,CH,24.8
1.4396507552091116,0.5649887638037931,CH,24.900000000000002
1.4419933364872897,0.5649887638037931,CH,25
1.4442391537408632,0.5649887638037931,CH,25.1
1.446387613415002,0.5649887638037931,CH,25.200000000000003
1.4484381190485216,0.5649887638037931,CH,25.3
1.4503900712604256,0.5649887638037931,CH,25.400000000000002
1.4522428677364196,0.5649887638037931,CH,25.5
1.4539959032153504,0.5649887638037931,CH,25.6
1.4556485694755636,0.5649887638037931,CH,25.700000000000003
1.45720025532124,0.5649887638037931,CH,25.8
1.4586503465686214,0.5649887638037931,CH,25.900000000000002
1.4599982260322477,0.5649887638037931,CH,26
1.4612432735110232,0.5649887638037931,CH,26.1
1.4623848657743217,0.5649887638037931,CH,26.200000000000003
1.4634223765479817,0.5649887638037931,CH,26.3
1.4643551765002307,0.5649887638037931,CH,26.400000000000002
1.4651826332275562,0.5649887638037931,CH,26.5
1.465904111240551,0.5649887638037931,CH,26.6
1.4665189719495935,0.5649887638037931,CH,26.700000000000003
1.4670265736505854,0.5649887638037931,CH,26.8
1.4674262715105435,0.5649887638037931,CH,26.900000000000002
1.4677174175531533,0.5649887638037931,CH,27
1.467899360644239,0.5649887638037931,CH,27.1
1.467971446477197,0.5649887638037931,CH,27.200000000000003
1.4679330175583338,0.5649887638037931,CH,27.3
1.467783413192187,0.5649887638037931,CH,27.400000000000002
1.4675219694666701,0.5649887638037931,CH,27.5
1.4671480192383122,0.5649887638037931,CH,27.6
1.466660892117261,0.5649887638037931,CH,27.700000000000003
1.4660599144523658,0.5649887638037931,CH,27.8
1.4653444093160743,0.5649887638037931,CH,27.900000000000002
1.4645136964893446,0.5649887638037931,CH,28
1.4635670924464321,0.5649887638037931,CH,28.1
1.4625039103396524,0.5649887638037931,CH,28.200000000000003
1.4613234599840332,0.5649887638037931,CH,28.3
1.460025047841924,0.5649887638037931,CH,28.400000000000002
1.4586079770075564,0.5649887638037931,CH,28.5
1.457071547191461,0.5649887638037931,CH,28.6
1.4554150547048756,0.5649887638037931,CH,28.700000000000003
1.4536377924440878,0.5649887638037931,CH,28.8
1.4517390498746536,0.5649887638037931,CH,28.900000000000002
1.449718113015603,0.5649887638037931,CH,29
1.4475742644235332,0.5649887638037931,CH,29.1
1.445306783176619,0.5649887638037931,CH,29.200000000000003
1.4429149448586251,0.5649887638037931,CH,29.3
1.440398021542773,0.5649887638037931,CH,29.400000000000002
1.4377552817755266,0.5649887638037931,CH,29.5
1.4349859905603815,0.5649887638037931,CH,29.6
1.4320894093415006,0.5649887638037931,CH,29.700000000000003
1.4290647959873404,0.5649887638037931,CH,29.8
1.4259114047741193,0.5649887638037931,CH,29.900000000000002
1.422628486369316,0.5649887638037931,CH,30
1.4192152878150281,0.5649887638037931,CH,30.1
1.415671052511236,0.5649887638037931,CH,30.200000000000003
1.4119950201990399,0.5649887638037931,CH,30.3
1.408186426943825,0.5649887638037931,CH,30.400000000000002
1.4042445051182888,0.5649887638037931,CH,30.5
1.4001684833854569,0.5649887638037931,CH,30.6
1.3959575866815825,0.5649887638037931,CH,30.700000000000003
1.3916110361989844,0.5649887638037931,CH,30.8
1.3871280493688047,0.5649887638037931,CH,30.900000000000002
1.382507839843683,0.5649887638037931,CH,31
1.3777496174803652,0.5649887638037931,CH,31.1
1.3728525883221998,0.5649887638037931,CH,31.200000000000003
1.3678159545816122,0.5649887638037931,CH,31.3
1.3626389146224547,0.5649887638037931,CH,31.400000000000002
1.35732066294225,0.5649887638037931,CH,31.5
1.3518603901544672,0.5649887638037931,CH,31.6
1.3462572829705728,0.5649887638037931,CH,31.700000000000003
1.3405105241821147,0.5649887638037931,CH,31.8
1.3346192926426461,0.5649887638037931,CH,31.900000000000002
1.3285827632496172,0.5649887638037931,CH,32
1.3224001069261888,0.5649887638037931,CH,32.1
1.316070490602904,0.5649887638037931,CH,32.2
1.3095930771993345,0.5649887638037931,CH,32.3
1.302967025605632,0.5649887638037931,CH,32.400000000000006
1.2961914906639898,0.5649887638037931,CH,32.5
1.2892656231499977,0.5649887638037931,CH,32.6
1.282188569753945,0.5649887638037931,CH,32.7
1.2749594730620508,0.5649887638037931,CH,32.8
1.2675774715375496,0.5649887638037931,CH,32.900000000000006
1.2600416995017483,0.5649887638037931,CH,33
1.2523512871149727,0.5649887638037931,CH,33.1
1.2445053603574294,0.5649887638037931,CH,33.2
1.236503041009989,0.5649887638037931,CH,33.3
1.2283434466348666,0.5649887638037931,CH,33.400000000000006
1.22002569055622,0.5649887638037931,CH,33.5
1.211548881840681,0.5649887638037931,CH,33.6
1.202912125277777,0.5649887638037931,CH,33.7
1.1941145213602553,0.5649887638037931,CH,33.8
1.1851551662643374,0.5649887638037931,CH,33.900000000000006
1.1760331518298877,0.5649887638037931,CH,34
1.166747565540465,0.5649887638037931,CH,34.1
1.1572974905033,0.5649887638037931,CH,34.2
1.147682005429214,0.5649887638037931,CH,34.3
1.1379001846123629,0.5649887638037931,CH,34.400000000000006
1.1279510979099818,0.5649887638037931,CH,34.5
1.11783381072199,0.5649887638037931,CH,34.6
1.1075473839704912,0.5649887638037931,CH,34.7
1.0970908740792247,0.5649887638037931,CH,34.8
1.086463332952892,0.5649887638037931,CH,34.900000000000006
1.0756638079563565,0.5649887638037931,CH,35
1.064691341893866,0.5649887638037931,CH,35.1
1.0535449729880462,0.5649887638037931,CH,35.2
1.0422237348588723,0.5649887638037931,CH,35.300000000000004
1.0307266565025301,0.5649887638037931,CH,35.4
1.0190527622701708,0.5649887638037931,CH,35.5
1.0072010718465911,0.5649887638037931,CH,35.6
0.9951706002288248,0.5649887638037931,CH,35.7
0.9829603577045525,0.5649887638037931,CH,35.800000000000004
0.9705693498305621,0.5649887638037931,CH,35.9
0.957996577410956,0.5649887638037931,CH,36
0.9452410364753696,0.5649887638037931,CH,36.1
0.9323017182570403,0.5649887638037931,CH,36.2
0.9191776091708022,0.5649887638037931,CH,36.300000000000004
0.9058676907909486,0.5649887638037931,CH,36.4
0.8923709398290249,0.5649887638037931,CH,36.5
0.8786863281115167,0.5649887638037931,CH,36.6
0.8648128225574006,0.5649887638037931,CH,36.7
0.850749385155666,0.5649887638037931,CH,36.800000000000004
0.8364949729426527,0.5649887638037931,CH,36.9
0.8220485379793452,0.5649887638037931,CH,37
0.8074090273285357,0.5649887638037931,CH,37.1
0.7925753830318953,0.5649887638037931,CH,37.2
0.7775465420869274,0.5649887638037931,CH,37.300000000000004
0.7623214364238429,0.5649887638037931,CH,37.4
0.7468989928822936,0.5649887638037931,CH,37.5
0.731278133188038,0.5649887638037931,CH,37.6
0.715457773929483,0.5649887638037931,CH,37.7
0.6994368265340896,0.5649887638037931,CH,37.800000000000004
0.6832141972447445,0.5649887638037931,CH,37.9
0.6667887870959746,0.5649887638037931,CH,38
0.08012234685459191,0.23462361252015276,CS,3
0.08121201993927718,0.23462361252015276,CS,3.1
0.08231531688345761,0.23462361252015276,CS,3.2
0.08343238112314011,0.23462361252015276,CS,3.3
0.0845633569462832,0.23462361252015276,CS,3.4
0.0857083894787331,0.23462361252015276,CS,3.5
0.08686762466940512,0.23462361252015276,CS,3.6
0.08804120927469183,0.23462361252015276,CS,3.7
0.0892292908420721,0.23462361252015276,CS,3.8
0.09043201769290127,0.23462361252015276,CS,3.9
0.09164953890435518,0.23462361252015276,CS,4
0.09288200429050719,0.23462361252015276,CS,4.1
0.09412956438251069,0.23462361252015276,CS,4.2
0.09539237040786253,0.23462361252015276,CS,4.3
0.09667057426872283,0.23462361252015276,CS,4.4
0.09796432851926035,0.23462361252015276,CS,4.5
0.09927378634200207,0.23462361252015276,CS,4.6
0.1005991015231521,0.23462361252015276,CS,4.7
0.1019404284268573,0.23462361252015276,CS,4.8
0.10329792196838616,0.23462361252015276,CS,4.9
0.10467173758619275,0.23462361252015276,CS,5
0.10606203121283364,0.23462361252015276,CS,5.1
0.10746895924470912,0.23462361252015276,CS,5.2
0.10889267851059053,0.23462361252015276,CS,5.300000000000001
0.11033334623890817,0.23462361252015276,CS,5.4
0.1117911200237598,0.23462361252015276,CS,5.5
0.11326615778960775,0.23462361252015276,CS,5.6
0.11475861775462864,0.23462361252015276,CS,5.7
0.11626865839268036,0.23462361252015276,CS,5.800000000000001
0.11779643839384585,0.23462361252015276,CS,5.9
0.11934211662352096,0.23462361252015276,CS,6
0.12090585208000143,0.23462361252015276,CS,6.1
0.1224878038505337,0.23462361252015276,CS,6.2
0.12408813106578631,0.23462361252015276,CS,6.300000000000001
0.12570699285270076,0.23462361252015276,CS,6.4
0.1273445482856792,0.23462361252015276,CS,6.5
0.12900095633606523,0.23462361252015276,CS,6.6
0.13067637581987157,0.23462361252015276,CS,6.7
0.1323709653437114,0.23462361252015276,CS,6.800000000000001
0.13408488324888412,0.23462361252015276,CS,6.9
0.13581828755356862,0.23462361252015276,CS,7
0.1375713358930739,0.23462361252015276,CS,7.1000000000000005
0.13934418545809923,0.23462361252015276,CS,7.2
0.14113699293094883,0.23462361252015276,CS,7.3
0.14294991441965155,0.23462361252015276,CS,7.4
0.1447831053899291,0.23462361252015276,CS,7.5
0.14663672059496202,0.23462361252015276,CS,7.6000000000000005
0.1485109140028894,0.23462361252015276,CS,7.7
0.1504058387219942,0.23462361252015276,CS,7.800000000000001
0.15232164692350703,0.23462361252015276,CS,7.9
0.15425848976197365,0.23462361252015276,CS,8
0.1562165172931198,0.23462361252015276,CS,8.100000000000001
0.15819587838915505,0.23462361252015276,CS,8.2
0.1601967206514474,0.23462361252015276,CS,8.3
0.16221919032050347,0.23462361252015276,CS,8.4
0.16426343218318828,0.23462361252015276,CS,8.5
0.16632958947711285,0.23462361252015276,CS,8.600000000000001
0.16841780379212234,0.23462361252015276,CS,8.7
0.17052821496880832,0.23462361252015276,CS,8.8
0.17266096099397465,0.23462361252015276,CS,8.9
0.17481617789297976,0.23462361252015276,CS,9
0.1769939996188794,0.23462361252015276,CS,9.100000000000001
0.17919455793828787,0.23462361252015276,CS,9.2
0.18141798231387884,0.23462361252015276,CS,9.3
0.18366439978344573,0.23462361252015276,CS,9.4
0.1859339348354323,0.23462361252015276,CS,9.5
0.1882267092808464,0.23462361252015276,CS,9.600000000000001
0.19054284212147765,0.23462361252015276,CS,9.7
0.19288244941431587,0.23462361252015276,CS,9.8
0.19524564413208656,0.23462361252015276,CS,9.9
0.19763253601980768,0.23462361252015276,CS,10
0.2000432314472672,0.23462361252015276,CS,10.100000000000001
0.20247783325732704,0.23462361252015276,CS,10.2
0.20493644060995087,0.23462361252015276,CS,10.3
0.2074191488218503,0.23462361252015276,CS,10.4
0.20992604920164826,0.23462361252015276,CS,10.5
0.21245722888044938,0.23462361252015276,CS,10.600000000000001
0.2150127706377032,0.23462361252015276,CS,10.7
0.21759275272225587,0.23462361252015276,CS,10.8
0.22019724866846824,0.23462361252015276,CS,10.9
0.22282632710728523,0.23462361252015276,CS,11
0.22548005157213402,0.23462361252015276,CS,11.1
0.22815848029953134,0.23462361252015276,CS,11.200000000000001
0.23086166602427172,0.23462361252015276,CS,11.3
0.23358965576906687,0.23462361252015276,CS,11.4
0.2363424906285072,0.23462361252015276,CS,11.5
0.23912020554721214,0.23462361252015276,CS,11.6
0.24192282909202545,0.23462361252015276,CS,11.700000000000001
0.24475038321812304,0.23462361252015276,CS,11.8
0.2476028830288859,0.23462361252015276,CS,11.9
0.2504803365293904,0.23462361252015276,CS,12
0.25338274437337005,0.23462361252015276,CS,12.1
0.25631009960348927,0.23462361252015276,CS,12.200000000000001
0.25926238738478213,0.23462361252015276,CS,12.3
0.262239584731087,0.23462361252015276,CS,12.4
0.26524166022431683,0.23462361252015276,CS,12.5
0.26826857372639723,0.23462361252015276,CS,12.600000000000001
0.27132027608371057,0.23462361252015276,CS,12.700000000000001
0.2743967088238528,0.23462361252015276,CS,12.8
0.2774978038445475,0.23462361252015276,CS,12.9
0.2806234830945078,0.23462361252015276,CS,13
0.28377365824610035,0.23462361252015276,CS,13.100000000000001
0.28694823035956607,0.23462361252015276,CS,13.200000000000001
0.2901470895386633,0.23462361252015276,CS,13.3
0.2933701145774801,0.23462361252015276,CS,13.4
0.2966171725982607,0.23462361252015276,CS,13.5
0.2998881186799982,0.23462361252015276,CS,13.600000000000001
0.3031827954776152,0.23462361252015276,CS,13.700000000000001
0.30650103283148566,0.23462361252015276,CS,13.8
0.30984264736710765,0.23462361252015276,CS,13.9
0.31320744208467555,0.23462361252015276,CS,14
0.3165952059383319,0.23462361252015276,CS,14.100000000000001
0.32000571340487105,0.23462361252015276,CS,14.200000000000001
0.3234387240416363,0.23462361252015276,CS,14.3
0.3268939820333787,0.23462361252015276,CS,14.4
0.33037121572781825,0.23462361252015276,CS,14.5
0.33387013715965885,0.23462361252015276,CS,14.600000000000001
0.33739044156278686,0.23462361252015276,CS,14.700000000000001
0.3409318068703877,0.23462361252015276,CS,14.8
0.34449389320270685,0.23462361252015276,CS,14.9
0.34807634234218643,0.23462361252015276,CS,15
0.351678777195672,0.23462361252015276,CS,15.100000000000001
0.3553008012434047,0.23462361252015276,CS,15.200000000000001
0.35894199797452053,0.23462361252015276,CS,15.3
0.36260193030872534,0.23462361252015276,CS,15.4
0.3662801400038447,0.23462361252015276,CS,15.5
0.369976147048936,0.23462361252015276,CS,15.600000000000001
0.3736894490426401,0.23462361252015276,CS,15.700000000000001
0.37741952055642614,0.23462361252015276,CS,15.8
0.3811658124824149,0.23462361252015276,CS,15.9
0.38492775136540214,0.23462361252015276,CS,16
0.38870473871877476,0.23462361252015276,CS,16.1
0.39249615032391416,0.23462361252015276,CS,16.200000000000003
0.3963013355127507,0.23462361252015276,CS,16.3
0.4001196164330656,0.23462361252015276,CS,16.4
0.4039502872962042,0.23462361252015276,CS,16.5
0.4077926136067367,0.23462361252015276,CS,16.6
0.41164583137373567,0.23462361252015276,CS,16.700000000000003
0.4155091463032239,0.23462361252015276,CS,16.8
0.41938173297137915,0.23462361252015276,CS,16.9
0.4232627339780821,0.23462361252015276,CS,17
0.427151259080357,0.23462361252015276,CS,17.1
0.43104638430527276,0.23462361252015276,CS,17.200000000000003
0.4349471510418428,0.23462361252015276,CS,17.3
0.43885256511147297,0.23462361252015276,CS,17.4
0.44276159581644636,0.23462361252015276,CS,17.5
0.446673174966028,0.23462361252015276,CS,17.6
0.4505861958796271,0.23462361252015276,CS,17.700000000000003
0.45449951236656405,0.23462361252015276,CS,17.8
0.45841193768188226,0.23462361252015276,CS,17.9
0.46232224345773965,0.23462361252015276,CS,18
0.4662291586097762,0.23462361252015276,CS,18.1
0.4701313682179489,0.23462361252015276,CS,18.200000000000003
0.47402751238128626,0.23462361252015276,CS,18.3
0.47791618504594435,0.23462361252015276,CS,18.4
0.4817959328060315,0.23462361252015276,CS,18.5
0.48566525367657754,0.23462361252015276,CS,18.6
0.48952259583804114,0.23462361252015276,CS,18.700000000000003
0.493366356351741,0.23462361252015276,CS,18.8
0.49719487984560207,0.23462361252015276,CS,18.9
0.5010064571694919,0.23462361252015276,CS,19
0.504799324019598,0.23462361252015276,CS,19.1
0.508571659531075,0.23462361252015276,CS,19.2
0.5123215848383262,0.23462361252015276,CS,19.3
0.5160471616021995,0.23462361252015276,CS,19.400000000000002
0.5197463905033848,0.23462361252015276,CS,19.5
0.5234172097012815,0.23462361252015276,CS,19.6
0.5270574932575824,0.23462361252015276,CS,19.7
0.5306650495238125,0.23462361252015276,CS,19.8
0.534237619492056,0.23462361252015276,CS,19.900000000000002
0.5377728751080513,0.23462361252015276,CS,20
0.5412684175458748,0.23462361252015276,CS,20.1
0.5447217754433469,0.23462361252015276,CS,20.2
0.5481304030973444,0.23462361252015276,CS,20.3
0.5514916786181505,0.23462361252015276,CS,20.400000000000002
0.554802902041942,0.23462361252015276,CS,20.5
0.5580612934005265,0.23462361252015276,CS,20.6
0.5612639907474337,0.23462361252015276,CS,20.7
0.5644080481393727,0.23462361252015276,CS,20.8
0.567490433572142,0.23462361252015276,CS,20.900000000000002
0.5705080268699927,0.23462361252015276,CS,21
0.5734576175274615,0.23462361252015276,CS,21.1
0.5763359025026347,0.23462361252015276,CS,21.2
0.5791394839608373,0.23462361252015276,CS,21.3
0.581864866967643,0.23462361252015276,CS,21.400000000000002
0.5845084571301626,0.23462361252015276,CS,21.5
0.5870665581854944,0.23462361252015276,CS,21.6
0.5895353695351826,0.23462361252015276,CS,21.7
0.5919109837245804,0.23462361252015276,CS,21.8
0.5941893838658903,0.23462361252015276,CS,21.900000000000002
0.5963664410037293,0.23462361252015276,CS,22
0.5984379114219749,0.23462361252015276,CS,22.1
0.6003994338906233,0.23462361252015276,CS,22.200000000000003
0.602246526851415,0.23462361252015276,CS,22.3
0.6039745855409411,0.23462361252015276,CS,22.400000000000002
0.6055788790498244,0.23462361252015276,CS,22.5
0.6070545473167339,0.23462361252015276,CS,22.6
0.6083965980557373,0.23462361252015276,CS,22.700000000000003
0.6095999036156634,0.23462361252015276,CS,22.8
0.61065919776998,0.23462361252015276,CS,22.900000000000002
0.6115690724357687,0.23462361252015276,CS,23
0.6123239743202618,0.23462361252015276,CS,23.1
0.6129182014933381,0.23462361252015276,CS,23.200000000000003
0.6133458998846226,0.23462361252015276,CS,23.3
0.6136010597034041,0.23462361252015276,CS,23.400000000000002
0.6136775117797377,0.23462361252015276,CS,23.5
0.6135689238252446,0.23462361252015276,CS,23.6
0.6132687966117452,0.23462361252015276,CS,23.700000000000003
0.6127704600660948,0.23462361252015276,CS,23.8
0.6120670692793695,0.23462361252015276,CS,23.900000000000002
0.6111516004287196,0.23462361252015276,CS,24
0.6100168466099198,0.23462361252015276,CS,24.1
0.6086554135788358,0.23462361252015276,CS,24.200000000000003
0.6070597153999202,0.23462361252015276,CS,24.3
0.6052219699995991,0.23462361252015276,CS,24.400000000000002
0.6031341946227737,0.23462361252015276,CS,24.5
0.6007882011904027,0.23462361252015276,CS,24.6
0.5981755915557407,0.23462361252015276,CS,24.700000000000003
0.595287752657697,0.23462361252015276,CS,24.8
0.5921158515685612,0.23462361252015276,CS,24.900000000000002
0.5886508304343785,0.23462361252015276,CS,25
0.5848834013053512,0.23462361252015276,CS,25.1
0.5808040408542876,0.23462361252015276,CS,25.200000000000003
0.5764029849804082,0.23462361252015276,CS,25.3
0.5716702232965343,0.23462361252015276,CS,25.400000000000002
0.5665954934967932,0.23462361252015276,CS,25.5
0.5611682756027019,0.23462361252015276,CS,25.6
0.5553777860849181,0.23462361252015276,CS,25.700000000000003
0.5492129718580134,0.23462361252015276,CS,25.8
0.542662504145822,0.23462361252015276,CS,25.900000000000002
0.5357147722145115,0.23462361252015276,CS,26
0.52835787697067,0.23462361252015276,CS,26.1
0.5205796244215826,0.23462361252015276,CS,26.200000000000003
0.5123675189948784,0.23462361252015276,CS,26.3
0.5037087567146052,0.23462361252015276,CS,26.400000000000002
0.49459021823078686,0.23462361252015276,CS,26.5
0.48499846169925576,0.23462361252015276,CS,26.6
0.4749197155089,0.23462361252015276,CS,26.700000000000003
0.4643398708530775,0.23462361252015276,CS,26.8
0.4532444741417443,0.23462361252015276,CS,26.900000000000002
0.44161871925144425,0.23462361252015276,CS,27
0.429447439609298,0.23462361252015276,CS,27.1
0.41671510010797874,0.23462361252015276,CS,27.200000000000003
0.4034057888479943,0.23462361252015276,CS,27.3
0.38950320870360855,0.23462361252015276,CS,27.400000000000002
0.3749906687089286,0.23462361252015276,CS,27.5
0.3598510752604689,0.23462361252015276,CS,27.6
0.34406692313209675,0.23462361252015276,CS,27.700000000000003
0.3276202862990054,0.23462361252015276,CS,27.8
0.310492808566174,0.23462361252015276,CS,27.900000000000002
0.2926656939977903,0.23462361252015276,CS,28
0.2741196971432558,0.23462361252015276,CS,28.1
0.2548351130557265,0.23462361252015276,CS,28.200000000000003
0.23479176709865257,0.23462361252015276,CS,28.3
0.21396900453648016,0.23462361252015276,CS,28.400000000000002
0.19234567990437768,0.23462361252015276,CS,28.5
0.1699001461530969,0.23462361252015276,CS,28.6
0.14661024356397334,0.23462361252015276,CS,28.700000000000003
0.12245328842929837,0.23462361252015276,CS,28.8
0.09740606149363629,0.23462361252015276,CS,28.900000000000002
0.07144479615071475,0.23462361252015276,CS,29
0.04454516639108874,0.23462361252015276,CS,29.1
0.016682274495657623,0.23462361252015276,CS,29.200000000000003
-0.012169361530673939,0.23462361252015276,CS,29.3
-0.0420358207899767,0.23462361252015276,CS,29.400000000000002
-0.07294379259259287,0.23462361252015276,CS,29.5
-0.10492058983448871,0.23462361252015276,CS,29.6
-0.13799416265587894,0.23462361252015276,CS,29.700000000000003
-0.17219311238703838,0.23462361252015276,CS,29.8
-0.20754670578760326,0.23462361252015276,CS,29.900000000000002
-0.2440848895844674,0.23462361252015276,CS,30
-0.28183830531526866,0.23462361252015276,CS,30.1
-0.32083830448327433,0.23462361252015276,CS,30.200000000000003
-0.36111696402994653,0.23462361252015276,CS,30.3
-0.40270710213187755,0.23462361252015276,CS,30.400000000000002
-0.4456422943287208,0.23462361252015276,CS,30.5
-0.48995688998856224,0.23462361252015276,CS,30.6
-0.5356860291182457,0.23462361252015276,CS,30.700000000000003
-0.5828656595246997,0.23462361252015276,CS,30.8
-0.6315325543355712,0.23462361252015276,CS,30.900000000000002
-0.6817243298854763,0.23462361252015276,CS,31
-0.7334794639759608,0.23462361252015276,CS,31.1
-0.7868373145163403,0.23462361252015276,CS,31.200000000000003
-0.8418381385537117,0.23462361252015276,CS,31.3
-0.898523111699248,0.23462361252015276,CS,31.400000000000002
-0.9569343479597947,0.23462361252015276,CS,31.5
-1.0171149199820277,0.23462361252015276,CS,31.6
-1.0791088797182695,0.23462361252015276,CS,31.700000000000003
-1.142961279522389,0.23462361252015276,CS,31.8
-1.2087181936841276,0.23462361252015276,CS,31.900000000000002
-1.2764267404110043,0.23462361252015276,CS,32
-1.3461351042673115,0.23462361252015276,CS,32.1
-1.4178925590785383,0.23462361252015276,CS,32.2
-1.491749491311353,0.23462361252015276,CS,32.3
-1.5677574239387866,0.23462361252015276,CS,32.400000000000006
-1.6459690407997698,0.23462361252015276,CS,32.5
-1.726438211464071,0.23462361252015276,CS,32.6
-1.8092200166118317,0.23462361252015276,CS,32.7
-1.8943707739387108,0.23462361252015276,CS,32.8
-1.9819480645971623,0.23462361252015276,CS,32.900000000000006
-2.0720107601847815,0.23462361252015276,CS,33
-2.1646190502901916,0.23462361252015276,CS,33.1
-2.2598344706087943,0.23462361252015276,CS,33.2
-2.357719931638549,0.23462361252015276,CS,33.3
-2.458339747969241,0.23462361252015276,CS,33.400000000000006
-2.5617596681746306,0.23462361252015276,CS,33.5
-2.6680469053231803,0.23462361252015276,CS,33.6
-2.777270168115969,0.23462361252015276,CS,33.7
-2.889499692667748,0.23462361252015276,CS,33.8
-3.0048072749416335,0.23462361252015276,CS,33.900000000000006
-3.123266303852567,0.23462361252015276,CS,34
-3.2449517950513993,0.23462361252015276,CS,34.1
-3.3699404254041383,0.23462361252015276,CS,34.2
-3.4983105681806563,0.23462361252015276,CS,34.3
-3.630142328965917,0.23462361252015276,CS,34.400000000000006
-3.7655175823098688,0.23462361252015276,CS,34.5
-3.904520009129257,0.23462361252015276,CS,34.6
-4.0472351348776385,0.23462361252015276,CS,34.7
-4.193750368498655,0.23462361252015276,CS,34.8
-4.344155042178102,0.23462361252015276,CS,34.900000000000006
-4.498540451910685,0.23462361252015276,CS,35
-4.656999898899073,0.23462361252015276,CS,35.1
-4.819628731799895,0.23462361252015276,CS,35.2
-4.986524389835466,0.23462361252015276,CS,35.300000000000004
-5.157786446787895,0.23462361252015276,CS,35.4
-5.333516655892851,0.23462361252015276,CS,35.5
-5.513818995651846,0.23462361252015276,CS,35.6
-5.6987997165815045,0.23462361252015276,CS,35.7
-5.888567388916599,0.23462361252015276,CS,35.800000000000004
-6.083232951289517,0.23462361252015276,CS,35.9
-6.282909760402006,0.23462361252015276,CS,36
-6.48771364171165,0.23462361252015276,CS,36.1
-6.697762941152462,0.23462361252015276,CS,36.2
-6.913178577909562,0.23462361252015276,CS,36.300000000000004
-7.134084098270748,0.23462361252015276,CS,36.4
-7.360605730574662,0.23462361252015276,CS,36.5
-7.592872441278743,0.23462361252015276,CS,36.6
-7.8310159921684175,0.23462361252015276,CS,36.7
-8.075170998731622,0.23462361252015276,CS,36.800000000000004
-8.325474989720107,0.23462361252015276,CS,36.9
-8.582068467922753,0.23462361252015276,CS,37
-8.845094972174778,0.23462361252015276,CS,37.1
-9.114701140626224,0.23462361252015276,CS,37.2
-9.391036775297252,0.23462361252015276,CS,37.300000000000004
-9.674254907943393,0.23462361252015276,CS,37.4
-9.964511867258125,0.23462361252015276,CS,37.5
-10.261967347440262,0.23462361252015276,CS,37.6
-10.566784478150709,0.23462361252015276,CS,37.7
-10.879129895889875,0.23462361252015276,CS,37.800000000000004
-11.199173816819894,0.23462361252015276,CS,37.9
-11.527090111065121,0.23462361252015276,CS,38
-0.25602809126851156,5.361234767508518,TT,3
-0.24937361457489704,5.361234767508518,TT,3.1
-0.24269789685374166,5.361234767508518,TT,3.2
-0.2360010106461714,5.361234767508518,TT,3.3
-0.22928303099319303,5.361234767508518,TT,3.4
-0.22254403547156665,5.361234767508518,TT,3.5
-0.21578410423010386,5.361234767508518,TT,3.6
-0.20900332002638589,5.361234767508518,TT,3.7
-0.20220176826392677,5.361234767508518,TT,3.8
-0.19537953702976152,5.361234767508518,TT,3.9
-0.1885367171324872,5.361234767508518,TT,4
-0.18167340214074246,5.361234767508518,TT,4.1
-0.17478968842214426,5.361234767508518,TT,4.2
-0.16788567518268005,5.361234767508518,TT,4.3
-0.16096146450656423,5.361234767508518,TT,4.4
-0.1540171613965522,5.361234767508518,TT,4.5
-0.14705287381473964,5.361234767508518,TT,4.6
-0.14006871272382826,5.361234767508518,TT,4.7
-0.13306479212887856,5.361234767508518,TT,4.8
-0.12604122911954851,5.361234767508518,TT,4.9
-0.11899814391282426,5.361234767508518,TT,5
-0.1119356598962491,5.361234767508518,TT,5.1
-0.10485390367166003,5.361234767508518,TT,5.2
-0.09775300509942086,5.361234767508518,TT,5.300000000000001
-0.09063309734318681,5.361234767508518,TT,5.4
-0.0834943169151745,5.361234767508518,TT,5.5
-0.07633680372196228,5.361234767508518,TT,5.6
-0.06916070111082462,5.361234767508518,TT,5.7
-0.061966155916598264,5.361234767508518,TT,5.800000000000001
-0.05475331850909271,5.361234767508518,TT,5.9
-0.04752234284105139,5.361234767508518,TT,6
-0.04027338649666312,5.361234767508518,TT,6.1
-0.033006610740637043,5.361234767508518,TT,6.2
-0.025722180567841146,5.361234767508518,TT,6.300000000000001
-0.018420264753516324,5.361234767508518,TT,6.4
-0.01110103590406375,5.361234767508518,TT,6.5
-0.003764670508423773,5.361234767508518,TT,6.6
0.0035886510099603086,5.361234767508518,TT,6.7
0.010958744240577634,5.361234767508518,TT,6.800000000000001
0.018345420732682527,5.361234767508518,TT,6.9
0.025748487941518405,5.361234767508518,TT,7
0.03316774917392218,5.361234767508518,TT,7.1000000000000005
0.040603003533306925,5.361234767508518,TT,7.2
0.04805404586401618,5.361234767508518,TT,7.3
0.055520666695038745,5.361234767508518,TT,7.4
0.06300265218307821,5.361234767508518,TT,7.5
0.07049978405497992,5.361234767508518,TT,7.6000000000000005
0.07801183954949309,5.361234767508518,TT,7.7
0.08553859135836994,5.361234767508518,TT,7.800000000000001
0.09307980756679468,5.361234767508518,TT,7.9
0.10063525159313436,5.361234767508518,TT,8
0.1082046821280036,5.361234767508518,TT,8.100000000000001
0.11578785307262995,5.361234767508518,TT,8.2
0.12338451347653301,5.361234767508518,TT,8.3
0.13099440747447755,5.361234767508518,TT,8.4
0.13861727422272452,5.361234767508518,TT,8.5
0.14625284783455195,5.361234767508518,TT,8.600000000000001
0.15390085731504755,5.361234767508518,TT,8.7
0.16156102649516457,5.361234767508518,TT,8.8
0.1692330739650214,5.361234767508518,TT,8.9
0.17691671300645995,5.361234767508518,TT,9
0.18461165152483217,5.361234767508518,TT,9.100000000000001
0.1923175919800184,5.361234767508518,TT,9.2
0.2000342313166663,5.361234767508518,TT,9.3
0.20776126089364455,5.361234767508518,TT,9.4
0.21549836641269904,5.361234767508518,TT,9.5
0.22324522784630574,5.361234767508518,TT,9.600000000000001
0.23100151936470859,5.361234767508518,TT,9.7
0.23876690926214073,5.361234767508518,TT,9.8
0.24654105988221353,5.361234767508518,TT,9.9
0.2543236275424645,5.361234767508518,TT,10
0.26211426245806235,5.361234767508518,TT,10.100000000000001
0.26991260866465083,5.361234767508518,TT,10.2
0.27771830394033215,5.361234767508518,TT,10.3
0.2855309797267669,5.361234767508518,TT,10.4
0.29335026104940276,5.361234767508518,TT,10.5
0.30117576643679556,5.361234767508518,TT,10.600000000000001
0.3090071078390375,5.361234767508518,TT,10.7
0.31684389054527395,5.361234767508518,TT,10.8
0.32468571310028116,5.361234767508518,TT,10.9
0.3325321672201387,5.361234767508518,TT,11
0.34038283770693845,5.361234767508518,TT,11.1
0.34823730236255157,5.361234767508518,TT,11.200000000000001
0.3560951319014314,5.361234767508518,TT,11.3
0.3639558898624444,5.361234767508518,TT,11.4
0.3718191325197244,5.361234767508518,TT,11.5
0.37968440879251997,5.361234767508518,TT,11.6
0.38755126015405716,5.361234767508518,TT,11.700000000000001
0.3954192205393756,5.361234767508518,TT,11.8
0.4032878162521434,5.361234767508518,TT,11.9
0.411156565870443,5.361234767508518,TT,12
0.4190249801515016,5.361234767508518,TT,12.1
0.4268925619353712,5.361234767508518,TT,12.200000000000001
0.43475880604753625,5.361234767508518,TT,12.3
0.442623199200451,5.361234767508518,TT,12.4
0.45048521989396884,5.361234767508518,TT,12.5
0.4583443383146917,5.361234767508518,TT,12.600000000000001
0.4662000162341853,5.361234767508518,TT,12.700000000000001
0.47405170690608145,5.361234767508518,TT,12.8
0.4818988549620413,5.361234767508518,TT,12.9
0.48974089630656126,5.361234767508518,TT,13
0.49757725801062946,5.361234767508518,TT,13.100000000000001
0.5054073582041996,5.361234767508518,TT,13.200000000000001
0.5132306059674869,5.361234767508518,TT,13.3
0.5210464012210525,5.361234767508518,TT,13.4
0.5288541346146953,5.361234767508518,TT,13.5
0.5366531874151059,5.361234767508518,TT,13.600000000000001
0.5444429313922869,5.361234767508518,TT,13.700000000000001
0.552222728704729,5.361234767508518,TT,13.8
0.5599919317833217,5.361234767508518,TT,13.9
0.5677498832139851,5.361234767508518,TT,14
0.5754959156190171,5.361234767508518,TT,14.100000000000001
0.5832293515371374,5.361234767508518,TT,14.200000000000001
0.5909495033022139,5.361234767508518,TT,14.3
0.5986556729206578,5.361234767508518,TT,14.4
0.6063471519474808,5.361234767508518,TT,14.5
0.6140232213609838,5.361234767508518,TT,14.600000000000001
0.6216831514360845,5.361234767508518,TT,14.700000000000001
0.6293262016162573,5.361234767508518,TT,14.8
0.6369516203840591,5.361234767508518,TT,14.9
0.6445586451302563,5.361234767508518,TT,15
0.6521465020215151,5.361234767508518,TT,15.100000000000001
0.6597144058666369,5.361234767508518,TT,15.200000000000001
0.6672615599813536,5.361234767508518,TT,15.3
0.674787156051627,5.361234767508518,TT,15.4
0.6822903739954693,5.361234767508518,TT,15.5
0.6897703818232523,5.361234767508518,TT,15.600000000000001
0.6972263354964952,5.361234767508518,TT,15.700000000000001
0.7046573787851158,5.361234767508518,TT,15.8
0.7120626431231205,5.361234767508518,TT,15.9
0.7194412474627341,5.361234767508518,TT,16
0.7267922981269406,5.361234767508518,TT,16.1
0.7341148886604083,5.361234767508518,TT,16.200000000000003
0.7414080996788099,5.361234767508518,TT,16.3
0.748670998716503,5.361234767508518,TT,16.4
0.7559026400725468,5.361234767508518,TT,16.5
0.7631020646550599,5.361234767508518,TT,16.6
0.7702682998238792,5.361234767508518,TT,16.700000000000003
0.7774003592315211,5.361234767508518,TT,16.8
0.7844972426624155,5.361234767508518,TT,16.9
0.7915579358703937,5.361234767508518,TT,17
0.7985814104144229,5.361234767508518,TT,17.1
0.8055666234925605,5.361234767508518,TT,17.200000000000003
0.8125125177741106,5.361234767508518,TT,17.3
0.8194180212299589,5.361234767508518,TT,17.4
0.8262820469610945,5.361234767508518,TT,17.5
0.8331034930252503,5.361234767508518,TT,17.6
0.839881242261689,5.361234767508518,TT,17.700000000000003
0.8466141621140952,5.361234767508518,TT,17.8
0.8533011044515479,5.361234767508518,TT,17.9
0.8599409053875782,5.361234767508518,TT,18
0.8665323850972468,5.361234767508518,TT,18.1
0.8730743476322882,5.361234767508518,TT,18.200000000000003
0.8795655807342184,5.361234767508518,TT,18.3
0.8860048556454814,5.361234767508518,TT,18.4
0.8923909269185089,5.361234767508518,TT,18.5
0.8987225322227692,5.361234767508518,TT,18.6
0.9049983921497047,5.361234767508518,TT,18.700000000000003
0.9112172100156091,5.361234767508518,TT,18.8
0.9173776716623481,5.361234767508518,TT,18.9
0.9234784452559639,5.361234767508518,TT,19
0.9295181810831101,5.361234767508518,TT,19.1
0.9354955113452945,5.361234767508518,TT,19.2
0.9414090499509236,5.361234767508518,TT,19.3
0.9472573923051115,5.361234767508518,TT,19.400000000000002
0.9530391150972299,5.361234767508518,TT,19.5
0.9587527760861905,5.361234767508518,TT,19.6
0.9643969138834185,5.361234767508518,TT,19.7
0.969970047733506,5.361234767508518,TT,19.8
0.975470677292515,5.361234767508518,TT,19.900000000000002
0.9808972824039044,5.361234767508518,TT,20
0.9862483228720658,5.361234767508518,TT,20.1
0.9915222382334345,5.361234767508518,TT,20.2
0.9967174475251479,5.361234767508518,TT,20.3
1.0018323490512442,5.361234767508518,TT,20.400000000000002
1.0068653201463436,5.361234767508518,TT,20.5
1.0118147169368266,5.361234767508518,TT,20.6
1.0166788740994512,5.361234767508518,TT,20.7
1.0214561046173989,5.361234767508518,TT,20.8
1.0261446995337034,5.361234767508518,TT,20.900000000000002
1.0307429277020734,5.361234767508518,TT,21
1.0352490355350463,5.361234767508518,TT,21.1
1.039661246749458,5.361234767508518,TT,21.2
1.0439777621091935,5.361234767508518,TT,21.3
1.0481967591652213,5.361234767508518,TT,21.400000000000002
1.0523163919928287,5.361234767508518,TT,21.5
1.056334790926103,5.361234767508518,TT,21.6
1.0602500622895352,5.361234767508518,TT,21.7
1.0640602881268109,5.361234767508518,TT,21.8
1.0677635259267042,5.361234767508518,TT,21.900000000000002
1.0713578083460602,5.361234767508518,TT,22
1.074841142929829,5.361234767508518,TT,22.1
1.0782115118281306,5.361234767508518,TT,22.200000000000003
1.0814668715103117,5.361234767508518,TT,22.3
1.0846051524759908,5.361234767508518,TT,22.400000000000002
1.0876242589629959,5.361234767508518,TT,22.5
1.090522068652242,5.361234767508518,TT,22.6
1.0932964323694625,5.361234767508518,TT,22.700000000000003
1.095945173783785,5.361234767508518,TT,22.8
1.0984660891031002,5.361234767508518,TT,22.900000000000002
1.1008569467662275,5.361234767508518,TT,23
1.1031154871318085,5.361234767508518,TT,23.1
1.1052394221638977,5.361234767508518,TT,23.200000000000003
1.1072264351142431,5.361234767508518,TT,23.3
1.1090741802011976,5.361234767508518,TT,23.400000000000002
1.1107802822852362,5.361234767508518,TT,23.5
1.112342336541051,5.361234767508518,TT,23.6
1.113757908126158,5.361234767508518,TT,23.700000000000003
1.1150245318460348,5.361234767508518,TT,23.8
1.1161397118156868,5.361234767508518,TT,23.900000000000002
1.1171009211176823,5.361234767508518,TT,24
1.1179056014565258,5.361234767508518,TT,24.1
1.118551162809445,5.361234767508518,TT,24.200000000000003
1.1190349830734352,5.361234767508518,TT,24.3
1.1193544077086237,5.361234767508518,TT,24.400000000000002
1.119506749377857,5.361234767508518,TT,24.5
1.1194892875824873,5.361234767508518,TT,24.6
1.1192992682943377,5.361234767508518,TT,24.700000000000003
1.1189339035837804,5.361234767508518,TT,24.8
1.118390371243878,5.361234767508518,TT,24.900000000000002
1.1176658144106213,5.361234767508518,TT,25
1.116757341179115,5.361234767508518,TT,25.1
1.1156620242157747,5.361234767508518,TT,25.200000000000003
1.1143769003663948,5.361234767508518,TT,25.3
1.1128989702601348,5.361234767508518,TT,25.400000000000002
1.1112251979093344,5.361234767508518,TT,25.5
1.1093525103051185,5.361234767508518,TT,25.6
1.1072777970087522,5.361234767508518,TT,25.700000000000003
1.1049979097387137,5.361234767508518,TT,25.8
1.1025096619534125,5.361234767508518,TT,25.900000000000002
1.0998098284295708,5.361234767508518,TT,26
1.0968951448361253,5.361234767508518,TT,26.1
1.0937623073036953,5.361234767508518,TT,26.200000000000003
1.090407971989542,5.361234767508518,TT,26.3
1.0868287546379367,5.361234767508518,TT,26.400000000000002
1.0830212301359357,5.361234767508518,TT,26.5
1.0789819320645133,5.361234767508518,TT,26.6
1.0747073522449764,5.361234767508518,TT,26.700000000000003
1.0701939402806566,5.361234767508518,TT,26.8
1.0654381030937383,5.361234767508518,TT,26.900000000000002
1.0604362044573197,5.361234767508518,TT,27
1.0551845645225395,5.361234767508518,TT,27.1
1.0496794593407373,5.361234767508518,TT,27.200000000000003
1.0439171203806747,5.361234767508518,TT,27.3
1.0378937340406313,5.361234767508518,TT,27.400000000000002
1.031605441155481,5.361234767508518,TT,27.5
1.0250483364985552,5.361234767508518,TT,27.6
1.018218468278338,5.361234767508518,TT,27.700000000000003
1.0111118376298922,5.361234767508518,TT,27.8
1.003724398100978,5.361234767508518,TT,27.900000000000002
0.996052055132802,5.361234767508518,TT,28
0.9880906655353598,5.361234767508518,TT,28.1
0.9798360369572876,5.361234767508518,TT,28.200000000000003
0.9712839273501981,5.361234767508518,TT,28.3
0.9624300444274407,5.361234767508518,TT,28.400000000000002
0.9532700451171792,5.361234767508518,TT,28.5
0.943799535009811,5.361234767508518,TT,28.6
0.9340140677996125,5.361234767508518,TT,28.700000000000003
0.9239091447205645,5.361234767508518,TT,28.8
0.9134802139763156,5.361234767508518,TT,28.900000000000002
0.9027226701641897,5.361234767508518,TT,29
0.8916318536932089,5.361234767508518,TT,29.1
0.8802030501960729,5.361234767508518,TT,29.200000000000003
0.868431489934995,5.361234767508518,TT,29.3
0.8563123472013832,5.361234767508518,TT,29.400000000000002
0.8438407397092558,5.361234767508518,TT,29.5
0.8310117279823714,5.361234767508518,TT,29.6
0.817820314734961,5.361234767508518,TT,29.700000000000003
0.8042614442460643,5.361234767508518,TT,29.8
0.7903300017273409,5.361234767508518,TT,29.900000000000002
0.7760208126843064,5.361234767508518,TT,30
0.7613286422709518,5.361234767508518,TT,30.1
0.7462481946376727,5.361234767508518,TT,30.200000000000003
0.7307741122723961,5.361234767508518,TT,30.3
0.7149009753349151,5.361234767508518,TT,30.400000000000002
0.6986233009842842,5.361234767508518,TT,30.5
0.6819355426992306,5.361234767508518,TT,30.6
0.6648320895915667,5.361234767508518,TT,30.700000000000003
0.6473072657124312,5.361234767508518,TT,30.8
0.6293553293513874,5.361234767508518,TT,30.900000000000002
0.6109704723282068,5.361234767508518,TT,31
0.5921468192773602,5.361234767508518,TT,31.1
0.5728784269250813,5.361234767508518,TT,31.200000000000003
0.5531592833589247,5.361234767508518,TT,31.3
0.5329833072898165,5.361234767508518,TT,31.400000000000002
0.5123443473064047,5.361234767508518,TT,31.5
0.49123618112171563,5.361234767508518,TT,31.6
0.4696525148120312,5.361234767508518,TT,31.700000000000003
0.4475869820479019,5.361234767508518,TT,31.8
0.42503314331715103,5.361234767508518,TT,31.900000000000002
0.4019844851399057,5.361234767508518,TT,32
0.3784344192754894,5.361234767508518,TT,32.1
0.35437628192111426,5.361234767508518,TT,32.2
0.3298033329022978,5.361234767508518,TT,32.3
0.3047087548549321,5.361234767508518,TT,32.400000000000006
0.2790856523988623,5.361234767508518,TT,32.5
0.2529270513030131,5.361234767508518,TT,32.6
0.22622589764177903,5.361234767508518,TT,32.7
0.19897505694282458,5.361234767508518,TT,32.8
0.17116731332600743,5.361234767508518,TT,32.900000000000006
0.14279536863347353,5.361234767508518,TT,33
0.11385184155073347,5.361234767508518,TT,33.1
0.08432926671871321,5.361234767508518,TT,33.2
0.05422009383661042,5.361234767508518,TT,33.3
0.023516686755561622,5.361234767508518,TT,33.400000000000006
-0.007788677437096325,5.361234767508518,TT,33.5
-0.03970380934297779,5.361234767508518,TT,33.6
-0.07223660818730337,5.361234767508518,TT,33.7
-0.10539506276321298,5.361234767508518,TT,33.8
-0.13918725238579732,5.361234767508518,TT,33.900000000000006
-0.17362134785594918,5.361234767508518,TT,34
-0.20870561243413732,5.361234767508518,TT,34.1
-0.24444840282417246,5.361234767508518,TT,34.2
-0.2808581701671784,5.361234767508518,TT,34.3
-0.31794346104569193,5.361234767508518,TT,34.400000000000006
-0.35571291849814024,5.361234767508518,TT,34.5
-0.39417528304375793,5.361234767508518,TT,34.6
-0.4333393937180148,5.361234767508518,TT,34.7
-0.4732141891187105,5.361234767508518,TT,34.8
-0.5138087084627756,5.361234767508518,TT,34.900000000000006
-0.5551320926540217,5.361234767508518,TT,35
-0.5971935853617634,5.361234767508518,TT,35.1
-0.6400025341105788,5.361234767508518,TT,35.2
-0.6835683913812307,5.361234767508518,TT,35.300000000000004
-0.727900715722928,5.361234767508518,TT,35.4
-0.7730091728769501,5.361234767508518,TT,35.5
-0.818903536911872,5.361234767508518,TT,35.6
-0.8655936913703819,5.361234767508518,TT,35.7
-0.9130896304278657,5.361234767508518,TT,35.800000000000004
-0.9614014600629552,5.361234767508518,TT,35.9
-1.0105393992399563,5.361234767508518,TT,36
-1.0605137811035412,5.361234767508518,TT,36.1
-1.1113350541855453,5.361234767508518,TT,36.2
-1.1630137836242405,5.361234767508518,TT,36.300000000000004
-1.2155606523960998,5.361234767508518,TT,36.4
-1.2689864625600613,5.361234767508518,TT,36.5
-1.3233021365147444,5.361234767508518,TT,36.6
-1.3785187182683636,5.361234767508518,TT,36.7
-1.4346473747217203,5.361234767508518,TT,36.800000000000004
-1.4916993969643464,5.361234767508518,TT,36.9
-1.549686201583885,5.361234767508518,TT,37
-1.6086193319888906,5.361234767508518,TT,37.1
-1.668510459745157,5.361234767508518,TT,37.2
-1.7293713859257416,5.361234767508518,TT,37.300000000000004
-1.7912140424747314,5.361234767508518,TT,37.4
-1.8540504935850883,5.361234767508518,TT,37.5
-1.9178929370904498,5.361234767508518,TT,37.6
-1.982753705871243,5.361234767508518,TT,37.7
-2.0486452692751342,5.361234767508518,TT,37.800000000000004
-2.1155802345520236,5.361234767508518,TT,37.9
-2.1835713483037047,5.361234767508518,TT,38
