umax_temp,ks_temp,Species,temp
0.0292920963321647,3.2517120669664266,AC,3
0.02972597482678667,3.2517120669664266,AC,3.1
0.03016627998838258,3.2517120669664266,AC,3.2
0.030613107009613297,3.2517120669664266,AC,3.3
0.03106655249314625,3.2517120669664266,AC,3.4
0.031526714472540664,3.2517120669664266,AC,3.5
0.031993692433442106,3.2517120669664266,AC,3.6
0.03246758733509097,3.2517120669664266,AC,3.7
0.032948501632149595,3.2517120669664266,AC,3.8
0.033436539296852655,3.2517120669664266,AC,3.9
0.033931805841485606,3.2517120669664266,AC,4
0.034434408341196175,3.2517120669664266,AC,4.1
0.03494445545714366,3.2517120669664266,AC,4.2
0.03546205745999115,3.2517120669664266,AC,4.3
0.035987326253745726,3.2517120669664266,AC,4.4
0.03652037539995174,3.2517120669664266,AC,4.5
0.037061320142242546,3.2517120669664266,AC,4.6
0.037610277431255765,3.2517120669664266,AC,4.7
0.03816736594991769,3.2517120669664266,AC,4.8
0.03873270613910218,3.2517120669664266,AC,4.9
0.039306420223669605,3.2517120669664266,AC,5
0.03988863223889153,3.2517120669664266,AC,5.1
0.04047946805726673,3.2517120669664266,AC,5.2
0.04107905541573447,3.2517120669664266,AC,5.300000000000001
0.04168752394329084,3.2517120669664266,AC,5.4
0.042305005189014144,3.2517120669664266,AC,5.5
0.04293163265050549,3.2517120669664266,AC,5.6
0.04356754180275046,3.2517120669664266,AC,5.7
0.04421287012740848,3.2517120669664266,AC,5.800000000000001
0.044867757142535915,3.2517120669664266,AC,5.9
0.045532344432749464,3.2517120669664266,AC,6
0.04620677567983633,3.2517120669664266,AC,6.1
0.04689119669381779,3.2517120669664266,AC,6.2
0.04758575544447286,3.2517120669664266,AC,6.300000000000001
0.04829060209332899,3.2517120669664266,AC,6.4
0.04900588902612646,3.2517120669664266,AC,6.5
0.049731770885763776,3.2517120669664266,AC,6.6
0.05046840460573098,3.2517120669664266,AC,6.7
0.051215949444038185,3.2517120669664266,AC,6.800000000000001
0.05197456701764673,3.2517120669664266,AC,6.9
0.052744421337410204,3.2517120669664266,AC,7
0.05352567884353325,3.2517120669664266,AC,7.1000000000000005
0.05431850844155523,3.2517120669664266,AC,7.2
0.055123081538867275,3.2517120669664266,AC,7.3
0.055939572081769993,3.2517120669664266,AC,7.4
0.05676815659308012,3.2517120669664266,AC,7.5
0.057609014210294227,3.2517120669664266,AC,7.6000000000000005
0.05846232672431773,3.2517120669664266,AC,7.7
0.059328278618767556,3.2517120669664266,AC,7.800000000000001
0.06020705710985692,3.2517120669664266,AC,7.9
0.06109885218687089,3.2517120669664266,AC,8
0.0620038566532416,3.2517120669664266,AC,8.100000000000001
0.06292226616823164,3.2517120669664266,AC,8.2
0.06385427928923512,3.2517120669664266,AC,8.3
0.06480009751470511,3.2517120669664266,AC,8.4
0.06575992532771707,3.2517120669664266,AC,8.5
0.06673397024017742,3.2517120669664266,AC,8.600000000000001
0.06772244283768697,3.2517120669664266,AC,8.7
0.06872555682506909,3.2517120669664266,AC,8.8
0.06974352907257172,3.2517120669664266,AC,8.9
0.07077657966275441,3.2517120669664266,AC,9
0.07182493193806933,3.2517120669664266,AC,9.100000000000001
0.07288881254914716,3.2517120669664266,AC,9.2
0.07396845150379858,3.2517120669664266,AC,9.3
0.07506408221674096,3.2517120669664266,AC,9.4
0.07617594156006206,3.2517120669664266,AC,9.5
0.07730426991443111,3.2517120669664266,AC,9.600000000000001
0.07844931122106828,3.2517120669664266,AC,9.7
0.07961131303448415,3.2517120669664266,AC,9.8
0.08079052657600015,3.2517120669664266,AC,9.9
0.081987206788062,3.2517120669664266,AC,10
0.08320161238935739,3.2517120669664266,AC,10.100000000000001
0.08443400593075012,3.2517120669664266,AC,10.2
0.08568465385204313,3.2517120669664266,AC,10.3
0.08695382653958157,3.2517120669664266,AC,10.4
0.08824179838470983,3.2517120669664266,AC,10.5
0.08954884784309398,3.2517120669664266,AC,10.600000000000001
0.09087525749492312,3.2517120669664266,AC,10.7
0.09222131410600234,3.2517120669664266,AC,10.8
0.09358730868975064,3.2517120669664266,AC,10.9
0.09497353657011713,3.2517120669664266,AC,11
0.09638029744542928,3.2517120669664266,AC,11.1
0.09780789545318676,3.2517120669664266,AC,11.200000000000001
0.09925663923581483,3.2517120669664266,AC,11.3
0.10072684200739242,3.2517120669664266,AC,11.4
0.10221882162136758,3.2517120669664266,AC,11.5
0.10373290063927672,3.2517120669664266,AC,11.6
0.10526940640048132,3.2517120669664266,AC,11.700000000000001
0.1068286710929378,3.2517120669664266,AC,11.8
0.10841103182501556,3.2517120669664266,AC,11.9
0.11001683069837877,3.2517120669664266,AC,12
0.11164641488194771,3.2517120669664266,AC,12.1
0.11330013668695577,3.2517120669664266,AC,12.200000000000001
0.11497835364311787,3.2517120669664266,AC,12.3
0.11668142857592753,3.2517120669664266,AC,12.4
0.11840972968509855,3.2517120669664266,AC,12.5
0.12016363062416872,3.2517120669664266,AC,12.600000000000001
0.12194351058128254,3.2517120669664266,AC,12.700000000000001
0.12374975436117065,3.2517120669664266,AC,12.8
0.1255827524683434,3.2517120669664266,AC,12.9
0.12744290119151677,3.2517120669664266,AC,13
0.12933060268928886,3.2517120669664266,AC,13.100000000000001
0.1312462650770852,3.2517120669664266,AC,13.200000000000001
0.13319030251539227,3.2517120669664266,AC,13.3
0.13516313529929777,3.2517120669664266,AC,13.4
0.13716518994935692,3.2517120669664266,AC,13.5
0.13919689930380516,3.2517120669664266,AC,13.600000000000001
0.14125870261213638,3.2517120669664266,AC,13.700000000000001
0.14335104563006726,3.2517120669664266,AC,13.8
0.14547438071590843,3.2517120669664266,AC,13.9
0.14762916692836298,3.2517120669664266,AC,14
0.14981587012577352,3.2517120669664266,AC,14.100000000000001
0.15203496306683917,3.2517120669664266,AC,14.200000000000001
0.1542869255128248,3.2517120669664266,AC,14.3
0.15657224433128378,3.2517120669664266,AC,14.4
0.1588914136013174,3.2517120669664266,AC,14.5
0.16124493472039295,3.2517120669664266,AC,14.600000000000001
0.16363331651274463,3.2517120669664266,AC,14.700000000000001
0.16605707533937955,3.2517120669664266,AC,14.8
0.1685167352097133,3.2517120669664266,AC,14.9
0.17101282789485922,3.2517120669664266,AC,15
0.1735458930425956,3.2517120669664266,AC,15.100000000000001
0.17611647829403548,3.2517120669664266,AC,15.200000000000001
0.17872513940202506,3.2517120669664266,AC,15.3
0.18137244035129566,3.2517120669664266,AC,15.4
0.1840589534803948,3.2517120669664266,AC,15.5
0.1867852596054241,3.2517120669664266,AC,15.600000000000001
0.1895519481456094,3.2517120669664266,AC,15.700000000000001
0.1923596172507308,3.2517120669664266,AC,15.8
0.19520887393044048,3.2517120669664266,AC,15.9
0.19810033418549522,3.2517120669664266,AC,16
0.2010346231409334,3.2517120669664266,AC,16.1
0.20401237518122348,3.2517120669664266,AC,16.200000000000003
0.2070342340874152,3.2517120669664266,AC,16.3
0.2101008531763215,3.2517120669664266,AC,16.4
0.21321289544176117,3.2517120669664266,AC,16.5
0.21637103369789418,3.2517120669664266,AC,16.6
0.219575950724679,3.2517120669664266,AC,16.700000000000003
0.22282833941548438,3.2517120669664266,AC,16.8
0.2261289029268865,3.2517120669664266,AC,16.9
0.22947835483068474,3.2517120669664266,AC,17
0.23287741926816694,3.2517120669664266,AC,17.1
0.23632683110666025,3.2517120669664266,AC,17.200000000000003
0.23982733609839785,3.2517120669664266,AC,17.3
0.24337969104173882,3.2517120669664266,AC,17.4
0.24698466394477211,3.2517120669664266,AC,17.5
0.25064303419134315,3.2517120669664266,AC,17.6
0.2543555927095354,3.2517120669664266,AC,17.700000000000003
0.2581231421426457,3.2517120669664266,AC,17.8
0.261946497022686,3.2517120669664266,AC,17.9
0.26582648394645203,3.2517120669664266,AC,18
0.2697639417541913,3.2517120669664266,AC,18.1
0.2737597217109138,3.2517120669664266,AC,18.200000000000003
0.2778146876903755,3.2517120669664266,AC,18.3
0.2819297163617805,3.2517120669664266,AC,18.4
0.2861056973792335,3.2517120669664266,AC,18.5
0.29034353357398285,3.2517120669664266,AC,18.6
0.29464414114949533,3.2517120669664266,AC,18.700000000000003
0.29900844987939545,3.2517120669664266,AC,18.8
0.3034374033083129,3.2517120669664266,AC,18.9
0.3079319589556706,3.2517120669664266,AC,19
0.3124930885224539,3.2517120669664266,AC,19.1
0.317121778100996,3.2517120669664266,AC,19.2
0.32181902838781634,3.2517120669664266,AC,19.3
0.32658585489954156,3.2517120669664266,AC,19.400000000000002
0.3314232881919472,3.2517120669664266,AC,19.5
0.33633237408214484,3.2517120669664266,AC,19.6
0.3413141738739441,3.2517120669664266,AC,19.7
0.3463697645864119,3.2517120669664266,AC,19.8
0.35150023918564793,3.2517120669664266,AC,19.900000000000002
0.35670670681978933,3.2517120669664266,AC,20
0.36199029305725205,3.2517120669664266,AC,20.1
0.3673521401282035,3.2517120669664266,AC,20.2
0.3727934071692604,3.2517120669664266,AC,20.3
0.3783152704713801,3.2517120669664266,AC,20.400000000000002
0.3839189237309108,3.2517120669664266,AC,20.5
0.3896055783037427,3.2517120669664266,AC,20.6
0.3953764634624742,3.2517120669664266,AC,20.7
0.401232826656496,3.2517120669664266,AC,20.8
0.40717593377484246,3.2517120669664266,AC,20.900000000000002
0.41320706941164187,3.2517120669664266,AC,21
0.41932753713393206,3.2517120669664266,AC,21.1
0.42553865975156263,3.2517120669664266,AC,21.2
0.4318417795888295,3.2517120669664266,AC,21.3
0.4382382587574076,3.2517120669664266,AC,21.400000000000002
0.44472947943004454,3.2517120669664266,AC,21.5
0.451316844114363,3.2517120669664266,AC,21.6
0.4580017759259624,3.2517120669664266,AC,21.7
0.4647857188598514,3.2517120669664266,AC,21.8
0.47167013805901375,3.2517120669664266,AC,21.900000000000002
0.4786565200786714,3.2517120669664266,AC,22
0.485746373144491,3.2517120669664266,AC,22.1
0.4929412274026138,3.2517120669664266,AC,22.200000000000003
0.5002426351589504,3.2517120669664266,AC,22.3
0.5076521711046394,3.2517120669664266,AC,22.400000000000002
0.5151714325239231,3.2517120669664266,AC,22.5
0.5228020394799324,3.2517120669664266,AC,22.6
0.5305456349729194,3.2517120669664266,AC,22.700000000000003
0.5384038850643675,3.2517120669664266,AC,22.8
0.5463784789590547,3.2517120669664266,AC,22.900000000000002
0.5544711290355028,3.2517120669664266,AC,23
0.5626835708133148,3.2517120669664266,AC,23.1
0.5710175628435066,3.2517120669664266,AC,23.200000000000003
0.5794748865051377,3.2517120669664266,AC,23.3
0.5880573456880978,3.2517120669664266,AC,23.400000000000002
0.5967667663378136,3.2517120669664266,AC,23.5
0.6056049958326798,3.2517120669664266,AC,23.6
0.614573902159064,3.2517120669664266,AC,23.700000000000003
0.6236753728415624,3.2517120669664266,AC,23.8
0.6329113135775586,3.2517120669664266,AC,23.900000000000002
0.6422836465147376,3.2517120669664266,AC,24
0.6517943080977262,3.2517120669664266,AC,24.1
0.6614452463949562,3.2517120669664266,AC,24.200000000000003
0.6712384177987722,3.2517120669664266,AC,24.3
0.6811757829699774,3.2517120669664266,AC,24.400000000000002
0.6912593018717985,3.2517120669664266,AC,24.5
0.7014909277066846,3.2517120669664266,AC,24.6
0.711872599531333,3.2517120669664266,AC,24.700000000000003
0.7224062332796398,3.2517120669664266,AC,24.8
0.7330937108682025,3.2517120669664266,AC,24.900000000000002
0.7439368669927829,3.2517120669664266,AC,25
0.7549374731444053,3.2517120669664266,AC,25.1
0.766097218277822,3.2517120669664266,AC,25.200000000000003
0.7774176854495897,3.2517120669664266,AC,25.3
0.7889003236040364,3.2517120669664266,AC,25.400000000000002
0.8005464135181016,3.2517120669664266,AC,25.5
0.8123570267147507,3.2517120669664266,AC,25.6
0.8243329759123393,3.2517120669664266,AC,25.700000000000003
0.8364747552857347,3.2517120669664266,AC,25.8
0.8487824684640185,3.2517120669664266,AC,25.900000000000002
0.8612557417672265,3.2517120669664266,AC,26
0.8738936196762228,3.2517120669664266,AC,26.1
0.8866944389179797,3.2517120669664266,AC,26.200000000000003
0.8996556768121922,3.2517120669664266,AC,26.3
0.9127737686389437,3.2517120669664266,AC,26.400000000000002
0.926043887720526,3.2517120669664266,AC,26.5
0.9394596806268743,3.2517120669664266,AC,26.6
0.9530129483690877,3.2517120669664266,AC,26.700000000000003
0.9666932625861467,3.2517120669664266,AC,26.8
0.9804875034920824,3.2517120669664266,AC,26.900000000000002
0.9943793036575185,3.2517120669664266,AC,27
1.0083483784580616,3.2517120669664266,AC,27.1
1.0223697201207125,3.2517120669664266,AC,27.200000000000003
1.0364126276042642,3.2517120669664266,AC,27.3
1.0504395388986982,3.2517120669664266,AC,27.400000000000002
1.064404625527553,3.2517120669664266,AC,27.5
1.0782521008519912,3.2517120669664266,AC,27.6
1.0919141839239594,3.2517120669664266,AC,27.700000000000003
1.1053086487796433,3.2517120669664266,AC,27.8
1.11833587479488,3.2517120669664266,AC,27.900000000000002
1.130875296550539,3.2517120669664266,AC,28
1.1427811309867109,3.2517120669664266,AC,28.1
1.153877234748572,3.2517120669664266,AC,28.200000000000003
1.163950914687813,3.2517120669664266,AC,28.3
1.1727454784508633,3.2517120669664266,AC,28.400000000000002
1.1799512687188354,3.2517120669664266,AC,28.5
1.1851948724712504,3.2517120669664266,AC,28.6
1.1880261338298714,3.2517120669664266,AC,28.700000000000003
1.1879025234382048,3.2517120669664266,AC,28.8
1.1841703263442553,3.2517120669664266,AC,28.900000000000002
1.1760420008472068,3.2517120669664266,AC,29
1.1625689289735424,3.2517120669664266,AC,29.1
1.1426086206284949,3.2517120669664266,AC,29.200000000000003
1.1147852425647842,3.2517120669664266,AC,29.3
1.0774421135516852,3.2517120669664266,AC,29.400000000000002
1.028584530605177,3.2517120669664266,AC,29.5
0.9658109583363663,3.2517120669664266,AC,29.6
0.8862302129358324,3.2517120669664266,AC,29.700000000000003
0.7863617902489166,3.2517120669664266,AC,29.8
0.6620159072195887,3.2517120669664266,AC,29.900000000000002
0.5081491277179451,3.2517120669664266,AC,30
0.31869060338510047,3.2517120669664266,AC,30.1
0.0863329487034219,3.2517120669664266,AC,30.200000000000003
-0.19771944778367057,3.2517120669664266,AC,30.3
-0.5440533392182907,3.2517120669664266,AC,30.400000000000002
-0.9654111894792863,3.2517120669664266,AC,30.5
-1.4771299439724093,3.2517120669664266,AC,30.6
-2.0976691046030425,3.2517120669664266,AC,30.700000000000003
-2.849246285208806,3.2517120669664266,AC,30.8
-3.758602123186789,3.2517120669664266,AC,30.900000000000002
-4.857920875464564,3.2517120669664266,AC,31
-6.185938385591829,3.2517120669664266,AC,31.1
-7.789275558005331,3.2517120669664266,AC,31.200000000000003
-9.724043237435835,3.2517120669664266,AC,31.3
-12.057773733137154,3.2517120669664266,AC,31.400000000000002
-14.871745470670199,3.2517120669664266,AC,31.5
-18.263780785350395,3.2517120669664266,AC,31.6
-22.351613156909423,3.2517120669664266,AC,31.700000000000003
-27.2769397849831,3.2517120669664266,AC,31.8
-33.21029899433244,3.2517120669664266,AC,31.900000000000002
-40.356940349187056,3.2517120669664266,AC,32
-48.9638895249578,3.2517120669664266,AC,32.1
-59.32845110887718,3.2517120669664266,AC,32.2
-71.80844199437132,3.2517120669664266,AC,32.3
-86.83450760066385,3.2517120669664266,AC,32.400000000000006
-104.92494483953887,3.2517120669664266,AC,32.5
-126.70354203299246,3.2517120669664266,AC,32.6
-152.92104982828104,3.2517120669664266,AC,32.7
-184.4810221351993,3.2517120669664266,AC,32.8
-222.47091652567656,3.2517120669664266,AC,32.900000000000006
-268.1995245654406,3.2517120669664266,AC,33
-323.24202042265387,3.2517120669664266,AC,33.1
-389.49417831782716,3.2517120669664266,AC,33.2
-469.23762496929476,3.2517120669664266,AC,33.3
-565.218373010816,3.2517120669664266,AC,33.400000000000006
-680.7413384862479,3.2517120669664266,AC,33.5
-819.7840956954564,3.2517120669664266,AC,33.6
-987.1337848109706,3.2517120669664266,AC,33.7
-1188.5518845992838,3.2517120669664266,AC,33.8
-1430.9725216920003,3.2517120669664266,AC,33.900000000000006
-1722.7411421732309,3.2517120669664266,AC,34
-2073.901760513742,3.2517120669664266,AC,34.1
-2496.5426729037945,3.2517120669664266,AC,34.2
-3005.2125343711828,3.2517120669664266,AC,34.3
-3617.4211209783266,3.2517120669664266,AC,34.400000000000006
-4354.242013235384,3.2517120669664266,AC,34.5
-5241.037944977409,3.2517120669664266,AC,34.6
-6308.333784071449,3.2517120669664266,AC,34.7
-7592.867192781725,3.2517120669664266,AC,34.8
-9138.853131319189,3.2517120669664266,AC,34.900000000000006
-10999.505728540345,3.2517120669664266,AC,35
-13238.869902294611,3.2517120669664266,AC,35.1
-15934.025773431635,3.2517120669664266,AC,35.2
-19177.741748976634,3.2517120669664266,AC,35.300000000000004
-23081.667593079717,3.2517120669664266,AC,35.4
-27780.177390623332,3.2517120669664266,AC,35.5
-33434.99467755036,3.2517120669664266,AC,35.6
-40240.75893400239,3.2517120669664266,AC,35.7
-48431.72503788318,3.2517120669664266,AC,35.800000000000004
-58289.82627273967,3.2517120669664266,AC,35.9
-70154.3784171342,3.2517120669664266,AC,36
-84433.75892837126,3.2517120669664266,AC,36.1
-101619.4632158348,3.2517120669664266,AC,36.2
-122303.02181812841,3.2517120669664266,AC,36.300000000000004
-147196.36076998172,3.2517120669664266,AC,36.4
-177156.30595880473,3.2517120669664266,AC,36.5
-213214.07490609316,3.2517120669664266,AC,36.6
-256610.77107508585,3.2517120669664266,AC,36.7
-308840.10241186287,3.2517120669664266,AC,36.800000000000004
-371699.7944837856,3.2517120669664266,AC,36.9
-447353.4678455693,3.2517120669664266,AC,37
-538405.1094398606,3.2517120669664266,AC,37.1
-647988.7013235908,3.2517120669664266,AC,37.2
-779876.091723426,3.2517120669664266,AC,37.300000000000004
-938606.821321144,3.2517120669664266,AC,37.4
-1129644.373364616,3.2517120669664266,AC,37.5
-1359564.225702637,3.2517120669664266,AC,37.6
-1636280.1774586772,3.2517120669664266,AC,37.7
-1969316.740463317,3.2517120669664266,AC,37.800000000000004
-2370136.971105935,3.2517120669664266,AC,37.9
-2852537.02651454,3.2517120669664266,AC,38
0.062092644907523455,1.787768882283121,CH,3
0.06289585548264877,1.787768882283121,CH,3.1
0.06370945613262036,1.787768882283121,CH,3.2
0.06453358126012,1.787768882283121,CH,3.3
0.0653683670064195,1.787768882283121,CH,3.4
0.06621395127387057,1.787768882283121,CH,3.5
0.06707047374868563,1.787768882283121,CH,3.6
0.06793807592401319,1.787768882283121,CH,3.7
0.06881690112331182,1.787768882283121,CH,3.8
0.06970709452402649,1.787768882283121,CH,3.9
0.0706088031815711,1.787768882283121,CH,4
0.07152217605362132,1.787768882283121,CH,4.1
0.07244736402472163,1.787768882283121,CH,4.2
0.0733845199312106,1.787768882283121,CH,4.3
0.07433379858646887,1.787768882283121,CH,4.4
0.07529535680649328,1.787768882283121,CH,4.5
0.07626935343580228,1.787768882283121,CH,4.6
0.07725594937367614,1.787768882283121,CH,4.7
0.07825530760073666,1.787768882283121,CH,4.8
0.07926759320587087,1.787768882283121,CH,4.9
0.08029297341350271,1.787768882283121,CH,5
0.08133161761121777,1.787768882283121,CH,5.1
0.08238369737774519,1.787768882283121,CH,5.2
0.08344938651130165,1.787768882283121,CH,5.300000000000001
0.0845288610583019,1.787768882283121,CH,5.4
0.08562229934244078,1.787768882283121,CH,5.5
0.08672988199415127,1.787768882283121,CH,5.6
0.08785179198044389,1.787768882283121,CH,5.7
0.0889882146351318,1.787768882283121,CH,5.800000000000001
0.09013933768944701,1.787768882283121,CH,5.9
0.09130535130305267,1.787768882283121,CH,6
0.09248644809545643,1.787768882283121,CH,6.1
0.0936828231778303,1.787768882283121,CH,6.2
0.09489467418524182,1.787768882283121,CH,6.300000000000001
0.09612220130930255,1.787768882283121,CH,6.4
0.09736560733123865,1.787768882283121,CH,6.5
0.09862509765538933,1.787768882283121,CH,6.6
0.0999008803431385,1.787768882283121,CH,6.7
0.10119316614728557,1.787768882283121,CH,6.800000000000001
0.10250216854686064,1.787768882283121,CH,6.9
0.10382810378239028,1.787768882283121,CH,7
0.1051711908916192,1.787768882283121,CH,7.1000000000000005
0.1065316517456943,1.787768882283121,CH,7.2
0.10790971108581655,1.787768882283121,CH,7.3
0.10930559656036723,1.787768882283121,CH,7.4
0.1107195387625141,1.787768882283121,CH,7.5
0.11215177126830438,1.787768882283121,CH,7.6000000000000005
0.1136025306752502,1.787768882283121,CH,7.7
0.11507205664141343,1.787768882283121,CH,7.800000000000001
0.11656059192499583,1.787768882283121,CH,7.9
0.11806838242444156,1.787768882283121,CH,8
0.11959567721905838,1.787768882283121,CH,8.100000000000001
0.12114272861016412,1.787768882283121,CH,8.2
0.12270979216276581,1.787768882283121,CH,8.3
0.12429712674777751,1.787768882283121,CH,8.4
0.12590499458478452,1.787768882283121,CH,8.5
0.1275336612853609,1.787768882283121,CH,8.600000000000001
0.1291833958969467,1.787768882283121,CH,8.7
0.13085447094729388,1.787768882283121,CH,8.8
0.1325471624894858,1.787768882283121,CH,8.9
0.1342617501475404,1.787768882283121,CH,9
0.13599851716260233,1.787768882283121,CH,9.100000000000001
0.13775775043973276,1.787768882283121,CH,9.2
0.13953974059530533,1.787768882283121,CH,9.3
0.14134478200501358,1.787768882283121,CH,9.4
0.14317317285250108,1.787768882283121,CH,9.5
0.1450252151786195,1.787768882283121,CH,9.600000000000001
0.14690121493132405,1.787768882283121,CH,9.7
0.14880148201621518,1.787768882283121,CH,9.8
0.15072633034773245,1.787768882283121,CH,9.9
0.15267607790101248,1.787768882283121,CH,10
0.1546510467644163,1.787768882283121,CH,10.100000000000001
0.15665156319273685,1.787768882283121,CH,10.2
0.15867795766109474,1.787768882283121,CH,10.3
0.16073056491953083,1.787768882283121,CH,10.4
0.16280972404830535,1.787768882283121,CH,10.5
0.16491577851391223,1.787768882283121,CH,10.600000000000001
0.16704907622581797,1.787768882283121,CH,10.7
0.1692099695939346,1.787768882283121,CH,10.8
0.171398815586836,1.787768882283121,CH,10.9
0.17361597579072702,1.787768882283121,CH,11
0.17586181646917606,1.787768882283121,CH,11.1
0.17813670862361985,1.787768882283121,CH,11.200000000000001
0.18044102805465068,1.787768882283121,CH,11.3
0.18277515542409722,1.787768882283121,CH,11.4
0.18513947631790756,1.787768882283121,CH,11.5
0.1875343813098462,1.787768882283121,CH,11.6
0.18996026602601485,1.787768882283121,CH,11.700000000000001
0.19241753121020774,1.787768882283121,CH,11.8
0.19490658279011244,1.787768882283121,CH,11.9
0.19742783194436742,1.787768882283121,CH,12
0.19998169517048608,1.787768882283121,CH,12.1
0.2025685943536605,1.787768882283121,CH,12.200000000000001
0.20518895683645436,1.787768882283121,CH,12.3
0.20784321548939802,1.787768882283121,CH,12.4
0.21053180878249653,1.787768882283121,CH,12.5
0.21325518085766235,1.787768882283121,CH,12.600000000000001
0.21601378160208562,1.787768882283121,CH,12.700000000000001
0.21880806672255315,1.787768882283121,CH,12.8
0.22163849782072878,1.787768882283121,CH,12.9
0.2245055424694078,1.787768882283121,CH,13
0.22740967428975734,1.787768882283121,CH,13.100000000000001
0.2303513730295564,1.787768882283121,CH,13.200000000000001
0.23333112464244754,1.787768882283121,CH,13.3
0.23634942136821419,1.787768882283121,CH,13.4
0.23940676181409584,1.787768882283121,CH,13.5
0.2425036510371558,1.787768882283121,CH,13.600000000000001
0.2456406006277135,1.787768882283121,CH,13.700000000000001
0.24881812879385728,1.787768882283121,CH,13.8
0.2520367604470492,1.787768882283121,CH,13.9
0.2552970272888378,1.787768882283121,CH,14
0.2585994678986928,1.787768882283121,CH,14.100000000000001
0.2619446278229752,1.787768882283121,CH,14.200000000000001
0.26533305966505905,1.787768882283121,CH,14.3
0.2687653231766187,1.787768882283121,CH,14.4
0.2722419853500968,1.787768882283121,CH,14.5
0.2757636205123686,1.787768882283121,CH,14.600000000000001
0.2793308104196175,1.787768882283121,CH,14.700000000000001
0.2829441443534387,1.787768882283121,CH,14.8
0.28660421921818485,1.787768882283121,CH,14.9
0.29031163963957224,1.787768882283121,CH,15
0.29406701806456104,1.787768882283121,CH,15.100000000000001
0.2978709748625287,1.787768882283121,CH,15.200000000000001
0.3017241384277519,1.787768882283121,CH,15.3
0.3056271452832134,1.787768882283121,CH,15.4
0.3095806401857526,1.787768882283121,CH,15.5
0.31358527623257576,1.787768882283121,CH,15.600000000000001
0.3176417149691436,1.787768882283121,CH,15.700000000000001
0.32175062649845576,1.787768882283121,CH,15.8
0.32591268959174674,1.787768882283121,CH,15.9
0.33012859180061616,1.787768882283121,CH,16
0.3343990295706073,1.787768882283121,CH,16.1
0.3387247083562553,1.787768882283121,CH,16.200000000000003
0.3431063427376243,1.787768882283121,CH,16.3
0.34754465653835076,1.787768882283121,CH,16.4
0.35204038294521406,1.787768882283121,CH,16.5
0.35659426462925237,1.787768882283121,CH,16.6
0.3612070538684472,1.787768882283121,CH,16.700000000000003
0.36587951267199154,1.787768882283121,CH,16.8
0.370612412906167,1.787768882283121,CH,16.9
0.3754065364218481,1.787768882283121,CH,17
0.38026267518365314,1.787768882283121,CH,17.1
0.3851816314007671,1.787768882283121,CH,17.200000000000003
0.39016421765945347,1.787768882283121,CH,17.3
0.3952112570572801,1.787768882283121,CH,17.4
0.40032358333907736,1.787768882283121,CH,17.5
0.40550204103465254,1.787768882283121,CH,17.6
0.4107474855982837,1.787768882283121,CH,17.700000000000003
0.4160607835500126,1.787768882283121,CH,17.8
0.42144281261876054,1.787768882283121,CH,17.9
0.4268944618872892,1.787768882283121,CH,18
0.4324166319390292,1.787768882283121,CH,18.1
0.43801023500679753,1.787768882283121,CH,18.200000000000003
0.4436761951234282,1.787768882283121,CH,18.3
0.4494154482743373,1.787768882283121,CH,18.4
0.4552289425520432,1.787768882283121,CH,18.5
0.4611176383126622,1.787768882283121,CH,18.6
0.4670825083344058,1.787768882283121,CH,18.700000000000003
0.47312453797809234,1.787768882283121,CH,18.8
0.47924472534969564,1.787768882283121,CH,18.9
0.4854440814649471,1.787768882283121,CH,19
0.49172363041600425,1.787768882283121,CH,19.1
0.49808440954020333,1.787768882283121,CH,19.2
0.5045274695909,1.787768882283121,CH,19.3
0.5110538749104063,1.787768882283121,CH,19.400000000000002
0.5176647036050288,1.787768882283121,CH,19.5
0.5243610477221947,1.787768882283121,CH,19.6
0.5311440134296613,1.787768882283121,CH,19.7
0.5380147211967841,1.787768882283121,CH,19.8
0.5449743059778098,1.787768882283121,CH,19.900000000000002
0.5520239173971485,1.787768882283121,CH,20
0.5591647199365612,1.787768882283121,CH,20.1
0.5663978931241752,1.787768882283121,CH,20.2
0.5737246317252153,1.787768882283121,CH,20.3
0.5811461459343052,1.787768882283121,CH,20.400000000000002
0.5886636615691555,1.787768882283121,CH,20.5
0.5962784202654019,1.787768882283121,CH,20.6
0.6039916796722931,1.787768882283121,CH,20.7
0.6118047136488655,1.787768882283121,CH,20.8
0.619718812460131,1.787768882283121,CH,20.900000000000002
0.6277352829727062,1.787768882283121,CH,21
0.635855448849159,1.787768882283121,CH,21.1
0.6440806507401823,1.787768882283121,CH,21.2
0.6524122464734955,1.787768882283121,CH,21.3
0.6608516112380964,1.787768882283121,CH,21.400000000000002
0.6694001377621877,1.787768882283121,CH,21.5
0.67805923648269,1.787768882283121,CH,21.6
0.6868303357037705,1.787768882283121,CH,21.7
0.6957148817412212,1.787768882283121,CH,21.8
0.7047143390487822,1.787768882283121,CH,21.900000000000002
0.7138301903216029,1.787768882283121,CH,22
0.7230639365709153,1.787768882283121,CH,22.1
0.732417097162632,1.787768882283121,CH,22.200000000000003
0.7418912098108935,1.787768882283121,CH,22.3
0.7514878305155243,1.787768882283121,CH,22.400000000000002
0.7612085334297986,1.787768882283121,CH,22.5
0.7710549106418123,1.787768882283121,CH,22.6
0.7810285718488797,1.787768882283121,CH,22.700000000000003
0.7911311438996573,1.787768882283121,CH,22.8
0.8013642701728795,1.787768882283121,CH,22.900000000000002
0.8117296097544157,1.787768882283121,CH,23
0.8222288363655839,1.787768882283121,CH,23.1
0.8328636369848026,1.787768882283121,CH,23.200000000000003
0.8436357100913869,1.787768882283121,CH,23.3
0.8545467634439079,1.787768882283121,CH,23.400000000000002
0.8655985112854139,1.787768882283121,CH,23.5
0.8767926708430863,1.787768882283121,CH,23.6
0.8881309579594484,1.787768882283121,CH,23.700000000000003
0.8996150816548557,1.787768882283121,CH,23.8
0.9112467373749692,1.787768882283121,CH,23.900000000000002
0.9230275986203483,1.787768882283121,CH,24
0.9349593065857368,1.787768882283121,CH,24.1
0.9470434573510471,1.787768882283121,CH,24.200000000000003
0.9592815860608946,1.787768882283121,CH,24.3
0.9716751474001458,1.787768882283121,CH,24.400000000000002
0.9842254915139084,1.787768882283121,CH,24.5
0.9969338343248004,1.787768882283121,CH,24.6
1.0098012209598275,1.787768882283121,CH,24.700000000000003
1.022828480703458,1.787768882283121,CH,24.8
1.0360161715298275,1.787768882283121,CH,24.900000000000002
1.0493645118198063,1.787768882283121,CH,25
1.0628732963188177,1.787768882283121,CH,25.1
1.0765417927150818,1.787768882283121,CH,25.200000000000003
1.0903686143865348,1.787768882283121,CH,25.3
1.1043515638422494,1.787768882283121,CH,25.400000000000002
1.1184874401269431,1.787768882283121,CH,25.5
1.1327718019112374,1.787768882283121,CH,25.6
1.1471986760892732,1.787768882283121,CH,25.700000000000003
1.1617601993677362,1.787768882283121,CH,25.8
1.1764461774558683,1.787768882283121,CH,25.900000000000002
1.1912435429314143,1.787768882283121,CH,26
1.2061356885111254,1.787768882283121,CH,26.1
1.2211016471098142,1.787768882283121,CH,26.200000000000003
1.2361150834999846,1.787768882283121,CH,26.3
1.251143054302663,1.787768882283121,CH,26.400000000000002
1.2661444831027373,1.787768882283121,CH,26.5
1.281068285262534,1.787768882283121,CH,26.6
1.2958510619814014,1.787768882283121,CH,26.700000000000003
1.3104142646722632,1.787768882283121,CH,26.8
1.3246607080058204,1.787768882283121,CH,26.900000000000002
1.3384702820348473,1.787768882283121,CH,27
1.351694679456442,1.787768882283121,CH,27.1
1.364150911825536,1.787768882283121,CH,27.200000000000003
1.3756133365864789,1.787768882283121,CH,27.3
1.3858038529128651,1.787768882283121,CH,27.400000000000002
1.3943798457990733,1.787768882283121,CH,27.5
1.4009193612611506,1.787768882283121,CH,27.6
1.4049028767366676,1.787768882283121,CH,27.700000000000003
1.4056908847287184,1.787768882283121,CH,27.8
1.4024963281539082,1.787768882283121,CH,27.900000000000002
1.3943507050249018,1.787768882283121,CH,28
1.3800623885527654,1.787768882283121,CH,28.1
1.3581653748453286,1.787768882283121,CH,28.200000000000003
1.3268562597825773,1.787768882283121,CH,28.3
1.2839167417567512,1.787768882283121,CH,28.400000000000002
1.2266183261167103,1.787768882283121,CH,28.5
1.1516051437226658,1.787768882283121,CH,28.6
1.054749857252479,1.787768882283121,CH,28.700000000000003
0.930976474536902,1.787768882283121,CH,28.8
0.7740424687241185,1.787768882283121,CH,28.900000000000002
0.5762708595967505,1.787768882283121,CH,29
0.32822076401746636,1.787768882283121,CH,29.1
0.018282284198466225,1.787768882283121,CH,29.200000000000003
-0.36782164293429287,1.787768882283121,CH,29.3
-0.8476478027852536,1.787768882283121,CH,29.400000000000002
-1.4427859413487174,1.787768882283121,CH,29.5
-2.1797849938155642,1.787768882283121,CH,29.6
-3.0912920328388855,1.787768882283121,CH,29.700000000000003
-4.217452790084294,1.787768882283121,CH,29.8
-5.607633824511405,1.787768882283121,CH,29.900000000000002
-7.322540207421829,1.787768882283121,CH,30
-9.43681955945008,1.787768882283121,CH,30.1
-12.042264136060966,1.787768882283121,CH,30.200000000000003
-15.251748310575145,1.787768882283121,CH,30.3
-19.20407034759731,1.787768882283121,CH,30.400000000000002
-24.069906147993592,1.787768882283121,CH,30.5
-30.05913034304141,1.787768882283121,CH,30.6
-37.42981876589979,1.787768882283121,CH,30.700000000000003
-46.49931844889721,1.787768882283121,CH,30.8
-57.65785997876375,1.787768882283121,CH,30.900000000000002
-71.38529609282463,1.787768882283121,CH,31
-88.27168449494745,1.787768882283121,CH,31.1
-109.04259776243315,1.787768882283121,CH,31.200000000000003
-134.59024597707824,1.787768882283121,CH,31.3
-166.01174704226617,1.787768882283121,CH,31.400000000000002
-204.65618623802115,1.787768882283121,CH,31.5
-252.18248356804182,1.787768882283121,CH,31.6
-310.63055103787866,1.787768882283121,CH,31.700000000000003
-382.50879205655315,1.787768882283121,CH,31.8
-470.9016961263961,1.787768882283121,CH,31.900000000000002
-579.6021439453566,1.787768882283121,CH,32
-713.2740979646524,1.787768882283121,CH,32.1
-877.6526567863957,1.787768882283121,CH,32.2
-1079.790054455535,1.787768882283121,CH,32.3
-1328.3581564429921,1.787768882283121,CH,32.400000000000006
-1634.020427462813,1.787768882283121,CH,32.5
-2009.8893261648557,1.787768882283121,CH,32.6
-2472.088746009935,1.787768882283121,CH,32.7
-3040.4456274445156,1.787768882283121,CH,32.8
-3739.340407115388,1.787768882283121,CH,32.900000000000006
-4598.752782955863,1.787768882283121,CH,33
-5655.547651780452,1.787768882283121,CH,33.1
-6955.0563778861315,1.787768882283121,CH,33.2
-8553.021218972575,1.787768882283121,CH,33.3
-10517.986312819394,1.787768882283121,CH,33.400000000000006
-12934.237782758455,1.787768882283121,CH,33.5
-15905.419073668683,1.787768882283121,CH,33.6
-19558.976593282303,1.787768882283121,CH,33.7
-24051.626348394628,1.787768882283121,CH,33.8
-29576.07605970944,1.787768882283121,CH,33.900000000000006
-36369.29109105539,1.787768882283121,CH,34
-44722.65874849991,1.787768882283121,CH,34.1
-54994.48693276548,1.787768882283121,CH,34.2
-67625.37325724306,1.787768882283121,CH,34.3
-83157.10386847141,1.787768882283121,CH,34.400000000000006
-102255.8926076131,1.787768882283121,CH,34.5
-125740.95732440504,1.787768882283121,CH,34.6
-154619.65908464446,1.787768882283121,CH,34.7
-190130.71151855716,1.787768882283121,CH,34.8
-233797.3137148045,1.787768882283121,CH,34.900000000000006
-287492.48572143016,1.787768882283121,CH,35
-353519.40912906633,1.787768882283121,CH,35.1
-434710.218833572,1.787768882283121,CH,35.2
-534547.4835130092,1.787768882283121,CH,35.300000000000004
-657313.5855546591,1.787768882283121,CH,35.4
-808274.4078756777,1.787768882283121,CH,35.5
-993905.2066272751,1.787768882283121,CH,35.6
-1222168.3582773625,1.787768882283121,CH,35.7
-1502854.8946451237,1.787768882283121,CH,35.800000000000004
-1848004.47555656,1.787768882283121,CH,35.9
-2272421.8132627644,1.787768882283121,CH,36
-2794311.699925425,1.787768882283121,CH,36.1
-3436059.8767884662,1.787768882283121,CH,36.2
-4225193.239330051,1.787768882283121,CH,36.300000000000004
-5195560.565055251,1.787768882283121,CH,36.4
-6388784.409601923,1.787768882283121,CH,36.5
-7856046.448218324,1.787768882283121,CH,36.6
-9660282.842344696,1.787768882283121,CH,36.7
-11878883.798488243,1.787768882283121,CH,36.800000000000004
-14607013.113202587,1.787768882283121,CH,36.9
-17961690.091425646,1.787768882283121,CH,37
-22086808.926369768,1.787768882283121,CH,37.1
-27159310.840264942,1.787768882283121,CH,37.2
-33396773.731322404,1.787768882283121,CH,37.300000000000004
-41066744.8742453,1.787768882283121,CH,37.4
-50498216.98745662,1.787768882283121,CH,37.5
-62095739.91693622,1.787768882283121,CH,37.6
-76356773.23768362,1.787768882283121,CH,37.7
-93893024.08842723,1.787768882283121,CH,37.800000000000004
-115456685.4962452,1.787768882283121,CH,37.9
-141972700.6474664,1.787768882283121,CH,38
0.07648080902333555,0.3329588229464685,CS,3
0.07717349606362348,0.3329588229464685,CS,3.1
0.07787243924848829,0.3329588229464685,CS,3.2
0.07857769438987651,0.3329588229464685,CS,3.3
0.07928931777026359,0.3329588229464685,CS,3.4
0.08000736614552366,0.3329588229464685,CS,3.5
0.08073189674777043,0.3329588229464685,CS,3.6
0.0814629672881665,0.3329588229464685,CS,3.7
0.0822006359596988,0.3329588229464685,CS,3.8
0.08294496143991736,0.3329588229464685,CS,3.9
0.08369600289363456,0.3329588229464685,CS,4
0.08445381997558227,0.3329588229464685,CS,4.1
0.08521847283302356,0.3329588229464685,CS,4.2
0.08599002210831591,0.3329588229464685,CS,4.3
0.08676852894142285,0.3329588229464685,CS,4.4
0.08755405497237026,0.3329588229464685,CS,4.5
0.08834666234364394,0.3329588229464685,CS,4.6
0.0891464137025248,0.3329588229464685,CS,4.7
0.08995337220335763,0.3329588229464685,CS,4.8
0.09076760150974948,0.3329588229464685,CS,4.9
0.09158916579669335,0.3329588229464685,CS,5
0.09241812975261292,0.3329588229464685,CS,5.1
0.09325455858132359,0.3329588229464685,CS,5.2
0.09409851800390506,0.3329588229464685,CS,5.300000000000001
0.09495007426048056,0.3329588229464685,CS,5.4
0.0958092941118975,0.3329588229464685,CS,5.5
0.09667624484130394,0.3329588229464685,CS,5.6
0.09755099425561557,0.3329588229464685,CS,5.7
0.09843361068686689,0.3329588229464685,CS,5.800000000000001
0.09932416299344096,0.3329588229464685,CS,5.9
0.10022272056117097,0.3329588229464685,CS,6
0.1011293533043069,0.3329588229464685,CS,6.1
0.10204413166634087,0.3329588229464685,CS,6.2
0.10296712662068323,0.3329588229464685,CS,6.300000000000001
0.10389840967118268,0.3329588229464685,CS,6.4
0.10483805285248177,0.3329588229464685,CS,6.5
0.10578612873020034,0.3329588229464685,CS,6.6
0.10674271040093798,0.3329588229464685,CS,6.7
0.10770787149208669,0.3329588229464685,CS,6.800000000000001
0.10868168616144486,0.3329588229464685,CS,6.9
0.10966422909662274,0.3329588229464685,CS,7
0.1106555755142293,0.3329588229464685,CS,7.1000000000000005
0.11165580115883045,0.3329588229464685,CS,7.2
0.11266498230166748,0.3329588229464685,CS,7.3
0.11368319573912483,0.3329588229464685,CS,7.4
0.11471051879093494,0.3329588229464685,CS,7.5
0.11574702929810873,0.3329588229464685,CS,7.6000000000000005
0.11679280562057817,0.3329588229464685,CS,7.7
0.1178479266345386,0.3329588229464685,CS,7.800000000000001
0.11891247172947621,0.3329588229464685,CS,7.9
0.11998652080486737,0.3329588229464685,CS,8
0.12107015426653377,0.3329588229464685,CS,8.100000000000001
0.12216345302263878,0.3329588229464685,CS,8.2
0.12326649847930891,0.3329588229464685,CS,8.3
0.12437937253586258,0.3329588229464685,CS,8.4
0.12550215757963032,0.3329588229464685,CS,8.5
0.12663493648034682,0.3329588229464685,CS,8.600000000000001
0.12777779258409677,0.3329588229464685,CS,8.7
0.12893080970679485,0.3329588229464685,CS,8.8
0.13009407212717863,0.3329588229464685,CS,8.9
0.13126766457929434,0.3329588229464685,CS,9
0.13245167224445226,0.3329588229464685,CS,9.100000000000001
0.13364618074262924,0.3329588229464685,CS,9.2
0.13485127612329487,0.3329588229464685,CS,9.3
0.13606704485563503,0.3329588229464685,CS,9.4
0.13729357381814844,0.3329588229464685,CS,9.5
0.13853095028758836,0.3329588229464685,CS,9.600000000000001
0.13977926192722148,0.3329588229464685,CS,9.7
0.14103859677437544,0.3329588229464685,CS,9.8
0.14230904322724355,0.3329588229464685,CS,9.9
0.1435906900309165,0.3329588229464685,CS,10
0.14488362626260734,0.3329588229464685,CS,10.100000000000001
0.14618794131603527,0.3329588229464685,CS,10.2
0.14750372488493466,0.3329588229464685,CS,10.3
0.1488310669456496,0.3329588229464685,CS,10.4
0.15017005773877798,0.3329588229464685,CS,10.5
0.15152078774982422,0.3329588229464685,CS,10.600000000000001
0.15288334768881828,0.3329588229464685,CS,10.7
0.1542578284688603,0.3329588229464685,CS,10.8
0.15564432118354232,0.3329588229464685,CS,10.9
0.15704291708320417,0.3329588229464685,CS,11
0.15845370754997223,0.3329588229464685,CS,11.1
0.15987678407153166,0.3329588229464685,CS,11.200000000000001
0.16131223821357954,0.3329588229464685,CS,11.3
0.1627601615909043,0.3329588229464685,CS,11.4
0.16422064583703463,0.3329588229464685,CS,11.5
0.16569378257239858,0.3329588229464685,CS,11.6
0.16717966337093162,0.3329588229464685,CS,11.700000000000001
0.16867837972507016,0.3329588229464685,CS,11.8
0.1701900230090637,0.3329588229464685,CS,11.9
0.17171468444053642,0.3329588229464685,CS,12
0.1732524550402274,0.3329588229464685,CS,12.1
0.1748034255898335,0.3329588229464685,CS,12.200000000000001
0.1763676865878782,0.3329588229464685,CS,12.3
0.1779453282035258,0.3329588229464685,CS,12.4
0.1795364402282565,0.3329588229464685,CS,12.5
0.18114111202531524,0.3329588229464685,CS,12.600000000000001
0.18275943247684426,0.3329588229464685,CS,12.700000000000001
0.18439148992860427,0.3329588229464685,CS,12.8
0.18603737213218663,0.3329588229464685,CS,12.9
0.18769716618461454,0.3329588229464685,CS,13
0.18937095846522733,0.3329588229464685,CS,13.100000000000001
0.19105883456973705,0.3329588229464685,CS,13.200000000000001
0.19276087924134436,0.3329588229464685,CS,13.3
0.19447717629879246,0.3329588229464685,CS,13.4
0.196207808561237,0.3329588229464685,CS,13.5
0.1979528577698026,0.3329588229464685,CS,13.600000000000001
0.1997124045056914,0.3329588229464685,CS,13.700000000000001
0.2014865281047064,0.3329588229464685,CS,13.8
0.2032753065680426,0.3329588229464685,CS,13.9
0.20507881646919737,0.3329588229464685,CS,14
0.20689713285684247,0.3329588229464685,CS,14.100000000000001
0.20873032915349596,0.3329588229464685,CS,14.200000000000001
0.21057847704982474,0.3329588229464685,CS,14.3
0.2124416463944019,0.3329588229464685,CS,14.4
0.214319905078736,0.3329588229464685,CS,14.5
0.21621331891738318,0.3329588229464685,CS,14.600000000000001
0.21812195152294375,0.3329588229464685,CS,14.700000000000001
0.220045864175739,0.3329588229464685,CS,14.8
0.22198511568795368,0.3329588229464685,CS,14.9
0.22393976226202372,0.3329588229464685,CS,15
0.2259098573430373,0.3329588229464685,CS,15.100000000000001
0.22789545146491047,0.3329588229464685,CS,15.200000000000001
0.22989659209008792,0.3329588229464685,CS,15.3
0.23191332344250967,0.3329588229464685,CS,15.4
0.23394568633357432,0.3329588229464685,CS,15.5
0.23599371798081936,0.3329588229464685,CS,15.600000000000001
0.23805745181902685,0.3329588229464685,CS,15.700000000000001
0.24013691730345255,0.3329588229464685,CS,15.8
0.24223213970486368,0.3329588229464685,CS,15.9
0.2443431398960585,0.3329588229464685,CS,16
0.2464699341295274,0.3329588229464685,CS,16.1
0.24861253380590273,0.3329588229464685,CS,16.200000000000003
0.25077094523283017,0.3329588229464685,CS,16.3
0.2529451693738792,0.3329588229464685,CS,16.4
0.25513520158709635,0.3329588229464685,CS,16.5
0.2573410313527878,0.3329588229464685,CS,16.6
0.2595626419901043,0.3329588229464685,CS,16.700000000000003
0.2618000103619799,0.3329588229464685,CS,16.8
0.2640531065679637,0.3329588229464685,CS,16.9
0.26632189362446074,0.3329588229464685,CS,17
0.2686063271318821,0.3329588229464685,CS,17.1
0.2709063549281838,0.3329588229464685,CS,17.200000000000003
0.2732219167282535,0.3329588229464685,CS,17.3
0.2755529437485811,0.3329588229464685,CS,17.4
0.2778993583166295,0.3329588229464685,CS,17.5
0.2802610734642983,0.3329588229464685,CS,17.6
0.2826379925048467,0.3329588229464685,CS,17.700000000000003
0.2850300085926202,0.3329588229464685,CS,17.8
0.28743700426489815,0.3329588229464685,CS,17.9
0.28985885096515135,0.3329588229464685,CS,18
0.29229540854697295,0.3329588229464685,CS,18.1
0.2947465247579152,0.3329588229464685,CS,18.200000000000003
0.2972120347024352,0.3329588229464685,CS,18.3
0.29969176028312033,0.3329588229464685,CS,18.4
0.30218550961933266,0.3329588229464685,CS,18.5
0.30469307644237525,0.3329588229464685,CS,18.6
0.30721423946625215,0.3329588229464685,CS,18.700000000000003
0.3097487617330523,0.3329588229464685,CS,18.8
0.3122963899319524,0.3329588229464685,CS,18.9
0.31485685369079314,0.3329588229464685,CS,19
0.3174298648391417,0.3329588229464685,CS,19.1
0.3200151166417114,0.3329588229464685,CS,19.2
0.32261228300096484,0.3329588229464685,CS,19.3
0.32522101762767697,0.3329588229464685,CS,19.400000000000002
0.32784095317819306,0.3329588229464685,CS,19.5
0.33047170035706075,0.3329588229464685,CS,19.6
0.333112846983664,0.3329588229464685,CS,19.7
0.33576395702143713,0.3329588229464685,CS,19.8
0.33842456956817424,0.3329588229464685,CS,19.900000000000002
0.34109419780589606,0.3329588229464685,CS,20
0.3437723279086741,0.3329588229464685,CS,20.1
0.3464584179067461,0.3329588229464685,CS,20.2
0.34915189650519596,0.3329588229464685,CS,20.3
0.35185216185539825,0.3329588229464685,CS,20.400000000000002
0.35455858027736065,0.3329588229464685,CS,20.5
0.357270484931021,0.3329588229464685,CS,20.6
0.35998717443447875,0.3329588229464685,CS,20.7
0.3627079114270652,0.3329588229464685,CS,20.8
0.3654319210750673,0.3329588229464685,CS,20.900000000000002
0.36815838951784047,0.3329588229464685,CS,21
0.3708864622519526,0.3329588229464685,CS,21.1
0.37361524245090666,0.3329588229464685,CS,21.2
0.3763437892178997,0.3329588229464685,CS,21.3
0.37907111576896646,0.3329588229464685,CS,21.400000000000002
0.38179618754375905,0.3329588229464685,CS,21.5
0.38451792024110165,0.3329588229464685,CS,21.6
0.38723517777634436,0.3329588229464685,CS,21.7
0.3899467701574317,0.3329588229464685,CS,21.8
0.39265145127646595,0.3329588229464685,CS,21.900000000000002
0.39534791661343294,0.3329588229464685,CS,22
0.3980348008486151,0.3329588229464685,CS,22.1
0.4007106753800849,0.3329588229464685,CS,22.200000000000003
0.4033740457425301,0.3329588229464685,CS,22.3
0.4060233489235111,0.3329588229464685,CS,22.400000000000002
0.40865695057309753,0.3329588229464685,CS,22.5
0.41127314210267635,0.3329588229464685,CS,22.6
0.413870137668548,0.3329588229464685,CS,22.700000000000003
0.4164460710357647,0.3329588229464685,CS,22.8
0.41899899231747884,0.3329588229464685,CS,22.900000000000002
0.42152686458488253,0.3329588229464685,CS,23
0.42402756034263334,0.3329588229464685,CS,23.1
0.42649885786444647,0.3329588229464685,CS,23.200000000000003
0.4289384373833379,0.3329588229464685,CS,23.3
0.4313438771307758,0.3329588229464685,CS,23.400000000000002
0.4337126492187718,0.3329588229464685,CS,23.5
0.43604211535871734,0.3329588229464685,CS,23.6
0.43832952241051076,0.3329588229464685,CS,23.700000000000003
0.4405719977552806,0.3329588229464685,CS,23.8
0.4427665444847392,0.3329588229464685,CS,23.900000000000002
0.4449100363999229,0.3329588229464685,CS,24
0.44699921281180155,0.3329588229464685,CS,24.1
0.44903067313592765,0.3329588229464685,CS,24.200000000000003
0.4510008712729989,0.3329588229464685,CS,24.3
0.4529061097668837,0.3329588229464685,CS,24.400000000000002
0.4547425337313213,0.3329588229464685,CS,24.5
0.4565061245361687,0.3329588229464685,CS,24.6
0.4581926932437031,0.3329588229464685,CS,24.700000000000003
0.4597978737851119,0.3329588229464685,CS,24.8
0.4613171158669186,0.3329588229464685,CS,24.900000000000002
0.46274567759668284,0.3329588229464685,CS,25
0.4640786178168961,0.3329588229464685,CS,25.1
0.46531078813555726,0.3329588229464685,CS,25.200000000000003
0.4664368246414556,0.3329588229464685,CS,25.3
0.4674511392917178,0.3329588229464685,CS,25.400000000000002
0.46834791095868866,0.3329588229464685,CS,25.5
0.4691210761226962,0.3329588229464685,CS,25.6
0.4697643191967304,0.3329588229464685,CS,25.700000000000003
0.47027106246851125,0.3329588229464685,CS,25.8
0.47063445564484163,0.3329588229464685,CS,25.900000000000002
0.47084736498256075,0.3329588229464685,CS,26
0.470902361989775,0.3329588229464685,CS,26.1
0.4707917116804164,0.3329588229464685,CS,26.200000000000003
0.47050736036450436,0.3329588229464685,CS,26.3
0.4700409229557844,0.3329588229464685,CS,26.400000000000002
0.4693836697777065,0.3329588229464685,CS,26.5
0.46852651284794833,0.3329588229464685,CS,26.6
0.4674599916209058,0.3329588229464685,CS,26.700000000000003
0.4661742581667695,0.3329588229464685,CS,26.8
0.46465906176495353,0.3329588229464685,CS,26.900000000000002
0.46290373288877207,0.3329588229464685,CS,27
0.460897166557347,0.3329588229464685,CS,27.1
0.45862780502977973,0.3329588229464685,CS,27.200000000000003
0.4560836198156408,0.3329588229464685,CS,27.3
0.45325209297479974,0.3329588229464685,CS,27.400000000000002
0.45012019767856293,0.3329588229464685,CS,27.5
0.446674378002976,0.3329588229464685,CS,27.6
0.44290052792399687,0.3329588229464685,CS,27.700000000000003
0.4387839694830538,0.3329588229464685,CS,27.8
0.43430943009026274,0.3329588229464685,CS,27.900000000000002
0.4294610189312797,0.3329588229464685,CS,28
0.4242222024424335,0.3329588229464685,CS,28.1
0.41857577881737934,0.3329588229464685,CS,28.200000000000003
0.41250385150706487,0.3329588229464685,CS,28.3
0.4059878016733089,0.3329588229464685,CS,28.400000000000002
0.3990082595546995,0.3329588229464685,CS,28.5
0.3915450747019183,0.3329588229464685,CS,28.6
0.383577285037886,0.3329588229464685,CS,28.700000000000003
0.37508308469637036,0.3329588229464685,CS,28.8
0.3660397905908802,0.3329588229464685,CS,28.900000000000002
0.35642380766375326,0.3329588229464685,CS,29
0.3462105927633697,0.3329588229464685,CS,29.1
0.33537461709540134,0.3329588229464685,CS,29.200000000000003
0.3238893271918151,0.3329588229464685,CS,29.3
0.3117271043391938,0.3329588229464685,CS,29.400000000000002
0.2988592224055854,0.3329588229464685,CS,29.5
0.2852558040027082,0.3329588229464685,CS,29.6
0.2708857749178736,0.3329588229464685,CS,29.700000000000003
0.25571681674734925,0.3329588229464685,CS,29.8
0.23971531766023013,0.3329588229464685,CS,29.900000000000002
0.22284632121909886,0.3329588229464685,CS,30
0.20507347318078928,0.3329588229464685,CS,30.1
0.18635896619761194,0.3329588229464685,CS,30.200000000000003
0.16666348233622796,0.3329588229464685,CS,30.3
0.14594613332806272,0.3329588229464685,CS,30.400000000000002
0.12416439846183902,0.3329588229464685,CS,30.5
0.10127406002516948,0.3329588229464685,CS,30.6
0.0772291361985803,0.3329588229464685,CS,30.700000000000003
0.05198181130147661,0.3329588229464685,CS,30.8
0.025482363285572962,0.3329588229464685,CS,30.900000000000002
-0.0023209116327106427,0.3329588229464685,CS,31
-0.03148177731380897,0.3329588229464685,CS,31.1
-0.06205613912776431,0.3329588229464685,CS,31.200000000000003
-0.0941021286001138,0.3329588229464685,CS,31.3
-0.1276801913976574,0.3329588229464685,CS,31.400000000000002
-0.16285317878580585,0.3329588229464685,CS,31.5
-0.19968644269444624,0.3329588229464685,CS,31.6
-0.23824793453465265,0.3329588229464685,CS,31.700000000000003
-0.2786083079141559,0.3329588229464685,CS,31.8
-0.32084102540537685,0.3329588229464685,CS,31.900000000000002
-0.3650224695258206,0.3329588229464685,CS,32
-0.41123205809699037,0.3329588229464685,CS,32.1
-0.4595523641544963,0.3329588229464685,CS,32.2
-0.5100692405888856,0.3329588229464685,CS,32.3
-0.5628719497037447,0.3329588229464685,CS,32.400000000000006
-0.618053297884988,0.3329588229464685,CS,32.5
-0.6757097755830219,0.3329588229464685,CS,32.6
-0.7359417028171589,0.3329588229464685,CS,32.7
-0.7988533804202358,0.3329588229464685,CS,32.8
-0.8645532472497317,0.3329588229464685,CS,32.900000000000006
-0.933154043600682,0.3329588229464685,CS,33
-1.004772981065126,0.3329588229464685,CS,33.1
-1.0795319190921124,0.3329588229464685,CS,33.2
-1.1575575485127414,0.3329588229464685,CS,33.3
-1.2389815823048085,0.3329588229464685,CS,33.400000000000006
-1.323940953882555,0.3329588229464685,CS,33.5
-1.4125780232084828,0.3329588229464685,CS,33.6
-1.5050407910354477,0.3329588229464685,CS,33.7
-1.6014831215999565,0.3329588229464685,CS,33.8
-1.7020649740997957,0.3329588229464685,CS,33.900000000000006
-1.8069526433024239,0.3329588229464685,CS,34
-1.916319009644447,0.3329588229464685,CS,34.1
-2.030343799196152,0.3329588229464685,CS,34.2
-2.1492138538804526,0.3329588229464685,CS,34.3
-2.2731234123505946,0.3329588229464685,CS,34.400000000000006
-2.4022744019467157,0.3329588229464685,CS,34.5
-2.5368767421687464,0.3329588229464685,CS,34.6
-2.677148660119223,0.3329588229464685,CS,34.7
-2.8233170183884715,0.3329588229464685,CS,34.8
-2.975617655872831,0.3329588229464685,CS,34.900000000000006
-3.134295742035683,0.3329588229464685,CS,35
-3.299606145141933,0.3329588229464685,CS,35.1
-3.471813815016503,0.3329588229464685,CS,35.2
-3.651194180899985,0.3329588229464685,CS,35.300000000000004
-3.8380335649967607,0.3329588229464685,CS,35.4
-4.032629612334432,0.3329588229464685,CS,35.5
-4.235291737577756,0.3329588229464685,CS,35.6
-4.446341589466019,0.3329588229464685,CS,35.7
-4.66611353356849,0.3329588229464685,CS,35.800000000000004
-4.894955154080725,0.3329588229464685,CS,35.9
-5.13322777541244,0.3329588229464685,CS,36
-5.381307004347426,0.3329588229464685,CS,36.1
-5.6395832935871395,0.3329588229464685,CS,36.2
-5.908462527520842,0.3329588229464685,CS,36.300000000000004
-6.188366631099253,0.3329588229464685,CS,36.4
-6.479734202722609,0.3329588229464685,CS,36.5
-6.783021172090158,0.3329588229464685,CS,36.6
-7.098701483995757,0.3329588229464685,CS,36.7
-7.427267809092647,0.3329588229464685,CS,36.800000000000004
-7.769232282690827,0.3329588229464685,CS,36.9
-8.12512727269305,0.3329588229464685,CS,37
-8.495506177817951,0.3329588229464685,CS,37.1
-8.880944257305208,0.3329588229464685,CS,37.2
-9.282039493344268,0.3329588229464685,CS,37.300000000000004
-9.699413487516766,0.3329588229464685,CS,37.4
-10.133712392594687,0.3329588229464685,CS,37.5
-10.585607881087858,0.3329588229464685,CS,37.6
-11.055798151990603,0.3329588229464685,CS,37.7
-11.545008977233952,0.3329588229464685,CS,37.800000000000004
-12.053994789408854,0.3329588229464685,CS,37.9
-12.583539812388734,0.3329588229464685,CS,38
0.04765421431015508,4.767143439645762,TT,3
0.04833349417175289,4.767143439645762,TT,3.1
0.04902245672593356,4.767143439645762,TT,3.2
0.04972123999313596,4.767143439645762,TT,3.3
0.05042998396118549,4.767143439645762,TT,3.4
0.051148830613337484,4.767143439645762,TT,3.5
0.05187792395672022,4.767143439645762,TT,3.6
0.05261741005118332,4.767143439645762,TT,3.7
0.053367437038557314,4.767143439645762,TT,3.8
0.05412815517233025,4.767143439645762,TT,3.9
0.05489971684774723,4.767143439645762,TT,4
0.05568227663233889,4.767143439645762,TT,4.1
0.05647599129688509,4.767143439645762,TT,4.2
0.057281019846819686,4.767143439645762,TT,4.3
0.05809752355408305,4.767143439645762,TT,4.4
0.05892566598942841,4.767143439645762,TT,4.5
0.059765613055188606,4.767143439645762,TT,4.6
0.06061753301850987,4.767143439645762,TT,4.7
0.06148159654505897,4.767143439645762,TT,4.8
0.062357976733211036,4.767143439645762,TT,4.9
0.06324684914872415,4.767143439645762,TT,5
0.06414839185990832,4.767143439645762,TT,5.1
0.06506278547329546,4.767143439645762,TT,5.2
0.06599021316981749,4.767143439645762,TT,5.300000000000001
0.06693086074150016,4.767143439645762,TT,5.4
0.06788491662867943,4.767143439645762,TT,5.5
0.06885257195774813,4.767143439645762,TT,5.6
0.06983402057944041,4.767143439645762,TT,5.7
0.07082945910766152,4.767143439645762,TT,5.800000000000001
0.07183908695887069,4.767143439645762,TT,5.9
0.0728631063920251,4.767143439645762,TT,6
0.07390172254909262,4.767143439645762,TT,6.1
0.07495514349614163,4.767143439645762,TT,6.2
0.07602358026501599,4.767143439645762,TT,6.300000000000001
0.07710724689560353,4.767143439645762,TT,6.4
0.07820636047870627,4.767143439645762,TT,6.5
0.07932114119952122,4.767143439645762,TT,6.6
0.08045181238174001,4.767143439645762,TT,6.7
0.08159860053227641,4.767143439645762,TT,6.800000000000001
0.08276173538663038,4.767143439645762,TT,6.9
0.08394144995489794,4.767143439645762,TT,7
0.08513798056843554,4.767143439645762,TT,7.1000000000000005
0.08635156692718843,4.767143439645762,TT,7.2
0.08758245214769263,4.767143439645762,TT,7.3
0.08883088281175919,4.767143439645762,TT,7.4
0.0900971090158512,4.767143439645762,TT,7.5
0.09138138442116286,4.767143439645762,TT,7.6000000000000005
0.09268396630441016,4.767143439645762,TT,7.7
0.09400511560934388,4.767143439645762,TT,7.800000000000001
0.0953450969989943,4.767143439645762,TT,7.9
0.09670417890865836,4.767143439645762,TT,8
0.09808263359963897,4.767143439645762,TT,8.100000000000001
0.09948073721374774,4.767143439645762,TT,8.2
0.10089876982858127,4.767143439645762,TT,8.3
0.10233701551358129,4.767143439645762,TT,8.4
0.10379576238689078,4.767143439645762,TT,8.5
0.10527530267301533,4.767143439645762,TT,8.600000000000001
0.10677593276130226,4.767143439645762,TT,8.7
0.1082979532652481,4.767143439645762,TT,8.8
0.10984166908264548,4.767143439645762,TT,8.9
0.11140738945658132,4.767143439645762,TT,9
0.11299542803729791,4.767143439645762,TT,9.100000000000001
0.11460610294492785,4.767143439645762,TT,9.2
0.11623973683311566,4.767143439645762,TT,9.3
0.11789665695353668,4.767143439645762,TT,9.4
0.11957719522132643,4.767143439645762,TT,9.5
0.12128168828143158,4.767143439645762,TT,9.600000000000001
0.12301047757589496,4.767143439645762,TT,9.7
0.12476390941208718,4.767143439645762,TT,9.8
0.12654233503189602,4.767143439645762,TT,9.9
0.12834611068188762,4.767143439645762,TT,10
0.13017559768445003,4.767143439645762,TT,10.100000000000001
0.13203116250993285,4.767143439645762,TT,10.2
0.13391317684979506,4.767143439645762,TT,10.3
0.1358220176907725,4.767143439645762,TT,10.4
0.13775806739007965,4.767143439645762,TT,10.5
0.13972171375165535,4.767143439645762,TT,10.600000000000001
0.1417133501034673,4.767143439645762,TT,10.7
0.14373337537588626,4.767143439645762,TT,10.8
0.1457821941811421,4.767143439645762,TT,10.9
0.14786021689387496,4.767143439645762,TT,11
0.14996785973279234,4.767143439645762,TT,11.1
0.15210554484344418,4.767143439645762,TT,11.200000000000001
0.15427370038212798,4.767143439645762,TT,11.3
0.15647276060093493,4.767143439645762,TT,11.4
0.15870316593394787,4.767143439645762,TT,11.5
0.16096536308460238,4.767143439645762,TT,11.6
0.16325980511422064,4.767143439645762,TT,11.700000000000001
0.16558695153172853,4.767143439645762,TT,11.8
0.16794726838456492,4.767143439645762,TT,11.9
0.17034122835079207,4.767143439645762,TT,12
0.17276931083241523,4.767143439645762,TT,12.1
0.17523200204991884,4.767143439645762,TT,12.200000000000001
0.17772979513802575,4.767143439645762,TT,12.3
0.18026319024268536,4.767143439645762,TT,12.4
0.1828326946192949,4.767143439645762,TT,12.5
0.18543882273215742,4.767143439645762,TT,12.600000000000001
0.18808209635517845,4.767143439645762,TT,12.700000000000001
0.19076304467380248,4.767143439645762,TT,12.8
0.19348220438818767,4.767143439645762,TT,12.9
0.19624011981761605,4.767143439645762,TT,13
0.1990373430061354,4.767143439645762,TT,13.100000000000001
0.2018744338294247,4.767143439645762,TT,13.200000000000001
0.20475196010287444,4.767143439645762,TT,13.3
0.20767049769087045,4.767143439645762,TT,13.4
0.21063063061726436,4.767143439645762,TT,13.5
0.21363295117701486,4.767143439645762,TT,13.600000000000001
0.21667806004897575,4.767143439645762,TT,13.700000000000001
0.21976656640980705,4.767143439645762,TT,13.8
0.22289908804897685,4.767143439645762,TT,13.9
0.2260762514848209,4.767143439645762,TT,14
0.22929869208161816,4.767143439645762,TT,14.100000000000001
0.2325670541676369,4.767143439645762,TT,14.200000000000001
0.23588199115409897,4.767143439645762,TT,14.3
0.23924416565500212,4.767143439645762,TT,14.4
0.24265424960773305,4.767143439645762,TT,14.5
0.24611292439439594,4.767143439645762,TT,14.600000000000001
0.24962088096377008,4.767143439645762,TT,14.700000000000001
0.2531788199538027,4.767143439645762,TT,14.8
0.2567874518145281,4.767143439645762,TT,14.9
0.26044749693129615,4.767143439645762,TT,15
0.2641596857481747,4.767143439645762,TT,15.100000000000001
0.2679247588913808,4.767143439645762,TT,15.200000000000001
0.271743467292575,4.767143439645762,TT,15.3
0.27561657231183595,4.767143439645762,TT,15.4
0.2795448458601161,4.767143439645762,TT,15.5
0.2835290705209513,4.767143439645762,TT,15.600000000000001
0.2875700396711803,4.767143439645762,TT,15.700000000000001
0.2916685576003996,4.767143439645762,TT,15.8
0.29582543962885155,4.767143439645762,TT,15.9
0.3000415122234125,4.767143439645762,TT,16
0.3043176131113156,4.767143439645762,TT,16.1
0.30865459139120094,4.767143439645762,TT,16.200000000000003
0.31305330764104805,4.767143439645762,TT,16.3
0.317514634022501,4.767143439645762,TT,16.4
0.32203945438104165,4.767143439645762,TT,16.5
0.3266286643414203,4.767143439645762,TT,16.6
0.3312831713976873,4.767143439645762,TT,16.700000000000003
0.3360038949971065,4.767143439645762,TT,16.8
0.3407917666171611,4.767143439645762,TT,16.9
0.34564772983478076,4.767143439645762,TT,17
0.3505727403868377,4.767143439645762,TT,17.1
0.35556776622086356,4.767143439645762,TT,17.200000000000003
0.36063378753483527,4.767143439645762,TT,17.3
0.3657717968047667,4.767143439645762,TT,17.4
0.3709827987987204,4.767143439645762,TT,17.5
0.37626781057571557,4.767143439645762,TT,17.6
0.38162786146786676,4.767143439645762,TT,17.700000000000003
0.38706399304391575,4.767143439645762,TT,17.8
0.39257725905215435,4.767143439645762,TT,17.9
0.3981687253405284,4.767143439645762,TT,18
0.4038394697515102,4.767143439645762,TT,18.1
0.40959058198909076,4.767143439645762,TT,18.200000000000003
0.41542316345498165,4.767143439645762,TT,18.3
0.4213383270508493,4.767143439645762,TT,18.4
0.42733719694308353,4.767143439645762,TT,18.5
0.43342090828627894,4.767143439645762,TT,18.6
0.4395906069012317,4.767143439645762,TT,18.700000000000003
0.4458474489028579,4.767143439645762,TT,18.8
0.45219260027299435,4.767143439645762,TT,18.9
0.4586272363725638,4.767143439645762,TT,19
0.4651525413870512,4.767143439645762,TT,19.1
0.4717697076986714,4.767143439645762,TT,19.2
0.47847993517796045,4.767143439645762,TT,19.3
0.4852844303868353,4.767143439645762,TT,19.400000000000002
0.4921844056844095,4.767143439645762,TT,19.5
0.4991810782260119,4.767143439645762,TT,19.6
0.506275668844948,4.767143439645762,TT,19.7
0.513469400805548,4.767143439645762,TT,19.8
0.5207634984149441,4.767143439645762,TT,19.900000000000002
0.5281591854798269,4.767143439645762,TT,20
0.5356576835931238,4.767143439645762,TT,20.1
0.5432602102340917,4.767143439645762,TT,20.2
0.5509679766637623,4.767143439645762,TT,20.3
0.55878218559594,4.767143439645762,TT,20.400000000000002
0.5667040286220735,4.767143439645762,TT,20.5
0.5747346833662611,4.767143439645762,TT,20.6
0.5828753103443745,4.767143439645762,TT,20.7
0.5911270494988248,4.767143439645762,TT,20.8
0.5994910163777697,4.767143439645762,TT,20.900000000000002
0.6079682979245982,4.767143439645762,TT,21
0.6165599478402743,4.767143439645762,TT,21.1
0.6252669814775557,4.767143439645762,TT,21.2
0.634090370222214,4.767143439645762,TT,21.3
0.6430310353120939,4.767143439645762,TT,21.400000000000002
0.6520898410401923,4.767143439645762,TT,21.5
0.6612675872828042,4.767143439645762,TT,21.6
0.6705650012881705,4.767143439645762,TT,21.7
0.6799827286549355,4.767143439645762,TT,21.8
0.6895213234229802,4.767143439645762,TT,21.900000000000002
0.6991812371918478,4.767143439645762,TT,22
0.7089628071739001,4.767143439645762,TT,22.1
0.7188662430805178,4.767143439645762,TT,22.200000000000003
0.7288916127299917,4.767143439645762,TT,22.3
0.7390388262551538,4.767143439645762,TT,22.400000000000002
0.749307618777201,4.767143439645762,TT,22.5
0.7596975313994779,4.767143439645762,TT,22.6
0.7702078903610556,4.767143439645762,TT,22.700000000000003
0.780837784174745,4.767143439645762,TT,22.8
0.7915860385574844,4.767143439645762,TT,22.900000000000002
0.8024511889427905,4.767143439645762,TT,23
0.813431450344974,4.767143439645762,TT,23.1
0.824524684322907,4.767143439645762,TT,23.200000000000003
0.8357283627671737,4.767143439645762,TT,23.3
0.8470395282081655,4.767143439645762,TT,23.400000000000002
0.8584547503139354,4.767143439645762,TT,23.5
0.86997007821514,4.767143439645762,TT,23.6
0.8815809882599299,4.767143439645762,TT,23.700000000000003
0.8932823267638839,4.767143439645762,TT,23.8
0.9050682472787538,4.767143439645762,TT,23.900000000000002
0.9169321418584999,4.767143439645762,TT,24
0.9288665657515482,4.767143439645762,TT,24.1
0.9408631548938885,4.767143439645762,TT,24.200000000000003
0.9529125355182111,4.767143439645762,TT,24.3
0.9650042251291772,4.767143439645762,TT,24.400000000000002
0.977126524023625,4.767143439645762,TT,24.5
0.989266396456492,4.767143439645762,TT,24.6
1.0014093404677193,4.767143439645762,TT,24.700000000000003
1.0135392452918393,4.767143439645762,TT,24.8
1.0256382351694395,4.767143439645762,TT,24.900000000000002
1.0376864982674563,4.767143439645762,TT,25
1.0496620992923733,4.767143439645762,TT,25.1
1.061540774245789,4.767143439645762,TT,25.200000000000003
1.07329570562447,4.767143439645762,TT,25.3
1.0848972762056062,4.767143439645762,TT,25.400000000000002
1.0963127993812833,4.767143439645762,TT,25.5
1.1075062238126712,4.767143439645762,TT,25.6
1.1184378099625067,4.767143439645762,TT,25.700000000000003
1.1290637758324333,4.767143439645762,TT,25.8
1.1393359089776385,4.767143439645762,TT,25.900000000000002
1.1492011415929828,4.767143439645762,TT,26
1.1586010851601436,4.767143439645762,TT,26.1
1.1674715208116146,4.767143439645762,TT,26.200000000000003
1.175741841202058,4.767143439645762,TT,26.3
1.1833344392774132,4.767143439645762,TT,26.400000000000002
1.1901640388940584,4.767143439645762,TT,26.5
1.196136961760563,4.767143439645762,TT,26.6
1.2011503246492246,4.767143439645762,TT,26.700000000000003
1.205091160249307,4.767143439645762,TT,26.8
1.207835454403952,4.767143439645762,TT,26.900000000000002
1.2092470917828937,4.767143439645762,TT,27
1.2091767012877483,4.767143439645762,TT,27.1
1.2074603916594333,4.767143439645762,TT,27.200000000000003
1.2039183668515276,4.767143439645762,TT,27.3
1.1983534097414492,4.767143439645762,TT,27.400000000000002
1.190549221665228,4.767143439645762,TT,27.5
1.1802686040722021,4.767143439645762,TT,27.6
1.1672514672936312,4.767143439645762,TT,27.700000000000003
1.1512126499929425,4.767143439645762,TT,27.8
1.131839531303596,4.767143439645762,TT,27.900000000000002
1.1087894159503955,4.767143439645762,TT,28
1.0816866707773065,4.767143439645762,TT,28.1
1.0501195890541877,4.767143439645762,TT,28.200000000000003
1.013636956689157,4.767143439645762,TT,28.3
0.9717442920143724,4.767143439645762,TT,28.400000000000002
0.9238997281201866,4.767143439645762,TT,28.5
0.8695095037640264,4.767143439645762,TT,28.6
0.8079230256513554,4.767143439645762,TT,28.700000000000003
0.73842746135043,4.767143439645762,TT,28.8
0.6602418182305378,4.767143439645762,TT,28.900000000000002
0.5725104595738124,4.767143439645762,TT,29
0.47429600436767316,4.767143439645762,TT,29.1
0.3645715522012023,4.767143439645762,TT,29.200000000000003
0.24221216912131327,4.767143439645762,TT,29.3
0.10598556420835181,4.767143439645762,TT,29.400000000000002
-0.04545812004499217,4.767143439645762,TT,29.5
-0.21359748777784926,4.767143439645762,TT,29.6
-0.40005213245958293,4.767143439645762,TT,29.700000000000003
-0.6065960432397643,4.767143439645762,TT,29.8
-0.835172285545533,4.767143439645762,TT,29.900000000000002
-1.0879090770334883,4.767143439645762,TT,30
-1.3671373915135896,4.767143439645762,TT,30.1
-1.6754102360663965,4.767143439645762,TT,30.200000000000003
-2.015523760377118,4.767143439645762,TT,30.3
-2.3905403724238585,4.767143439645762,TT,30.400000000000002
-2.8038140512071417,4.767143439645762,TT,30.5
-3.2590180653319822,4.767143439645762,TT,30.6
-3.760175326097914,4.767143439645762,TT,30.700000000000003
-4.311691625485608,4.767143439645762,TT,30.8
-4.918392033224841,4.767143439645762,TT,30.900000000000002
-5.585560753187904,4.767143439645762,TT,31
-6.318984767888122,4.767143439645762,TT,31.1
-7.125001631110033,4.767143439645762,TT,31.200000000000003
-8.010551802916588,4.767143439645762,TT,31.3
-8.983235958746594,4.767143439645762,TT,31.400000000000002
-10.051377745346858,4.767143439645762,TT,31.5
-11.224092501214251,4.767143439645762,TT,31.6
-12.511362508422152,4.767143439645762,TT,31.700000000000003
-13.924119396582913,4.767143439645762,TT,31.8
-15.474334378695023,4.767143439645762,TT,31.900000000000002
-17.175117063226054,4.767143439645762,TT,32
-19.040823657530282,4.767143439645762,TT,32.1
-21.08717545516201,4.767143439645762,TT,32.2
-23.331388584481417,4.767143439645762,TT,32.3
-25.79231608883918,4.767143439645762,TT,32.400000000000006
-28.490603510345966,4.767143439645762,TT,32.5
-31.448859260629742,4.767143439645762,TT,32.6
-34.69184118394452,4.767143439645762,TT,32.7
-38.24666085158047,4.767143439645762,TT,32.8
-42.14300727277374,4.767143439645762,TT,32.900000000000006
-46.41339186747999,4.767143439645762,TT,33
-51.09341672177437,4.767143439645762,TT,33.1
-56.22206833867219,4.767143439645762,TT,33.2
-61.84203930749426,4.767143439645762,TT,33.3
-68.00008054518403,4.767143439645762,TT,33.400000000000006
-74.74738701516377,4.767143439645762,TT,33.5
-82.14002010548829,4.767143439645762,TT,33.6
-90.23937015041511,4.767143439645762,TT,33.7
-99.11266291068556,4.767143439645762,TT,33.8
-108.83351419039363,4.767143439645762,TT,33.900000000000006
-119.48253716538936,4.767143439645762,TT,34
-131.14800743300432,4.767143439645762,TT,34.1
-143.92659126895927,4.767143439645762,TT,34.2
-157.92414309877222,4.767143439645762,TT,34.3
-173.25657876186898,4.767143439645762,TT,34.400000000000006
-190.0508317718052,4.767143439645762,TT,34.5
-208.4459004606835,4.767143439645762,TT,34.6
-228.59399464544603,4.767143439645762,TT,34.7
-250.66179127474817,4.767143439645762,TT,34.8
-274.83180941403504,4.767143439645762,TT,34.900000000000006
-301.30391591082986,4.767143439645762,TT,35
-330.2969741602837,4.767143439645762,TT,35.1
-362.05064957130327,4.767143439645762,TT,35.2
-396.8273866263302,4.767143439645762,TT,35.300000000000004
-434.91457384315896,4.767143439645762,TT,35.4
-476.62691449726,4.767143439645762,TT,35.5
-522.3090226602326,4.767143439645762,TT,35.6
-572.3382659687556,4.767143439645762,TT,35.7
-627.1278785735128,4.767143439645762,TT,35.800000000000004
-687.1303699463078,4.767143439645762,TT,35.9
-752.841257664044,4.767143439645762,TT,36
-824.8031549606783,4.767143439645762,TT,36.1
-903.610246764675,4.767143439645762,TT,36.2
-989.9131911440385,4.767143439645762,TT,36.300000000000004
-1084.424486590106,4.767143439645762,TT,36.4
-1187.924349413963,4.767143439645762,TT,36.5
-1301.2671497370172,4.767143439645762,TT,36.6
-1425.3884591652215,4.767143439645762,TT,36.7
-1561.3127682820298,4.767143439645762,TT,36.800000000000004
-1710.1619376202223,4.767143439645762,TT,36.9
-1873.1644518234198,4.767143439645762,TT,37
-2051.6655533330486,4.767143439645762,TT,37.1
-2247.138339192049,4.767143439645762,TT,37.2
-2461.195912500776,4.767143439645762,TT,37.300000000000004
-2695.604688760446,4.767143439645762,TT,37.4
-2952.2989668658447,4.767143439645762,TT,37.5
-3233.396884940912,4.767143439645762,TT,37.6
-3541.21789263415,4.767143439645762,TT,37.7
-3878.3018839997917,4.767143439645762,TT,37.800000000000004
-4247.430148788559,4.767143439645762,TT,37.9
-4651.648314971744,4.767143439645762,TT,38
