umax_temp,ks_temp,Species,temp
0.13296357061088337,0.03271710121539065,AC,3
0.13506605697394164,0.034934593631100457,AC,3.1
0.13718652429676526,0.037224790716177805,AC,3.2
0.13932509684580874,0.039587692470622673,AC,3.3
0.14148189921497117,0.04202329889443509,AC,3.4
0.1436570563146194,0.044531609987615045,AC,3.5
0.14585069336028755,0.047112625750162535,AC,3.6
0.14806293586104619,0.04976634618207755,AC,3.7
0.15029390960753414,0.0524927712833601,AC,3.8
0.1525437406596477,0.05529190105401019,AC,3.9
0.15481255533387928,0.05816373549402781,AC,4
0.15710048019029949,0.06110827460341297,AC,4.1
0.15940764201917446,0.06412551838216567,AC,4.2
0.16173416782721328,0.06721546683028588,AC,4.3
0.16408018482343706,0.07037811994777367,AC,4.4
0.16644582040466144,0.07361347773462895,AC,4.5
0.16883120214058855,0.07692154019085178,AC,4.6
0.17123645775849583,0.08030230731644217,AC,4.7
0.1736617151275191,0.08375577911140004,AC,4.8
0.1761071022425179,0.0872819555757255,AC,4.9
0.17857274720751892,0.09088083670941846,AC,5
0.18105877821872518,0.09455242251247896,AC,5.1
0.18356532354708693,0.09829671298490701,AC,5.2
0.18609251152042372,0.1021137081267026,AC,5.300000000000001
0.18864047050508875,0.1060034079378657,AC,5.4
0.19120932888716824,0.10996581241839633,AC,5.5
0.19379921505320624,0.1140009215682945,AC,5.6
0.1964102573704461,0.11810873538756024,AC,5.7
0.19904258416657994,0.12228925387619351,AC,5.800000000000001
0.2016963237089956,0.12654247703419427,AC,5.9
0.20437160418351374,0.1308684048615626,AC,6
0.20706855367260363,0.1352670373582984,AC,6.1
0.20978730013306895,0.13973837452440183,AC,6.2
0.21252797137319346,0.1442824163598728,AC,6.300000000000001
0.2152906950293363,0.14889916286471122,AC,6.4
0.21807559854196823,0.1535886140389172,AC,6.5
0.2208828091311355,0.1583507698824907,AC,6.6
0.22371245377134374,0.1631856303954318,AC,6.7
0.22656465916584895,0.1680931955777404,AC,6.800000000000001
0.22943955172034775,0.17307346542941654,AC,6.9
0.23233725751605105,0.17812643995046018,AC,7
0.23525790228213472,0.18325211914087142,AC,7.1000000000000005
0.23820161136755302,0.18845050300065014,AC,7.2
0.2411685097122045,0.19372159152979637,AC,7.3
0.24415872181743653,0.1990653847283102,AC,7.4
0.2471723717158797,0.20448188259619152,AC,7.5
0.25020958294059703,0.20997108513344043,AC,7.6000000000000005
0.25327047849353734,0.21553299234005685,AC,7.7
0.25635518081327824,0.2211676042160408,AC,7.800000000000001
0.25946381174204886,0.22687492076139226,AC,7.9
0.2625964924920173,0.23265494197611125,AC,8
0.26575334361082764,0.2385076678601979,AC,8.100000000000001
0.26893448494637917,0.24443309841365188,AC,8.2
0.2721400356108271,0.25043123363647357,AC,8.3
0.2753701139437956,0.25650207352866267,AC,8.4
0.27862483747478706,0.26264561809021936,AC,8.5
0.28190432288477363,0.26886186732114364,AC,8.600000000000001
0.28520868596695736,0.27515082122143525,AC,8.7
0.2885380415866816,0.28151247979109467,AC,8.8
0.29189250364048236,0.28794684303012147,AC,8.9
0.29527218501426,0.2944539109385158,AC,9
0.29867719754055955,0.3010336835162778,AC,9.100000000000001
0.3021076519549415,0.3076861607634071,AC,9.2
0.30556365785142825,0.3144113426799041,AC,9.3
0.30904532363700865,0.32120922926576867,AC,9.4
0.312552756485185,0.32807982052100065,AC,9.5
0.31608606228854597,0.3350231164456003,AC,9.600000000000001
0.3196453456103463,0.34203911703956724,AC,9.7
0.3232307096350794,0.349127822302902,AC,9.8
0.32684225611802087,0.35628923223560416,AC,9.9
0.33048008533372875,0.36352334683767384,AC,10
0.33414429602348017,0.3708301661091112,AC,10.100000000000001
0.3378349853416259,0.37820969004991584,AC,10.2
0.3415522488008439,0.38566191866008825,AC,10.3
0.34529618021627595,0.39318685193962805,AC,10.4
0.3490668716485211,0.4007844898885354,AC,10.5
0.352864413345473,0.4084548325068104,AC,10.600000000000001
0.35668889368297774,0.4161978797944527,AC,10.7
0.3605403991042907,0.4240136317514628,AC,10.8
0.3644190140583152,0.4319020883778403,AC,10.9
0.36832482093659846,0.4398632496735853,AC,11
0.3722579000090652,0.4478971156386979,AC,11.1
0.37621832935846755,0.45600368627317817,AC,11.200000000000001
0.3802061848135263,0.46418296157702577,AC,11.3
0.3842215398807457,0.47243494155024096,AC,11.4
0.3882644656748744,0.48075962619282364,AC,11.5
0.3923350308479926,0.4891570155047739,AC,11.6
0.3964333015171997,0.49762710948609173,AC,11.700000000000001
0.4005593411908793,0.5061699081367771,AC,11.8
0.4047132106935183,0.51478541145683,AC,11.9
0.40889496808905446,0.5234736194462504,AC,12
0.4131046686027253,0.5322345321050382,AC,12.1
0.4173423645413976,0.5410681494331938,AC,12.200000000000001
0.42160810521234715,0.5499744714307168,AC,12.3
0.42590193684046507,0.5589534980976073,AC,12.4
0.4302239024838611,0.5680052294338653,AC,12.5
0.43457404194784344,0.5771296654394912,AC,12.600000000000001
0.438952391697236,0.5863268061144842,AC,12.700000000000001
0.4433589847670182,0.5955966514588449,AC,12.8
0.447793850671249,0.604939201472573,AC,12.9
0.4522570153102502,0.6143544561556687,AC,13
0.45674850087602004,0.6238424155081322,AC,13.100000000000001
0.46126832575584786,0.633403079529963,AC,13.200000000000001
0.46581650443409295,0.6430364482211612,AC,13.3
0.4703930473921102,0.6527425215817272,AC,13.4
0.47499796100627356,0.6625212996116605,AC,13.5
0.47963124744408414,0.6723727823109616,AC,13.600000000000001
0.48429290455831586,0.6822969696796302,AC,13.700000000000001
0.488982925779174,0.6922938617176662,AC,13.8
0.49370130000443024,0.7023634584250696,AC,13.9
0.4984480114875023,0.7125057598018407,AC,14
0.5032230397234414,0.7227207658479795,AC,14.100000000000001
0.5080263593327955,0.7330084765634857,AC,14.200000000000001
0.5128579399433116,0.7433688919483592,AC,14.3
0.5177177460694391,0.7538020120026006,AC,14.4
0.5226057369896024,0.7643078367262093,AC,14.5
0.5275218666211994,0.7748863661191857,AC,14.600000000000001
0.5324660833932955,0.7855376001815295,AC,14.700000000000001
0.5374383301169712,0.7962615389132408,AC,14.8
0.5424385438532777,0.8070581823143197,AC,14.9
0.5474666557787762,0.8179275303847661,AC,15
0.5525225910486087,0.8288695831245803,AC,15.100000000000001
0.5576062686570591,0.8398843405337617,AC,15.200000000000001
0.5627176012955757,0.8509718026123108,AC,15.3
0.5678564952081959,0.8621319693602274,AC,15.4
0.5730228500443486,0.8733648407775114,AC,15.5
0.5782165587089703,0.8846704168641631,AC,15.600000000000001
0.5834375072099125,0.8960486976201824,AC,15.700000000000001
0.588685574502581,0.907499683045569,AC,15.8
0.5939606323317657,0.9190233731403232,AC,15.9
0.5992625450706157,0.930619767904445,AC,16
0.604591169556715,0.9422888673379345,AC,16.1
0.6099463549252053,0.9540306714407916,AC,16.200000000000003
0.615327942438914,0.9658451802130156,AC,16.3
0.6207357653154344,0.9777323936546075,AC,16.4
0.626169648551109,0.989692311765567,AC,16.5
0.6316294087418677,1.0017249345458943,AC,16.6
0.6371148539008671,1.013830261995589,AC,16.700000000000003
0.6426257832728757,1.0260082941146507,AC,16.8
0.6481619871453659,1.0382590309030801,AC,16.9
0.6537232466562377,1.0505824723608774,AC,17
0.6593093335981381,1.062978618488042,AC,17.1
0.6649200102193116,1.0754474692845746,AC,17.200000000000003
0.6705550290209252,1.087989024750474,AC,17.3
0.6762141325508211,1.100603284885741,AC,17.4
0.6818970531936199,1.113290249690376,AC,17.5
0.6876035129571383,1.1260499191643787,AC,17.6
0.693333223255038,1.1388822933077487,AC,17.700000000000003
0.6990858846856669,1.1517873721204859,AC,17.8
0.7048611868070207,1.1647651556025906,AC,17.9
0.7106588079077534,1.1778156437540632,AC,18
0.71647841477419,1.1909388365749034,AC,18.1
0.7223196624532713,1.2041347340651112,AC,18.200000000000003
0.7281821940113553,1.217403336224686,AC,18.3
0.7340656402888219,1.2307446430536284,AC,18.4
0.7399696196504102,1.2441586545519387,AC,18.5
0.7458937377312105,1.2576453707196165,AC,18.6
0.7518375871782541,1.271204791556662,AC,18.700000000000003
0.7578007473876234,1.2848369170630747,AC,18.8
0.7637827842370106,1.2985417472388545,AC,18.9
0.7697832498136541,1.3123192820840026,AC,19
0.7758016821375782,1.326169521598518,AC,19.1
0.7818376048800553,1.3400924657824007,AC,19.2
0.7878905270772318,1.3540881146356514,AC,19.3
0.7939599428388104,1.3681564681582694,AC,19.400000000000002
0.8000453310517464,1.3822975263502548,AC,19.5
0.8061461550788431,1.396511289211608,AC,19.6
0.8122618624521905,1.4107977567423282,AC,19.7
0.8183918845613543,1.4251569289424166,AC,19.8
0.8245356363362362,1.4395888058118724,AC,19.900000000000002
0.8306925159245075,1.4540933873506954,AC,20
0.8368619043635541,1.4686706735588861,AC,20.1
0.8430431652468213,1.483320664436444,AC,20.2
0.8492356443844842,1.4980433599833702,AC,20.3
0.8554386694583536,1.5128387601996638,AC,20.400000000000002
0.8616515496709045,1.5277068650853243,AC,20.5
0.8678735753883768,1.542647674640353,AC,20.6
0.874104017777809,1.5576611888647485,AC,20.7
0.8803421284379369,1.5727474077585122,AC,20.8
0.8865871390238471,1.5879063313216435,AC,20.900000000000002
0.892838260865298,1.6031379595541415,AC,21
0.8990946845785976,1.6184422924560078,AC,21.1
0.9053555796719417,1.6338193300272412,AC,21.2
0.9116200941441059,1.6492690722678427,AC,21.3
0.917887354076389,1.6647915191778113,AC,21.400000000000002
0.9241564632177091,1.6803866707571473,AC,21.5
0.9304265025627236,1.6960545270058511,AC,21.6
0.9366965299228869,1.7117950879239223,AC,21.7
0.942965579490318,1.727608353511361,AC,21.8
0.9492326613943769,1.7434943237681677,AC,21.900000000000002
0.9554967612508216,1.7594529986943412,AC,22
0.9617568397034448,1.775484378289883,AC,22.1
0.9680118319580595,1.7915884625547922,AC,22.200000000000003
0.9742606473087219,1.8077652514890683,AC,22.3
0.9805021686560647,1.8240147450927127,AC,22.400000000000002
0.9867352520176182,1.8403369433657237,AC,22.5
0.9929587260299915,1.856731846308103,AC,22.6
0.9991713914428053,1.8731994539198498,AC,22.700000000000003
1.0053720206042076,1.8897397662009638,AC,22.8
1.0115593569378825,1.9063527831514457,AC,22.900000000000002
1.0177321144113938,1.9230385047712946,AC,23
1.0238889769957424,1.9397969310605114,AC,23.1
1.0300285981159782,1.9566280620190961,AC,23.200000000000003
1.0361496000927621,1.9735318976470475,AC,23.3
1.0422505735746994,1.990508437944367,AC,23.400000000000002
1.0483300769613386,2.0075576829110537,AC,23.5
1.0543866358166483,2.0246796325471084,AC,23.6
1.0604187422728586,2.0418742868525306,AC,23.700000000000003
1.0664248544245032,2.05914164582732,AC,23.8
1.072403395712516,2.0764817094714774,AC,23.900000000000002
1.078352754298209,2.0938944777850015,AC,24
1.0842712824269984,2.1113799507678936,AC,24.1
1.090157295781708,2.1289381284201534,AC,24.200000000000003
1.0960090728252974,2.1465690107417803,AC,24.3
1.1018248541328193,2.1642725977327752,AC,24.400000000000002
1.1076028417124908,2.1820488893931373,AC,24.5
1.113341198315668,2.199897885722867,AC,24.6
1.1190380467355738,2.2178195867219648,AC,24.700000000000003
1.1246914690945724,2.235813992390429,AC,24.8
1.1302995061198873,2.2538811027282617,AC,24.900000000000002
1.135860156407487,2.2720209177354613,AC,25
1.141371375674027,2.2902334374120294,AC,25.1
1.1468310759966434,2.3085186617579647,AC,25.200000000000003
1.1522371250403927,2.3268765907732667,AC,25.3
1.1575873452731704,2.3453072244579367,AC,25.400000000000002
1.1628795131679164,2.363810562811974,AC,25.5
1.168111358391882,2.3823866058353795,AC,25.6
1.1732805629827938,2.4010353535281523,AC,25.700000000000003
1.1783847605116904,2.419756805890292,AC,25.8
1.1834215352322426,2.4385509629218,AC,25.900000000000002
1.1883884212163345,2.457417824622675,AC,26
1.1932829014756914,2.476357390992918,AC,26.1
1.1981024070693742,2.495369662032529,AC,26.200000000000003
1.2028443161968747,2.5144546377415065,AC,26.3
1.2075059532766232,2.533612318119852,AC,26.400000000000002
1.2120845880096747,2.5528427031675647,AC,26.5
1.2165774344283493,2.572145792884645,AC,26.6
1.2209816499295947,2.5915215872710933,AC,26.700000000000003
1.2252943342928235,2.6109700863269087,AC,26.8
1.229512528682009,2.6304912900520923,AC,26.900000000000002
1.2336332146318005,2.650085198446642,AC,27
1.2376533130173843,2.6697518115105607,AC,27.1
1.241569683007861,2.6894911292438466,AC,27.200000000000003
1.245379121002892,2.7093031516464996,AC,27.3
1.2490783595523522,2.7291878787185206,AC,27.400000000000002
1.252664066258733,2.7491453104599084,AC,27.5
1.2561328426620157,2.7691754468706646,AC,27.6
1.2594812231067714,2.789278287950788,AC,27.700000000000003
1.2627056735912072,2.8094538337002786,AC,27.8
1.2658025905978825,2.829702084119137,AC,27.900000000000002
1.2687682999057994,2.850023039207363,AC,28
1.2715990553836214,2.8704166989649567,AC,28.1
1.2742910377636951,2.890883063391918,AC,28.200000000000003
1.2768403533966097,2.911422132488246,AC,28.3
1.2792430329859732,2.9320339062539427,AC,28.400000000000002
1.2814950303031223,2.9527183846890055,AC,28.5
1.28359222088147,2.973475567793437,AC,28.6
1.2855304006901456,2.994305455567236,AC,28.700000000000003
1.2873052847866493,3.015208048010402,AC,28.8
1.2889125059481739,3.0361833451229363,AC,28.900000000000002
1.2903476132813063,3.057231346904837,AC,29
1.2916060708097152,3.078352053356106,AC,29.1
1.2926832560396084,3.099545464476743,AC,29.200000000000003
1.2935744585024498,3.120811580266746,AC,29.3
1.2942748782747664,3.142150400726118,AC,29.400000000000002
1.2947796244745957,3.1635619258548564,AC,29.5
1.2950837137342273,3.1850461556529632,AC,29.6
1.2951820686489235,3.2066030901204376,AC,29.700000000000003
1.2950695162012096,3.2282327292572788,AC,29.8
1.2947407861604097,3.2499350730634884,AC,29.900000000000002
1.2941905094569854,3.2717101215390643,AC,30
1.293413216531384,3.293557874684009,AC,30.1
1.2924033356569282,3.315478332498321,AC,30.200000000000003
1.291155191236422,3.3374714949819997,AC,30.3
1.2896630020720075,3.359537362135047,AC,30.400000000000002
1.2879208796079862,3.3816759339574607,AC,30.5
1.28592282614599,3.403887210449243,AC,30.6
1.2836627330323545,3.4261711916103925,AC,30.700000000000003
1.2811343788170237,3.4485278774409096,AC,30.8
1.2783314273837387,3.4709572679407943,AC,30.900000000000002
1.2752474260509565,3.4934593631100457,AC,31
1.2718758036431392,3.516034162948665,AC,31.1
1.2682098685319225,3.5386816674566526,AC,31.200000000000003
1.2642428066467275,3.5614018766340068,AC,31.3
1.2599676794543608,3.5841947904807294,AC,31.400000000000002
1.2553774219071006,3.607060408996819,AC,31.5
1.2504648403588323,3.629998732182276,AC,31.6
1.2452226104488027,3.653009760037101,AC,31.700000000000003
1.2396432749523303,3.676093492561293,AC,31.8
1.2337192415981804,3.699249929754853,AC,31.900000000000002
1.227442780852007,3.72247907161778,AC,32
1.2208060236653306,3.7457809181500754,AC,32.1
1.2138009591895713,3.769155469351738,AC,32.2
1.2064194324546396,3.7926027252227663,AC,32.3
1.1986531420114641,3.8161226857631663,AC,32.400000000000006
1.190493637538049,3.83971535097293,AC,32.5
1.1819323174083607,3.8633807208520623,AC,32.6
1.1729604262236002,3.8871187954005633,AC,32.7
1.163569052305272,3.91092957461843,AC,32.8
1.1537491251494565,3.9348130585056666,AC,32.900000000000006
1.1434914128417102,3.958769247062268,AC,33
1.1327865194320168,3.9827981402882386,AC,33.1
1.1216248822691917,4.006899738183577,AC,33.2
1.1099967692941437,4.031074040748281,AC,33.3
1.097892276291292,4.055321047982356,AC,33.400000000000006
1.0853013240976832,4.079640759885795,AC,33.5
1.0722136557690227,4.104033176458603,AC,33.6
1.0586188337020364,4.128498297700779,AC,33.7
1.0445062367125129,4.1530361236123206,AC,33.8
1.0298650570683794,4.177646654193233,AC,33.900000000000006
1.0146842974770784,4.20232988944351,AC,34
0.9989527680266423,4.227085829363156,AC,34.1
0.9826590830797599,4.251914473952168,AC,34.2
0.9657916581200237,4.276815823210548,AC,34.3
0.9483387065498388,4.301789877138298,AC,34.400000000000006
0.9302882364391181,4.326836635735413,AC,34.5
0.9116280472241041,4.351956099001896,AC,34.6
0.8923457263555221,4.3771482669377475,AC,34.7
0.8724286458954005,4.402413139542964,AC,34.8
0.8518639590616726,4.4277507168175525,AC,34.900000000000006
0.8306385967199326,4.453160998761504,AC,35
0.8087392638213675,4.478643985374825,AC,35.1
0.7861524357862759,4.504199676657515,AC,35.2
0.7628643548322032,4.529828072609571,AC,35.300000000000004
0.7388610262459849,4.555529173230993,AC,35.4
0.7141282145987091,4.5813029785217845,AC,35.5
0.688651439902987,4.6071494884819435,AC,35.6
0.6624159737115178,4.63306870311147,AC,35.7
0.6354068351559086,4.659060622410364,AC,35.800000000000004
0.6076087869253897,4.6851252463786235,AC,35.9
0.57900633118388,4.711262575016253,AC,36
0.5495837054250821,4.737472608323249,AC,36.1
0.5193248782641469,4.763755346299614,AC,36.2
0.48821354516552873,4.790110788945345,AC,36.300000000000004
0.4562331241055162,4.816538936260442,AC,36.4
0.4233667511689312,4.843039788244909,AC,36.5
0.38959727607889505,4.869613344898744,AC,36.6
0.3549072576582937,4.896259606221945,AC,36.7
0.3192789592227143,4.9229785722145145,AC,36.800000000000004
0.2826943439029499,4.9497702428764505,AC,36.9
0.2451350698968362,4.976634618207755,AC,37
0.20658248564865644,5.003571698208427,AC,37.1
0.16701762495571515,5.030581482878466,AC,37.2
0.12642120200044715,5.057663972217874,AC,37.300000000000004
0.08477360630730502,5.084819166226646,AC,37.4
0.04205489762312453,5.112047064904789,AC,37.5
-0.0017551992799020866,5.139347668252299,AC,37.6
-0.0466772998802476,5.1667209762691755,AC,37.7
-0.09273236526262707,5.19416698895542,AC,37.800000000000004
-0.13994170755492874,5.22168570631103,AC,37.9
-0.18832699544713094,5.2492771283360105,AC,38
0.18604653957366923,0.021602083651723447,CH,3
0.1891658019729232,0.02306622487700693,CH,3.1
0.1923116492012995,0.024578370732627572,CH,3.2
0.19548425374626538,0.02613852121858537,CH,3.3
0.19868378815918664,0.027746676334880337,CH,3.4
0.20191042502830892,0.029402836081512472,CH,3.5
0.20516433695102548,0.03110700045848177,CH,3.6
0.20844569650541966,0.03285916946578823,CH,3.7
0.21175467622106353,0.03465934310343184,CH,3.8
0.21509144854906326,0.036507521371412624,CH,3.9
0.21845618583133186,0.038403704269730575,CH,4
0.22184906026907636,0.04034789179838568,CH,4.1
0.22527024389048583,0.04234008395737796,CH,4.2
0.2287199085175992,0.04438028074670739,CH,4.3
0.2321982257323445,0.046468482166374,CH,4.4
0.23570536684172644,0.048604688216377756,CH,4.5
0.23924150284215018,0.05078889889671868,CH,4.6
0.2428068043828635,0.05302111420739678,CH,4.7
0.24640144172850015,0.055301334148412026,CH,4.8
0.2500255847207057,0.057629558719764454,CH,4.9
0.25367940273883177,0.06000578792145402,CH,5
0.2573630646596784,0.06243002175348076,CH,5.1
0.2610767388162653,0.06490226021584468,CH,5.2
0.2648205929556159,0.06742250330854575,CH,5.300000000000001
0.2685947941955339,0.06999075103158398,CH,5.4
0.2723995089803548,0.07260700338495937,CH,5.5
0.2762349030356496,0.07527126036867192,CH,5.6
0.28010114132186487,0.07798352198272165,CH,5.7
0.28399838798687543,0.08074378822710855,CH,5.800000000000001
0.28792680631743206,0.08355205910183258,CH,5.9
0.2918865586894819,0.08640833460689379,CH,6
0.2958778065173394,0.08931261474229216,CH,6.1
0.29990071020168885,0.09226489950802771,CH,6.2
0.3039554290763936,0.09526518890410043,CH,6.300000000000001
0.3080421213540926,0.09831348293051029,CH,6.4
0.31216094407055794,0.1014097815872573,CH,6.5
0.3163120530277941,0.10455408487434148,CH,6.6
0.3204956027358526,0.10774639279176285,CH,6.7
0.32471174635333994,0.11098670533952139,CH,6.800000000000001
0.3289606356265923,0.11427502251761706,CH,6.9
0.3332424208274956,0.11761134432604989,CH,7
0.337557250689922,0.12099567076481992,CH,7.1000000000000005
0.3419052723447606,0.12442800183392708,CH,7.2
0.34628663125351355,0.12790833753337139,CH,7.3
0.3507014711404336,0.1314366778631529,CH,7.4
0.3551499339231744,0.13501302282327154,CH,7.5
0.3596321596419262,0.1386373724137274,CH,7.6000000000000005
0.36414828638701024,0.14230972663452038,CH,7.7
0.3686984502249041,0.14603008548565052,CH,7.800000000000001
0.3732827851226651,0.14979844896711783,CH,7.9
0.37790142287072903,0.1536148170789223,CH,8
0.3825544930040484,0.15747918982106401,CH,8.100000000000001
0.3872421227215427,0.16139156719354272,CH,8.2
0.39196443680383186,0.16535194919635873,CH,8.3
0.3967215575292151,0.16936033582951185,CH,8.4
0.40151360458787255,0.17341672709300213,CH,8.5
0.4063406949942491,0.17752112298682965,CH,8.600000000000001
0.41120294299759086,0.18167352351099417,CH,8.7
0.41610045999060374,0.185873928665496,CH,8.8
0.42103335441619216,0.19012233845033494,CH,8.9
0.42600173167225397,0.19441875286551102,CH,9
0.4310056940144853,0.19876317191102438,CH,9.100000000000001
0.43604534045716936,0.2031555955868747,CH,9.2
0.4411207666719057,0.20759602389306236,CH,9.3
0.4462320648842464,0.21208445682958713,CH,9.4
0.4513793237682011,0.21662089439644902,CH,9.5
0.45656262833857375,0.22120533659364816,CH,9.600000000000001
0.46178205984108656,0.22583778342118432,CH,9.7
0.4670376956402629,0.23051823487905782,CH,9.8
0.4723296091050133,0.23524669096726836,CH,9.9
0.47765786949190214,0.2400231516858161,CH,10
0.48302254182603543,0.24484761703470106,CH,10.100000000000001
0.48842368677954096,0.24972008701392304,CH,10.2
0.49386136054759144,0.2546405616234823,CH,10.3
0.4993356147219259,0.2596090408633787,CH,10.4
0.5048464961618333,0.2646255247336122,CH,10.5
0.5103940468625405,0.269690013234183,CH,10.600000000000001
0.515978303820971,0.2748025063650908,CH,10.7
0.5215992988988188,0.2799630041263359,CH,10.8
0.5272570586828971,0.2851715065179181,CH,10.9
0.5329516043427069,0.2904280135398375,CH,11
0.538682951485182,0.295732525192094,CH,11.1
0.544451110006558,0.3010850414746878,CH,11.200000000000001
0.5502560839413151,0.3064855623876186,CH,11.3
0.5560978713081431,0.3119340879308866,CH,11.4
0.5619764639528776,0.3174306181044918,CH,11.5
0.5678918473883507,0.32297515290843415,CH,11.6
0.5738440006311097,0.3285676923427137,CH,11.700000000000001
0.5798328960349359,0.33420823640733033,CH,11.8
0.5858584991211259,0.3398967851022842,CH,11.9
0.591920768405457,0.34563333842757515,CH,12
0.5980196552218013,0.3514178963832033,CH,12.1
0.6041551035423114,0.35725045896916874,CH,12.200000000000001
0.6103270497941263,0.3631310261854712,CH,12.3
0.616535422672542,0.36905959803211086,CH,12.4
0.6227801429505725,0.37503617450908766,CH,12.5
0.6290611232848503,0.38106075561640174,CH,12.600000000000001
0.6353782680177938,0.3871333413540528,CH,12.700000000000001
0.6417314729759876,0.39325393172204115,CH,12.8
0.6481206252646954,0.39942252672036654,CH,12.9
0.6545456030584553,0.4056391263490292,CH,13
0.6610062753876732,0.4119037306080291,CH,13.100000000000001
0.6675025019211599,0.41821633949736603,CH,13.200000000000001
0.6740341327445302,0.4245769530170401,CH,13.3
0.6806010081344014,0.4309855711670514,CH,13.4
0.6872029583283121,0.4374421939473998,CH,13.5
0.6938398032902922,0.44394682135808555,CH,13.600000000000001
0.7005113524720061,0.4504994533991083,CH,13.700000000000001
0.7072174045693971,0.45710009007046826,CH,13.8
0.7139577472747491,0.46374873137216527,CH,13.9
0.7207321570240954,0.47044537730419955,CH,14
0.7275403987398881,0.47719002786657105,CH,14.100000000000001
0.7343822255688472,0.48398268305927966,CH,14.200000000000001
0.7412573786149144,0.4908233428823254,CH,14.3
0.7481655866672166,0.4977120073357083,CH,14.4
0.7551065659229632,0.5046486764194283,CH,14.5
0.7620800197051869,0.5116333501334858,CH,14.600000000000001
0.769085638175236,0.5186660284778801,CH,14.700000000000001
0.7761230980399405,0.5257467114526116,CH,14.8
0.7831920622533484,0.5328753990576803,CH,14.9
0.7902921797129419,0.5400520912930862,CH,15
0.7974230849502542,0.5472767881588294,CH,15.100000000000001
0.804584397815767,0.5545494896549096,CH,15.200000000000001
0.8117757231580152,0.561870195781327,CH,15.3
0.818996650496784,0.5692389065380815,CH,15.4
0.8262467536903075,0.5766556219251732,CH,15.5
0.8335255905963632,0.5841203419426021,CH,15.600000000000001
0.840832702727158,0.5916330665903682,CH,15.700000000000001
0.8481676148979087,0.5991937958684713,CH,15.8
0.8555298348689973,0.6068025297769116,CH,15.9
0.8629188529816021,0.6144592683156892,CH,16
0.8703341417866945,0.6221640114848039,CH,16.1
0.8777751556672848,0.6299167592842561,CH,16.200000000000003
0.8852413304538018,0.6377175117140448,CH,16.3
0.8927320830325056,0.6455662687741709,CH,16.4
0.9002468109467887,0.6534630304646343,CH,16.5
0.9077848919912763,0.6614077967854349,CH,16.6
0.9153456837985823,0.6694005677365727,CH,16.700000000000003
0.9229285234186111,0.6774413433180474,CH,16.8
0.9305327268902677,0.6855301235298592,CH,16.9
0.9381575888054643,0.6936669083720085,CH,17
0.9458023818652772,0.7018516978444949,CH,17.1
0.9534663564281394,0.7100844919473186,CH,17.200000000000003
0.9611487400499197,0.718365290680479,CH,17.3
0.9688487370157692,0.7266940940439767,CH,17.4
0.9765655278635748,0.7350709020378118,CH,17.5
0.9842982688989084,0.743495714661984,CH,17.6
0.9920460917013023,0.7519685319164934,CH,17.700000000000003
0.9998081026217285,0.7604893538013398,CH,17.8
1.0075833822711175,0.7690581803165233,CH,17.9
1.015370984999775,0.7776750114620441,CH,18
1.0231699383675494,0.7863398472379023,CH,18.1
1.0309792426045916,0.7950526876440975,CH,18.200000000000003
1.0387978700625444,0.8038135326806296,CH,18.3
1.0466247646560123,0.8126223823474988,CH,18.4
1.054458841294148,0.8214792366447056,CH,18.5
1.062298985302191,0.8303840955722495,CH,18.6
1.0701440518327803,0.8393369591301305,CH,18.700000000000003
1.0779928652668973,0.8483378273183485,CH,18.8
1.0858442186042396,0.8573867001369034,CH,18.9
1.0936968728428713,0.8664835775857961,CH,19
1.1015495563479516,0.8756284596650258,CH,19.1
1.1094009642093896,0.8848213463745924,CH,19.2
1.1172497575882092,0.8940622377144964,CH,19.3
1.1250945630514737,0.9033511336847376,CH,19.400000000000002
1.1329339718955365,0.9126880342853156,CH,19.5
1.1407665394574718,0.9220729395162313,CH,19.6
1.1485907844144543,0.9315058493774836,CH,19.7
1.1564051880709236,0.9409867638690734,CH,19.8
1.1642081936332844,0.9505156829910005,CH,19.900000000000002
1.171998205471985,0.9600926067432644,CH,20
1.179773588370741,0.9697175351258657,CH,20.1
1.1875326667627024,0.9793904681388039,CH,20.2
1.1952737239533353,0.9891114057820796,CH,20.3
1.2029950013298154,0.9988803480556925,CH,20.400000000000002
1.2106946975567148,1.0086972949596422,CH,20.5
1.2183709677577297,1.0185622464939292,CH,20.6
1.2260219226832563,1.0284752026585533,CH,20.7
1.2336456278635555,1.0384361634535149,CH,20.8
1.2412401027472941,1.0484451288788135,CH,20.900000000000002
1.2488033198251816,1.058502098934449,CH,21
1.256333203738516,1.0686070736204218,CH,21.1
1.263827630372342,1.0787600529367318,CH,21.2
1.271284425933009,1.088961036883379,CH,21.3
1.2787013660098312,1.0992100254603636,CH,21.400000000000002
1.2860761746206268,1.109507018667685,CH,21.5
1.293406523240865,1.1198520165053436,CH,21.6
1.3006900298161401,1.1302450189733393,CH,21.7
1.3079242577577084,1.1406860260716725,CH,21.8
1.315106714920816,1.1511750378003427,CH,21.900000000000002
1.3222348525655385,1.16171205415935,CH,22
1.3293060642998267,1.1722970751486945,CH,22.1
1.3363176850045,1.1829301007683763,CH,22.200000000000003
1.3432669897398744,1.193611131018395,CH,22.3
1.3501511926337328,1.2043401658987511,CH,22.400000000000002
1.356967445750319,1.215117205409444,CH,22.5
1.3637128379400743,1.2259422495504744,CH,22.6
1.3703843936697844,1.236815298321842,CH,22.700000000000003
1.3769790718328387,1.2477363517235465,CH,22.8
1.3834937645392253,1.2587054097555883,CH,22.900000000000002
1.3899252958850146,1.2697224724179672,CH,23
1.3962704207009384,1.2807875397106834,CH,23.1
1.4025258232797473,1.2919006116337368,CH,23.200000000000003
1.4086881160819962,1.3030616881871269,CH,23.3
1.4147538384199123,1.3142707693708549,CH,23.400000000000002
1.4207194551189954,1.3255278551849194,CH,23.5
1.4265813551569946,1.3368329456293213,CH,23.6
1.4323358502798582,1.348186040704061,CH,23.700000000000003
1.437979173594346,1.3595871404091369,CH,23.8
1.4435074781368762,1.3710362447445505,CH,23.900000000000002
1.4489168354182462,1.3825333537103006,CH,24
1.4542032339438373,1.3940784673063886,CH,24.1
1.45936257770889,1.4056715855328137,CH,24.200000000000003
1.4643906846684969,1.4173127083895756,CH,24.3
1.4692832851818167,1.429001835876675,CH,24.400000000000002
1.474036020430197,1.4407389679941112,CH,24.5
1.4786444408087203,1.4525241047418849,CH,24.6
1.4831040042907553,1.4643572461199958,CH,24.700000000000003
1.4874100747650942,1.4762383921284434,CH,24.8
1.4915579203452225,1.4881675427672285,CH,24.900000000000002
1.4955427116502813,1.5001446980363506,CH,25
1.4993595200572738,1.5121698579358103,CH,25.1
1.5030033159240173,1.524243022465607,CH,25.200000000000003
1.5064689667824345,1.5363641916257402,CH,25.3
1.509751235501632,1.5485333654162112,CH,25.400000000000002
1.5128447784203622,1.560750543837019,CH,25.5
1.5157441434482974,1.5730157268881646,CH,25.6
1.5184437681356844,1.585328914569647,CH,25.700000000000003
1.5209379777108465,1.5976901068814662,CH,25.8
1.5232209830849754,1.610099303823623,CH,25.900000000000002
1.5252868788237741,1.6225565053961168,CH,26
1.5271296410853532,1.6350617115989479,CH,26.1
1.5287431255238788,1.6476149224321164,CH,26.200000000000003
1.53012106515839,1.6602161378956215,CH,26.3
1.5312570682062496,1.6728653579894641,CH,26.400000000000002
1.532144615880684,1.6855625827136436,CH,26.5
1.5327770601517958,1.6983078120681605,CH,26.6
1.533147621470473,1.7111010460530145,CH,26.700000000000003
1.5332493864546715,1.7239422846682055,CH,26.8
1.5330753055373343,1.736831527913734,CH,26.900000000000002
1.5326181905754925,1.7497687757895992,CH,27
1.5318707124198,1.762754028295802,CH,27.1
1.5308253984439464,1.7757872854323422,CH,27.200000000000003
1.5294746300332953,1.788868547199219,CH,27.3
1.5278106400320741,1.8019978135964332,CH,27.400000000000002
1.5258255101484632,1.8151750846239842,CH,27.5
1.523511168316947,1.828400360281873,CH,27.6
1.5208593860172197,1.8416736405700989,CH,27.700000000000003
1.5178617755489494,1.854994925488661,CH,27.8
1.5145097872616837,1.8683642150375612,CH,27.900000000000002
1.5107947067392562,1.8817815092167982,CH,28
1.5067076519379121,1.8952468080263727,CH,28.1
1.5022395702773892,1.9087601114662842,CH,28.200000000000003
1.4973812356842782,1.9223214195365326,CH,28.3
1.4921232455868907,1.9359307322371186,CH,28.400000000000002
1.4864560178608137,1.9495880495680413,CH,28.5
1.4803697877244044,1.9632933715293015,CH,28.6
1.4738546045834777,1.977046698120899,CH,28.700000000000003
1.4669003288242788,1.9908480293428332,CH,28.8
1.4594966285540032,2.004697365195105,CH,28.900000000000002
1.4516329762880087,2.0185947056777134,CH,29
1.443298645582889,2.0325400507906592,CH,29.1
1.4344827076144728,2.046533400533943,CH,29.200000000000003
1.425174027700045,2.0605747549075626,CH,29.3
1.415361261763719,2.0746641139115205,CH,29.400000000000002
1.4050328527441742,2.0888014775458146,CH,29.5
1.3941770269438418,2.1029868458104466,CH,29.6
1.3827817903185675,2.1172202187054157,CH,29.700000000000003
1.370834924706843,2.1315015962307213,CH,29.8
1.358323983997625,2.1458309783863645,CH,29.900000000000002
1.3452362902358654,2.1602083651723447,CH,30
1.3315589296646095,2.1746337565886624,CH,30.1
1.3172787487027815,2.1891071526353176,CH,30.200000000000003
1.3023823498576235,2.203628553312309,CH,30.3
1.2868560875707633,2.2181979586196383,CH,30.400000000000002
1.2706860639967719,2.2328153685573042,CH,30.5
1.253858124713286,2.247480783125308,CH,30.6
1.2363578543615716,2.2621942023236485,CH,30.700000000000003
1.2181705722163496,2.276955626152326,CH,30.8
1.199281327683849,2.291765054611341,CH,30.900000000000002
1.179674895727004,2.3066224877006927,CH,31
1.1593357722165436,2.3215279254203818,CH,31.1
1.1382481692068378,2.3364813677704084,CH,31.200000000000003
1.1163960101353716,2.351482814750772,CH,31.3
1.0937629249445973,2.3665322663614727,CH,31.400000000000002
1.0703322451249377,2.38162972260251,CH,31.5
1.0460869986777812,2.3967751834738853,CH,31.6
1.0210099049970545,2.411968648975598,CH,31.700000000000003
0.9950833696682864,2.4272101191076465,CH,31.8
0.9682894791836922,2.4424995938700333,CH,31.900000000000002
0.9406099955721547,2.457837073262757,CH,32
0.9120263509425346,2.4732225572858177,CH,32.1
0.882519641939119,2.4886560459392157,CH,32.2
0.8520706241078262,2.50413753922295,CH,32.3
0.8206597061716376,2.5196670371370242,CH,32.400000000000006
0.7882669442140511,2.5352445396814325,CH,32.5
0.754872035768754,2.550870046856179,CH,32.6
0.7204543138146562,2.5665435586612633,CH,32.7
0.6849927406739855,2.5822650750966836,CH,32.8
0.6484659018126955,2.5980345961624427,CH,32.900000000000006
0.6108519995412163,2.613852121858537,CH,33
0.5721288466140653,2.62971765218497,CH,33.1
0.5322738597268319,2.6456311871417397,CH,33.2
0.4912640529088499,2.6615927267288457,CH,33.3
0.44907603080994996,2.677602270946291,CH,33.400000000000006
0.40568598187970295,2.693659819794071,CH,33.5
0.3610696714372388,2.7097653732721896,CH,33.6
0.31520243463030084,2.7259189313806456,CH,33.7
0.2680591692815142,2.742120494119437,CH,33.8
0.21961432862017105,2.7583700614885682,CH,33.900000000000006
0.16984191389786218,2.774667633488034,CH,34
0.11871546688599466,2.7910132101178386,CH,34.1
0.06620806225343756,2.8074067913779794,CH,34.2
0.012292299822405539,2.8238483772684573,CH,34.3
-0.04305970329932762,2.8403379677892744,CH,34.400000000000006
-0.09987632071172925,2.856875562940426,CH,34.5
-0.15818642484354584,2.873461162721916,CH,34.6
-0.21801939520257818,2.890094767133743,CH,34.7
-0.2794051267577906,2.9067763761759067,CH,34.8
-0.3423740384548637,2.9235059898484095,CH,34.900000000000006
-0.40695708186737534,2.940283608151247,CH,35
-0.4731857499859409,2.9571092310844227,CH,35.1
-0.5410920861471311,2.973982858647936,CH,35.2
-0.6107086931045629,2.9909044908417868,CH,35.300000000000004
-0.6820687422442546,3.0078741276659726,CH,35.4
-0.7552059829466806,3.0248917691204973,CH,35.5
-0.830154752097382,3.041957415205359,CH,35.6
-0.9069499837491115,3.059071065920558,CH,35.7
-0.9856272189371289,3.076232721266094,CH,35.800000000000004
-1.0662226156505774,3.0934423812419665,CH,35.9
-1.148772958962084,3.1107000458481764,CH,36
-1.2333156713181772,3.128005715084724,CH,36.1
-1.3198888229928833,3.145359388951609,CH,36.2
-1.4085311427071368,3.1627610674488307,CH,36.300000000000004
-1.4992820284166513,3.1802107505763884,CH,36.4
-1.592181558270589,3.197708438334285,CH,36.5
-1.6872705017440275,3.2152541307225184,CH,36.6
-1.7845903309465108,3.2328478277410886,CH,36.7
-1.8841832321099723,3.2504895293899962,CH,36.800000000000004
-1.986092117258167,3.26817923566924,CH,36.9
-2.0903606360609572,3.2859169465788223,CH,37
-2.197033187875874,3.3037026621187415,CH,37.1
-2.3061549339804017,3.321536382288998,CH,37.2
-2.4177718099973013,3.3394181070895916,CH,37.300000000000004
-2.531930538516427,3.357347836520521,CH,37.4
-2.648678641915936,3.3753255705817886,CH,37.5
-2.768064455385826,3.393351309273394,CH,37.6
-2.8901371401572966,3.411425052595336,CH,37.7
-3.0149466969406156,3.4295468005476155,CH,37.800000000000004
-3.1425439795752617,3.4477165531302307,CH,37.9
-3.272980708895137,3.4659343103431843,CH,38
-0.054972156004988004,0.051230844312647475,CS,3
-0.05261338388456632,0.0524522508596606,CS,3.1
-0.05023664070279643,0.05367365740667372,CS,3.2
-0.04784184900604793,0.05489506395368684,CS,3.3
-0.045428932280611733,0.05611647050069996,CS,3.4
-0.04299781498952604,0.057337877047713086,CS,3.5
-0.040548422610193535,0.058559283594726216,CS,3.6
-0.03808068167280909,0.05978069014173934,CS,3.7
-0.03559451979960915,0.06100209668875246,CS,3.8
-0.0330898657449612,0.06222350323576558,CS,3.9
-0.03056664943630394,0.0634449097827787,CS,4
-0.028024802015958694,0.06466631632979182,CS,4.1
-0.025464255883822506,0.06588772287680494,CS,4.2
-0.022884944740964586,0.06710912942381807,CS,4.3
-0.020286803634136263,0.06833053597083119,CS,4.4
-0.01766976900121575,0.06955194251784431,CS,4.5
-0.015033778717601587,0.07077334906485744,CS,4.6
-0.012378772143573635,0.07199475561187056,CS,4.7
-0.009704690172637753,0.07321616215888369,CS,4.8
-0.007011475280870982,0.07443756870589681,CS,4.9
-0.004299071577287705,0.07565897525290993,CS,5
-0.0015674248552431935,0.07688038179992304,CS,5.1
0.0011835173551074663,0.07810178834693618,CS,5.2
0.003953805733275417,0.0793231948939493,CS,5.300000000000001
0.006743489113809287,0.08054460144096243,CS,5.4
0.009552614430553996,0.08176600798797554,CS,5.5
0.01238122665977559,0.08298741453498866,CS,5.6
0.015229368762133433,0.08420882108200178,CS,5.7
0.018097081623478783,0.08543022762901492,CS,5.800000000000001
0.020984403994459,0.08665163417602803,CS,5.9
0.023891372428905377,0.08787304072304115,CS,6
0.02681802122098642,0.08909444727005428,CS,6.1
0.02976438234110035,0.0903158538170674,CS,6.2
0.032730485370487616,0.09153726036408052,CS,6.300000000000001
0.035716357434541046,0.09275866691109365,CS,6.4
0.038722023134788675,0.09398007345810677,CS,6.5
0.04174750447952802,0.09520148000511988,CS,6.6
0.04479282081308755,0.09642288655213302,CS,6.7
0.04785798874369096,0.09764429309914614,CS,6.800000000000001
0.05094302206989976,0.09886569964615927,CS,6.9
0.05404793170561095,0.10008710619317238,CS,7
0.05717272560358133,0.10130851274018551,CS,7.1000000000000005
0.06031740867745794,0.10252991928719864,CS,7.2
0.06348198272228289,0.10375132583421175,CS,7.3
0.06666644633344898,0.10497273238122488,CS,7.4
0.0698707948240812,0.106194138928238,CS,7.5
0.07309502014081193,0.10741554547525113,CS,7.6000000000000005
0.0763391107779261,0.10863695202226424,CS,7.7
0.07960305168984694,0.10985835856927738,CS,7.800000000000001
0.08288682420193261,0.11107976511629049,CS,7.9
0.0861904059195554,0.11230117166330361,CS,8
0.08951377063543453,0.11352257821031675,CS,8.100000000000001
0.09285688823519045,0.11474398475732984,CS,8.2
0.09621972460109274,0.11596539130434298,CS,8.3
0.09960224151396802,0.1171867978513561,CS,8.4
0.1030043965532379,0.11840820439836923,CS,8.5
0.10642614299505282,0.11962961094538237,CS,8.600000000000001
0.10986742970849284,0.12085101749239546,CS,8.7
0.1133282010497989,0.1220724240394086,CS,8.8
0.11680839675459975,0.12329383058642172,CS,8.9
0.12030795182810705,0.12451523713343485,CS,9
0.12382679643323424,0.12573664368044798,CS,9.100000000000001
0.12736485577661227,0.1269580502274611,CS,9.2
0.13092204999246082,0.12817945677447423,CS,9.3
0.13449829402428126,0.12940086332148734,CS,9.4
0.13809349750433308,0.13062226986850045,CS,9.5
0.1417075646308561,0.1318436764155136,CS,9.600000000000001
0.14534039404300092,0.1330650829625267,CS,9.7
0.1489918786934279,0.13428648950953984,CS,9.8
0.15266190571853544,0.13550789605655295,CS,9.9
0.15635035630627603,0.13672930260356608,CS,10
0.1600571055615232,0.13795070915057922,CS,10.100000000000001
0.16378202236894146,0.1391721156975923,CS,10.2
0.16752496925332472,0.14039352224460544,CS,10.3
0.17128580223735135,0.14161492879161858,CS,10.4
0.17506437069672298,0.1428363353386317,CS,10.5
0.17886051721263208,0.14405774188564482,CS,10.600000000000001
0.18267407742152053,0.14527914843265793,CS,10.7
0.18650487986208275,0.14650055497967107,CS,10.8
0.1903527458194605,0.14772196152668418,CS,10.9
0.19421748916659554,0.1489433680736973,CS,11
0.1980989162026745,0.15016477462071043,CS,11.1
0.20199682548863285,0.15138618116772357,CS,11.200000000000001
0.20591100767966175,0.15260758771473668,CS,11.3
0.20984124535466497,0.15382899426174979,CS,11.4
0.21378731284262242,0.15505040080876292,CS,11.5
0.21774897604579913,0.15627180735577603,CS,11.6
0.2217259922597563,0.15749321390278917,CS,11.700000000000001
0.2257181099901031,0.15871462044980228,CS,11.8
0.22972506876593957,0.15993602699681542,CS,11.9
0.23374659894993455,0.16115743354382853,CS,12
0.2377824215449802,0.16237884009084164,CS,12.1
0.2418322479973678,0.16360024663785477,CS,12.200000000000001
0.24589577999642964,0.1648216531848679,CS,12.3
0.24997270927057924,0.16604305973188102,CS,12.4
0.25406271737970365,0.16726446627889413,CS,12.5
0.25816547550383384,0.16848587282590727,CS,12.600000000000001
0.2622806442280379,0.1697072793729204,CS,12.700000000000001
0.2664078733234767,0.17092868591993352,CS,12.8
0.27054680152455135,0.17215009246694662,CS,12.9
0.2746970563020832,0.17337149901395976,CS,13
0.27885825363245886,0.1745929055609729,CS,13.100000000000001
0.2830299977626747,0.175814312107986,CS,13.200000000000001
0.2872118809712072,0.17703571865499912,CS,13.3
0.29140348332465127,0.17825712520201226,CS,13.4
0.29560437243004567,0.17947853174902537,CS,13.5
0.29981410318281765,0.1806999382960385,CS,13.600000000000001
0.30403221751028053,0.18192134484305164,CS,13.700000000000001
0.30825824411060276,0.18314275139006475,CS,13.8
0.3124916981871746,0.18436415793707786,CS,13.9
0.31673208117830476,0.18558556448409097,CS,14
0.3209788804821594,0.18680697103110414,CS,14.100000000000001
0.3252315691768739,0.18802837757811725,CS,14.200000000000001
0.32948960573575037,0.18924978412513035,CS,14.3
0.33375243373746843,0.1904711906721435,CS,14.4
0.33801948157122075,0.1916925972191566,CS,14.5
0.34229016213669095,0.19291400376616974,CS,14.600000000000001
0.3465638725387954,0.19413541031318285,CS,14.700000000000001
0.3508399937770952,0.195356816860196,CS,14.8
0.35511789042979314,0.1965782234072091,CS,14.9
0.3593969103322334,0.1977996299542222,CS,15
0.3636763842498003,0.19902103650123534,CS,15.100000000000001
0.3679556255451464,0.20024244304824848,CS,15.200000000000001
0.3722339298396282,0.2014638495952616,CS,15.3
0.3765105746688828,0.2026852561422747,CS,15.4
0.38078481913243323,0.20390666268928784,CS,15.5
0.3850559035372292,0.20512806923630097,CS,15.600000000000001
0.38932304903502746,0.20634947578331408,CS,15.700000000000001
0.39358545725350247,0.2075708823303272,CS,15.8
0.3978423099210029,0.20879228887734033,CS,15.9
0.40209276848482567,0.21001369542435344,CS,16
0.40633597372292973,0.21123510197136658,CS,16.1
0.41057104534895417,0.21245650851837972,CS,16.200000000000003
0.41479708161046114,0.21367791506539283,CS,16.3
0.4190131588802677,0.2148993216124059,CS,16.4
0.42321833124077246,0.21612072815941905,CS,16.5
0.42741163006115546,0.21734213470643218,CS,16.6
0.4315920635673347,0.21856354125344535,CS,16.700000000000003
0.4357586164045655,0.21978494780045843,CS,16.8
0.4399102491925666,0.22100635434747154,CS,16.9
0.4440458980730395,0.22222776089448468,CS,17
0.4481644742494757,0.22344916744149781,CS,17.1
0.4522648635191089,0.22467057398851095,CS,17.200000000000003
0.45634592579690336,0.22589198053552403,CS,17.3
0.4604064946314308,0.22711338708253714,CS,17.4
0.4644453767125234,0.22833479362955028,CS,17.5
0.4684613513705571,0.22955620017656342,CS,17.6
0.4724531700672332,0.23077760672357656,CS,17.700000000000003
0.47641955587772755,0.23199901327058967,CS,17.8
0.480359202964062,0.23322041981760275,CS,17.9
0.48427077603955393,0.2344418263646159,CS,18
0.4881529098242101,0.23566323291162905,CS,18.1
0.49200420849091,0.2368846394586422,CS,18.200000000000003
0.4958232451022355,0.23810604600565527,CS,18.3
0.49960856103779827,0.23932745255266838,CS,18.4
0.5033586654119033,0.24054885909968152,CS,18.5
0.5070720344814039,0.24177026564669465,CS,18.6
0.5107471110435857,0.2429916721937078,CS,18.700000000000003
0.5143823038239206,0.2442130787407209,CS,18.8
0.5179759868535232,0.24543448528773398,CS,18.9
0.5215264988361601,0.24665589183474712,CS,19
0.5250321425046209,0.24787729838176026,CS,19.1
0.5284911839663087,0.24909870492877337,CS,19.2
0.5319018520378465,0.25032011147578653,CS,19.3
0.5352623375685543,0.25154151802279967,CS,19.400000000000002
0.5385707927526009,0.25276292456981275,CS,19.5
0.5418253304296474,0.2539843311168259,CS,19.6
0.5450240233738133,0.25520573766383897,CS,19.7
0.5481649035707581,0.2564271442108521,CS,19.8
0.551245961482719,0.25764855075786525,CS,19.900000000000002
0.5542651453012803,0.2588699573048784,CS,20
0.5572203601876953,0.2600913638518915,CS,20.1
0.5601094675005607,0.2613127703989046,CS,20.2
0.5629302840106463,0.26253417694591774,CS,20.3
0.5656805811026637,0.2637555834929309,CS,20.400000000000002
0.568358083963779,0.26497699003994396,CS,20.5
0.5709604707586458,0.2661983965869571,CS,20.6
0.5734853717907593,0.26741980313397024,CS,20.7
0.575930368649896,0.2686412096809834,CS,20.8
0.5782929933454404,0.2698626162279965,CS,20.900000000000002
0.5805707274253487,0.2710840227750096,CS,21
0.5827610010805495,0.27230542932202273,CS,21.1
0.5848611922345168,0.2735268358690358,CS,21.2
0.58686862561781306,0.27474824241604895,CS,21.3
0.5887805718273542,0.2759696489630621,CS,21.400000000000002
0.5905942463701317,0.2771910555100752,CS,21.5
0.5923068086911867,0.27841246205708836,CS,21.6
0.5939153611855343,0.27963386860410144,CS,21.7
0.5954169481938538,0.2808552751511146,CS,21.8
0.5968085549816151,0.2820766816981277,CS,21.900000000000002
0.5980871067014215,0.2832980882451408,CS,22
0.5992494673383035,0.28451949479215394,CS,22.1
0.6002924386376738,0.2857409013391671,CS,22.200000000000003
0.6012127590156853,0.2869623078861802,CS,22.3
0.6020071024517168,0.28818371443319335,CS,22.400000000000002
0.6026720773626804,0.28940512098020643,CS,22.5
0.6032042254588976,0.29062652752721957,CS,22.6
0.6036000205812235,0.2918479340742327,CS,22.700000000000003
0.6038558675191514,0.2930693406212458,CS,22.8
0.6039681008095701,0.2942907471682589,CS,22.900000000000002
0.6039329835158833,0.29551215371527206,CS,23
0.6037467059871902,0.2967335602622852,CS,23.1
0.6034053845971896,0.29795496680929834,CS,23.200000000000003
0.6029050604625175,0.2991763733563114,CS,23.3
0.6022416981401726,0.30039777990332456,CS,23.400000000000002
0.6014111843037062,0.30161918645033764,CS,23.5
0.6004093263978483,0.3028405929973508,CS,23.6
0.5992318512712247,0.3040619995443639,CS,23.700000000000003
0.5978744037868262,0.30528340609137705,CS,23.8
0.5963325454098785,0.3065048126383902,CS,23.900000000000002
0.5946017527727614,0.30772621918540327,CS,24
0.5926774162165929,0.3089476257324164,CS,24.1
0.5905548383091626,0.31016903227942955,CS,24.200000000000003
0.5882292323387999,0.31139043882644263,CS,24.3
0.5856957207838009,0.31261184537345577,CS,24.400000000000002
0.582949333757071,0.3138332519204689,CS,24.5
0.5799850074255373,0.31505465846748204,CS,24.6
0.5767975824039953,0.3162760650144952,CS,24.700000000000003
0.5733818021229435,0.31749747156150826,CS,24.8
0.5697323111700152,0.3187188781085214,CS,24.900000000000002
0.5658436536046052,0.3199402846555345,CS,25
0.5617102712452544,0.3211616912025476,CS,25.1
0.5573265019293769,0.32238309774956075,CS,25.200000000000003
0.5526865777449048,0.3236045042965739,CS,25.3
0.5477846232333787,0.32482591084358703,CS,25.400000000000002
0.5426146535640912,0.3260473173906001,CS,25.5
0.5371705726787743,0.32726872393761325,CS,25.6
0.5314461714064187,0.3284901304846264,CS,25.700000000000003
0.525435125547733,0.32971153703163947,CS,25.8
0.5191309939287763,0.3309329435786526,CS,25.900000000000002
0.5125272164232744,0.33215435012566574,CS,26
0.5056171119431498,0.3333757566726789,CS,26.1
0.49839387639676147,0.334597163219692,CS,26.200000000000003
0.4908505806143397,0.3358185697667051,CS,26.3
0.48298016824013956,0.33703997631371824,CS,26.400000000000002
0.47477545359073137,0.3382613828607313,CS,26.5
0.46622911947897094,0.33948278940774446,CS,26.6
0.45733371500310405,0.34070419595475765,CS,26.700000000000003
0.44808165330039085,0.34192560250177073,CS,26.8
0.4384652092648045,0.34314700904878387,CS,26.900000000000002
0.4284765172281588,0.34436841559579695,CS,27
0.4181075686041478,0.3455898221428101,CS,27.1
0.40735020949472567,0.3468112286898232,CS,27.200000000000003
0.39619613825817,0.3480326352368363,CS,27.3
0.38463690303833964,0.3492540417838495,CS,27.400000000000002
0.37266389925444177,0.3504754483308626,CS,27.5
0.3602683670507183,0.3516968548778757,CS,27.6
0.34744138870547836,0.35291826142488886,CS,27.700000000000003
0.3341738859987462,0.35413966797190194,CS,27.8
0.32045661753799504,0.3553610745189151,CS,27.900000000000002
0.30628017604124125,0.35658248106592816,CS,28
0.2916349855768354,0.35780388761294135,CS,28.1
0.27651129875937563,0.3590252941599545,CS,28.200000000000003
0.26089919390091065,0.36024670070696757,CS,28.3
0.24478857211690386,0.3614681072539807,CS,28.400000000000002
0.22816915438609797,0.3626895138009938,CS,28.5
0.21103047856371404,0.36391092034800693,CS,28.6
0.1933618963471968,0.36513232689502007,CS,28.700000000000003
0.1751525701936938,0.3663537334420332,CS,28.8
0.15639147018871746,0.36757513998904634,CS,28.900000000000002
0.13706737086500986,0.3687965465360594,CS,29
0.11716884797102445,0.37001795308307256,CS,29.1
0.09668427518817957,0.3712393596300857,CS,29.200000000000003
0.07560182079602207,0.3724607661770988,CS,29.3
0.053909444284595764,0.3736821727241119,CS,29.400000000000002
0.03159489291322082,0.37490357927112505,CS,29.5
0.008645698214685638,0.3761249858181382,CS,29.6
-0.014950827555724189,0.37734639236515133,CS,29.700000000000003
-0.039207595027505704,0.3785677989121644,CS,29.8
-0.06413774137916661,0.37978920545917755,CS,29.900000000000002
-0.08975463406033057,0.38101061200619063,CS,30
-0.1160718745727447,0.38223201855320377,CS,30.1
-0.14310330231090163,0.3834534251002169,CS,30.200000000000003
-0.17086299846328856,0.38467483164723004,CS,30.3
-0.19936528997529201,0.3858962381942432,CS,30.400000000000002
-0.2286247535744561,0.38711764474125626,CS,30.5
-0.25865621985934517,0.3883390512882694,CS,30.6
-0.28947477745276196,0.38956045783528254,CS,30.700000000000003
-0.32109577722038907,0.3907818643822956,CS,30.8
-0.3535348365559958,0.39200327092930876,CS,30.900000000000002
-0.38680784373391575,0.3932246774763219,CS,31
-0.4209309623301607,0.39444608402333503,CS,31.1
-0.45592063571304564,0.39566749057034817,CS,31.200000000000003
-0.49179359160436675,0.39688889711736125,CS,31.3
-0.5285668467124278,0.3981103036643744,CS,31.400000000000002
-0.5662577114376859,0.39933171021138747,CS,31.5
-0.6048837946524195,0.4005531167584006,CS,31.6
-0.6444630085554639,0.40177452330541374,CS,31.700000000000003
-0.6850135736030776,0.4029959298524269,CS,31.8
-0.7265540235172221,0.40421733639944,CS,31.900000000000002
-0.7691032103724087,0.4054387429464531,CS,32
-0.8126803097622624,0.40666014949346624,CS,32.1
-0.8573048260471055,0.4078815560404794,CS,32.2
-0.9029965976837779,0.40910296258749246,CS,32.3
-0.9497758026388574,0.41032436913450565,CS,32.400000000000006
-0.9976629638867571,0.41154577568151873,CS,32.5
-1.046678954993789,0.41276718222853187,CS,32.6
-1.0968450057896533,0.413988588775545,CS,32.7
-1.148182708127587,0.41520999532255803,CS,32.8
-1.2007140217346972,0.4164314018695713,CS,32.900000000000006
-1.254461280153535,0.4176528084165843,CS,33
-1.3094471967767483,0.41887421496359745,CS,33.1
-1.3656948709758492,0.4200956215106106,CS,33.2
-1.4232277943257134,0.42131702805762367,CS,33.3
-1.4820698569263069,0.4225384346046369,CS,33.400000000000006
-1.5422453538229046,0.42375984115164994,CS,33.5
-1.6037789915267187,0.4249812476986631,CS,33.6
-1.6666958946369768,0.4262026542456762,CS,33.7
-1.7310216125663587,0.4274240607926893,CS,33.8
-1.7967821263712658,0.4286454673397025,CS,33.900000000000006
-1.864003855688349,0.4298668738867156,CS,34
-1.9327136657793247,0.4310882804337287,CS,34.1
-2.0029388746852543,0.43230968698074185,CS,34.2
-2.0747072604922767,0.4335310935277549,CS,34.3
-2.148047068710447,0.4347525000747681,CS,34.400000000000006
-2.222987019767153,0.43597390662178115,CS,34.5
-2.2995563166173625,0.4371953131687943,CS,34.6
-2.3777846524719024,0.4384167197158075,CS,34.7
-2.457702218645977,0.4396381262628205,CS,34.8
-2.539339712529646,0.44085953280983375,CS,34.900000000000006
-2.6227283456819137,0.4420809393568468,CS,35
-2.7078998520507547,0.4433023459038599,CS,35.1
-2.794886496320526,0.44452375245087306,CS,35.2
-2.8837210823889947,0.4457451589978862,CS,35.300000000000004
-2.974436961975819,0.4469665655448993,CS,35.4
-3.0670680433646105,0.4481879720919124,CS,35.5
-3.1616488002803536,0.44940937863892555,CS,35.6
-3.25821428090471,0.4506307851859387,CS,35.7
-3.3568001170306516,0.4518521917329518,CS,35.800000000000004
-3.457442533359206,0.45307359827996485,CS,35.9
-3.5601783569400034,0.45429500482697804,CS,36
-3.6650450267578307,0.4555164113739912,CS,36.1
-3.772080603468016,0.4567378179210043,CS,36.2
-3.8813237792818427,0.45795922446801746,CS,36.300000000000004
-3.992813888005351,0.4591806310150305,CS,36.4
-4.106590915233117,0.4604020375620436,CS,36.5
-4.222695508699587,0.46162344410905676,CS,36.6
-4.341168988790571,0.4628448506560699,CS,36.7
-4.462053359216966,0.46406625720308303,CS,36.800000000000004
-4.585391317853471,0.4652876637500961,CS,36.9
-4.711226267744575,0.46650907029710925,CS,37
-4.839602328280424,0.4677304768441224,CS,37.1
-4.9705643465452525,0.4689518833911355,CS,37.2
-5.104157908840836,0.47017328993814866,CS,37.300000000000004
-5.2404293523878,0.47139469648516175,CS,37.4
-5.379425777207199,0.4726161030321749,CS,37.5
-5.521195058185331,0.473837509579188,CS,37.6
-5.665785857324519,0.47505891612620116,CS,37.7
-5.81324763618267,0.4762803226732143,CS,37.800000000000004
-5.963630668504415,0.4775017292202273,CS,37.9
-6.116986053046766,0.47872313576724046,CS,38
0.038299668912325835,0.10849547989022312,TT,3
0.04135663165290837,0.11584906241611603,TT,3.1
0.04443886715536971,0.12344374600843167,TT,3.2
0.04754652351277272,0.13127953066716996,TT,3.3
0.05067974845630002,0.139356416392331,TT,3.4
0.053838689321074384,0.1476744031839148,TT,3.5
0.05702349301115084,0.1562334910419213,TT,3.6
0.060234305963661194,0.16503367996635052,TT,3.7
0.06347127411209552,0.17407496995720242,TT,3.8
0.06673454284870506,0.18335736101447705,TT,3.9
0.07002425698600878,0.19288085313817444,TT,4
0.07334056071738704,0.2026454463282945,TT,4.1
0.07668359757674448,0.21265114058483733,TT,4.2
0.08005351039722497,0.22289793590780282,TT,4.3
0.08345044126896028,0.2333858322971911,TT,4.4
0.08687453149583535,0.24411482975300203,TT,4.5
0.09032592155124808,0.25508492827523566,TT,4.6
0.0938047510328508,0.2662961278638921,TT,4.7
0.0973111586162464,0.2777484285189712,TT,4.8
0.10084528200762755,0.2894418302404731,TT,4.9
0.10440725789533256,0.30137633302839756,TT,5
0.10799722190030159,0.3135519368827448,TT,5.1
0.11161530852541102,0.3259686418035148,TT,5.2
0.11526165110366549,0.33862644779070755,TT,5.300000000000001
0.11893638174522458,0.35152535484432296,TT,5.4
0.12263963128324684,0.36466536296436103,TT,5.5
0.12637152921852424,0.3780464721508218,TT,5.6
0.13013220366288647,0.3916686824037055,TT,5.7
0.13392178128135324,0.40553199372301185,TT,5.800000000000001
0.13774038723301063,0.41963640610874076,TT,5.9
0.14158814511058715,0.4339819195608925,TT,6
0.1454651768787063,0.44856853407946684,TT,6.1
0.1493716028107922,0.46339624966446413,TT,6.2
0.15330754142460012,0.4784650663158841,TT,6.300000000000001
0.15727310941635086,0.49377498403372666,TT,6.4
0.16126842159344124,0.5093260028179919,TT,6.5
0.1652935908057025,0.5251181226686799,TT,6.6
0.16934872787518607,0.5411513435857906,TT,6.7
0.1734339415244408,0.5574256655693243,TT,6.800000000000001
0.1775493383032659,0.5739410886192804,TT,6.9
0.1816950225138968,0.5906976127356592,TT,7
0.1858710961346115,0.6076952379184609,TT,7.1000000000000005
0.19007765874171623,0.6249339641676852,TT,7.2
0.19431480742988694,0.6424137914833322,TT,7.3
0.19858263673083398,0.6601347198654021,TT,7.4
0.2028812385302654,0.6780967493138945,TT,7.5
0.2072107019831071,0.6962998798288098,TT,7.6000000000000005
0.21157111342696067,0.7147441114101477,TT,7.7
0.21596255629375793,0.7334294440579084,TT,7.800000000000001
0.22038511101958447,0.7523558777720917,TT,7.9
0.22483885495263767,0.7715234125526977,TT,8
0.22932386225928492,0.7909320483997269,TT,8.100000000000001
0.23384020382818949,0.810581785313178,TT,8.2
0.23838794717246892,0.8304726232930525,TT,8.3
0.24296715632984844,0.8506045623393493,TT,8.4
0.24757789176077827,0.8709776024520689,TT,8.5
0.25222021024447305,0.8915917436312116,TT,8.600000000000001
0.256894164772839,0.9124469858767762,TT,8.7
0.2615998044422535,0.9335433291887644,TT,8.8
0.2663371743431513,0.9548807735671749,TT,8.9
0.2711063154473885,0.9764593190120081,TT,9
0.27590726449333525,0.9982789655232644,TT,9.100000000000001
0.28074005386866263,1.0203397131009426,TT,9.2
0.2856047114907818,1.0426415617450442,TT,9.3
0.2905012606848909,1.0651845114555685,TT,9.4
0.29542972005959367,1.0879685622325153,TT,9.5
0.30039010338003647,1.110993714075885,TT,9.600000000000001
0.30538241943853217,1.134259966985677,TT,9.7
0.3104066719226175,1.1577673209618924,TT,9.8
0.3154628592805,1.1815157760045298,TT,9.9
0.3205509745838546,1.2055053321135902,TT,10
0.3256710053879148,1.2297359892890738,TT,10.100000000000001
0.3308229335888153,1.2542077475309792,TT,10.2
0.33600673527813973,1.278920606839308,TT,10.3
0.34122238059461774,1.3038745672140593,TT,10.4
0.3464698335729317,1.3290696286552333,TT,10.5
0.3517490519895692,1.3545057911628302,TT,10.600000000000001
0.3570599872056821,1.3801830547368492,TT,10.7
0.3624025840068934,1.4061014193772918,TT,10.8
0.36777678043999784,1.4322608850841565,TT,10.9
0.37318250764650585,1.4586614518574441,TT,11
0.37861968969297544,1.4853031196971545,TT,11.1
0.3840882433980688,1.512185888603288,TT,11.200000000000001
0.3895880781562884,1.5393097585758435,TT,11.3
0.39511909575832616,1.566674729614822,TT,11.4
0.40068119020797077,1.594280801720223,TT,11.5
0.4062742475355101,1.622127974892047,TT,11.6
0.4118981456075719,1.6502162491302939,TT,11.700000000000001
0.41755275393333946,1.678545624434963,TT,11.8
0.42323793346707794,1.7071161008060554,TT,11.9
0.4289535364069099,1.73592767824357,TT,12
0.43469940598977286,1.7649803567475073,TT,12.1
0.44047537628249867,1.794274136317868,TT,12.200000000000001
0.44628127196893663,1.8238090169546508,TT,12.3
0.4521169081330656,1.8535849986578565,TT,12.4
0.45798209003801515,1.8836020814274848,TT,12.5
0.46387661290093307,1.9138602652635364,TT,12.600000000000001
0.4698002616636223,1.9443595501660098,TT,12.700000000000001
0.47575281075887554,1.9750999361349066,TT,12.8
0.48173402387244124,2.0060814231702255,TT,12.9
0.4877436537005311,2.0373040112719676,TT,13
0.49378144170280946,2.068767700440133,TT,13.100000000000001
0.4998471178507744,2.10047249067472,TT,13.200000000000001
0.5059404003714567,2.13241838197573,TT,13.3
0.5120609954863611,2.1646053743431626,TT,13.4
0.5182085971455568,2.1970334677770182,TT,13.5
0.5243828867568485,2.229702662277297,TT,13.600000000000001
0.5305835329099329,2.2626129578439977,TT,13.700000000000001
0.5368101910954617,2.2957643544771216,TT,13.8
0.5430625034189198,2.3291568521766677,TT,13.9
0.5493400983092369,2.362790450942637,TT,14
0.5556425902220348,2.396665150775029,TT,14.100000000000001
0.5619695793374271,2.4307809516738437,TT,14.200000000000001
0.5683206512522707,2.4651378536390807,TT,14.3
0.5746953766667866,2.499735856670741,TT,14.4
0.5810933110654382,2.5345749607688233,TT,14.5
0.5875139943919878,2.5696551659333298,TT,14.600000000000001
0.5939569507186191,2.6049764721642577,TT,14.700000000000001
0.6004216879090309,2.6405388794616083,TT,14.8
0.6069076972754013,2.676342387825382,TT,14.9
0.6134144532291146,2.712386997255578,TT,15
0.6199414129251501,2.7486727077521977,TT,15.100000000000001
0.6264880159000237,2.7851995193152392,TT,15.200000000000001
0.6330536837031726,2.821967431944704,TT,15.3
0.639637819521677,2.858976445640591,TT,15.4
0.6462398077981961,2.8962265604029005,TT,15.5
0.6528590138420245,2.9337177762316338,TT,15.600000000000001
0.659494783433126,2.971450093126789,TT,15.700000000000001
0.6661464424190526,3.0094235110883667,TT,15.8
0.6728132963046145,3.0476380301163672,TT,15.9
0.6794946298341817,3.086093650210791,TT,16
0.6861897065664933,3.124790371371638,TT,16.1
0.6928977684418605,3.1637281935989074,TT,16.200000000000003
0.6996180353416122,3.202907116892598,TT,16.3
0.7063497046396812,3.242327141252712,TT,16.4
0.7130919507461728,3.2819882666792495,TT,16.5
0.719843924642809,3.32189049317221,TT,16.6
0.7266047534100839,3.362033820731593,TT,16.700000000000003
0.7333735397460166,3.4024182493573973,TT,16.8
0.7401493614763517,3.4430437790496247,TT,16.9
0.7469312710560545,3.4839104098082756,TT,17
0.7537182950619796,3.5250181416333493,TT,17.1
0.760509433676541,3.5663669745248465,TT,17.200000000000003
0.7673036601622489,3.6079569084827643,TT,17.3
0.7740999203269656,3.649787943507105,TT,17.4
0.7808971319797045,3.69186007959787,TT,17.5
0.7876941843768386,3.7341733167550575,TT,17.6
0.7944899376585444,3.776727654978668,TT,17.700000000000003
0.8012832222753314,3.8195230942686997,TT,17.8
0.8080728384044833,3.862559634625154,TT,17.9
0.8148575553562343,3.9058372760480324,TT,18
0.8216361109695463,3.9493560185373338,TT,18.1
0.8284072109972702,3.993115862093058,TT,18.200000000000003
0.8351695284805447,4.037116806715203,TT,18.3
0.8419217031122552,4.0813588524037705,TT,18.4
0.8486623405893408,4.125841999158762,TT,18.5
0.8553900119538183,4.170566246980177,TT,18.6
0.8621032529222727,4.215531595868015,TT,18.700000000000003
0.8688005632036933,4.260738045822274,TT,18.8
0.8754804058053995,4.306185596842955,TT,18.9
0.8821412063269012,4.351874248930061,TT,19
0.8887813522414856,4.397804002083589,TT,19.1
0.8953991921653084,4.443974856303539,TT,19.2
0.9019930351138266,4.490386811589913,TT,19.3
0.908561149745311,4.537039867942709,TT,19.400000000000002
0.9151017635912742,4.583934025361927,TT,19.5
0.921613062273575,4.6310692838475696,TT,19.6
0.928093188707964,4.678445643399632,TT,19.7
0.9345402422939069,4.726063104018119,TT,19.8
0.9409522780903856,4.77392166570303,TT,19.900000000000002
0.9473273059774949,4.822021328454361,TT,20
0.9536632898036097,4.870362092272116,TT,20.1
0.9599581465178275,4.918943957156293,TT,20.2
0.96620974528753,4.967766923106894,TT,20.3
0.9724159066007387,5.016830990123918,TT,20.400000000000002
0.9785744013530717,5.066136158207363,TT,20.5
0.9846829499190304,5.115682427357232,TT,20.6
0.9907392212073476,5.165469797573522,TT,20.7
0.9967408317001709,5.215498268856237,TT,20.8
1.002685344475776,5.265767841205375,TT,20.900000000000002
1.0085702682145667,5.316278514620933,TT,21
1.0143930561881,5.367030289102916,TT,21.1
1.0201511052308185,5.41802316465132,TT,21.2
1.0258417546942646,5.469257141266148,TT,21.3
1.0314622853834141,5.520732218947399,TT,21.400000000000002
1.0370099184749448,5.572448397695071,TT,21.5
1.0424818144170365,5.624405677509167,TT,21.6
1.0478750718104708,5.676604058389684,TT,21.7
1.0531867262707157,5.729043540336626,TT,21.8
1.05841374927066,5.781724123349991,TT,21.900000000000002
1.063553046963718,5.8346458074297765,TT,22
1.0686014589869637,5.887808592575987,TT,22.1
1.0735557572439642,5.94121247878862,TT,22.200000000000003
1.0784126446670244,5.994857466067673,TT,22.3
1.083168753958442,6.048743554413152,TT,22.400000000000002
1.0878206463105133,6.102870743825051,TT,22.5
1.0923648101038692,6.157239034303374,TT,22.6
1.0967976595838334,6.21184842584812,TT,22.700000000000003
1.1011155335144571,6.266698918459288,TT,22.8
1.1053146938098255,6.32179051213688,TT,22.900000000000002
1.109391324142314,6.377123206880892,TT,23
1.1133415285273882,6.432697002691329,TT,23.1
1.1171613298845844,6.48851189956819,TT,23.200000000000003
1.1208466685742975,6.544567897511469,TT,23.3
1.1243934009099554,6.600864996521175,TT,23.400000000000002
1.1277972976452126,6.657403196597302,TT,23.5
1.1310540424357347,6.714182497739852,TT,23.6
1.1341592302751895,6.771202899948827,TT,23.700000000000003
1.1371083659050134,6.828464403224221,TT,23.8
1.1398968621975305,6.88596700756604,TT,23.900000000000002
1.142520038512008,6.94371071297428,TT,24
1.144973119023179,7.001695519448944,TT,24.1
1.1472512310218619,7.059921426990031,TT,24.200000000000003
1.1493494031871228,7.118388435597539,TT,24.3
1.1512625638296266,7.177096545271472,TT,24.400000000000002
1.1529855391056492,7.236045756011825,TT,24.5
1.1545130512012918,7.295236067818603,TT,24.6
1.1558397164864465,7.354667480691805,TT,24.700000000000003
1.1569600436379899,7.414339994631426,TT,24.8
1.1578684317317318,7.474253609637472,TT,24.900000000000002
1.158559168302622,7.534408325709939,TT,25
1.1590264273726918,7.594804142848831,TT,25.1
1.1592642674462255,7.6554410610541455,TT,25.200000000000003
1.1592666294716256,7.71631908032588,TT,25.3
1.1590273347694486,7.777438200664039,TT,25.400000000000002
1.1585400829260708,7.838798422068621,TT,25.5
1.157798449652419,7.900399744539627,TT,25.6
1.1567958846072237,7.962242168077053,TT,25.700000000000003
1.1555257091842348,8.024325692680902,TT,25.8
1.1539811142627832,8.086650318351175,TT,25.900000000000002
1.1521551579211495,8.14921604508787,TT,26
1.150040763112126,8.212022872890989,TT,26.1
1.147630715300167,8.275070801760531,TT,26.200000000000003
1.1449176600595141,8.338359831696494,TT,26.3
1.141894100632678,8.40188996269888,TT,26.400000000000002
1.1385523954486416,8.465661194767687,TT,26.5
1.134884755600151,8.52967352790292,TT,26.6
1.130883242279423,8.593926962104575,TT,26.700000000000003
1.1265397641716417,8.65842149737265,TT,26.8
1.121846074805502,8.723157133707153,TT,26.900000000000002
1.1167937698602337,8.788133871108073,TT,27
1.1113742844282708,8.853351709575419,TT,27.1
1.105578890232982,8.918810649109188,TT,27.200000000000003
1.0993986928006914,8.984510689709378,TT,27.3
1.0928246285862295,9.050451831375991,TT,27.400000000000002
1.0858474620513867,9.116634074109026,TT,27.5
1.078457782695386,9.183057417908486,TT,27.6
1.0706460020367023,9.249721862774368,TT,27.700000000000003
1.0624023505454518,9.31662740870667,TT,27.8
1.053716874525498,9.383774055705398,TT,27.900000000000002
1.0445794329455982,9.451161803770548,TT,28
1.0349796942185785,9.518790652902121,TT,28.1
1.0249071329280364,9.586660603100116,TT,28.200000000000003
1.014351026501342,9.654771654364533,TT,28.3
1.0033004518284425,9.723123806695375,TT,28.400000000000002
0.9917442818253779,9.791717060092637,TT,28.5
0.9796711819417485,9.860551414556323,TT,28.6
0.9670696066111937,9.929626870086434,TT,28.700000000000003
0.9539277956440113,9.998943426682963,TT,28.8
0.9402337705610027,10.068501084345918,TT,28.900000000000002
0.9259753308675602,10.138299843075293,TT,29
0.9111400502671181,10.208339702871093,TT,29.1
0.8957152728130211,10.278620663733319,TT,29.200000000000003
0.8796881089976853,10.349142725661961,TT,29.3
0.86304543177833,10.41990588865703,TT,29.400000000000002
0.845773872537988,10.490910152718518,TT,29.5
0.827859816980979,10.562155517846433,TT,29.6
0.8092894009617364,10.63364198404077,TT,29.700000000000003
0.7900485062458973,10.705369551301528,TT,29.8
0.7701227562027082,10.777338219628708,TT,29.900000000000002
0.7494975114274869,10.849547989022312,TT,30
0.7281578652932179,10.92199885948234,TT,30.1
0.7060886394300461,10.994690831008791,TT,30.200000000000003
0.6832743791315643,11.06762390360166,TT,30.3
0.6596993486867699,11.140798077260957,TT,30.400000000000002
0.6353475266364743,11.214213351986674,TT,30.5
0.6102026009529933,11.287869727778816,TT,30.6
0.584247964141964,11.361767204637378,TT,30.700000000000003
0.5574667082649309,11.435905782562363,TT,30.8
0.5298416198816458,11.510285461553773,TT,30.900000000000002
0.5013551749106,11.584906241611602,TT,31
0.4719895334066919,11.659768122735857,TT,31.1
0.4417265342546237,11.734871104926535,TT,31.200000000000003
0.4105476897767488,11.810215188183633,TT,31.3
0.37843418025394726,11.885800372507155,TT,31.400000000000002
0.34536684835832787,11.9616266578971,TT,31.5
0.3113261934961713,12.037694044353467,TT,31.6
0.2762923660598542,12.11400253187626,TT,31.700000000000003
0.24024516158722697,12.190552120465469,TT,31.8
0.2031640148271574,12.267342810121107,TT,31.900000000000002
0.1650279937094563,12.344374600843164,TT,32
0.1258157932181163,12.421647492631646,TT,32.1
0.08550572916588983,12.499161485486551,TT,32.2
0.04407573186905367,12.576916579407872,TT,32.3
0.0015033397205233001,12.65491277439563,TT,32.400000000000006
-0.04223430734010947,12.733150070449797,TT,32.5
-0.08716047446136699,12.811628467570392,TT,32.6
-0.13329883862091307,12.890347965757412,TT,32.7
-0.18067349547487943,12.969308565010849,TT,32.8
-0.2293089663167116,13.048510265330716,TT,32.900000000000006
-0.27923020514760033,13.127953066716998,TT,33
-0.3304626058601148,13.207636969169707,TT,33.1
-0.38303200953679273,13.28756197268884,TT,33.2
-0.4369647118654729,13.36772807727439,TT,33.3
-0.49228747067332357,13.448135282926373,TT,33.400000000000006
-0.5490275135812475,13.528783589644766,TT,33.5
-0.6072125457806372,13.60967299742959,TT,33.6
-0.6668707579343476,13.690803506280837,TT,33.7
-0.7280308342039739,13.772175116198499,TT,33.8
-0.790721960405147,13.853787827182597,TT,33.900000000000006
-0.8549738322930054,13.935641639233102,TT,34
-0.9208166639799522,14.01773655235004,TT,34.1
-0.9882811964875771,14.100072566533397,TT,34.2
-1.057398706434853,14.182649681783175,TT,34.3
-1.1282010148649952,14.265467898099386,TT,34.400000000000006
-1.2007204962127673,14.348527215482008,TT,34.5
-1.2749900874146682,14.431827633931057,TT,34.6
-1.351043297164125,14.51536915344653,TT,34.7
-1.4289142153140872,14.59915177402842,TT,34.8
-1.5086375224291046,14.683175495676746,TT,34.900000000000006
-1.5902484994893094,14.76744031839148,TT,35
-1.6737830377488443,14.851946242172643,TT,35.1
-1.7592776487508175,14.93669326702023,TT,35.2
-1.8467694745014498,15.02168139293424,TT,35.300000000000004
-1.9362962978057574,15.106910619914666,TT,35.4
-2.0278965527675084,15.19238094796152,TT,35.5
-2.121609335455691,15.278092377074799,TT,35.6
-2.2174744147402023,15.364044907254499,TT,35.7
-2.315532243299625,15.450238538500622,TT,35.800000000000004
-2.415823968803437,15.53667327081316,TT,35.9
-2.5183914452714085,15.62334910419213,TT,36
-2.6232772446130994,15.710266038637519,TT,36.1
-2.730524668350295,15.797424074149335,TT,36.2
-2.840177759524874,15.88482321072757,TT,36.300000000000004
-2.9522813147953464,15.972463448372222,TT,36.4
-3.066880896724829,16.060344787083306,TT,36.5
-3.1840228462634528,16.148467226860813,TT,36.6
-3.3037542954281243,16.236830767704735,TT,36.7
-3.4261231801830476,16.325435409615086,TT,36.800000000000004
-3.5511782535235348,16.414281152591855,TT,36.9
-3.678969098766867,16.50336799663505,TT,37
-3.8095461430528843,16.59269594174467,TT,37.1
-3.9429606710580813,16.682264987920707,TT,37.2
-4.079264838926097,16.772075135163174,TT,37.300000000000004
-4.218511688417905,16.862126383472056,TT,37.4
-4.360755161285727,16.952418732847363,TT,37.5
-4.506050113873307,17.042952183289096,TT,37.6
-4.65445233194664,17.13372673479725,TT,37.7
-4.806018545758469,17.224742387371826,TT,37.800000000000004
-4.960806445350244,17.31599914101282,TT,37.9
-5.1188746960952045,17.407496995720244,TT,38
