umax_temp,ks_temp,Species,temp
0.13453490538232052,1.386425253401258,AC,3
0.13627081267099808,1.386425253401258,AC,3.1
0.13802663165823661,1.386425253401258,AC,3.2
0.1398025510312721,1.386425253401258,AC,3.3
0.14159876050831893,1.386425253401258,AC,3.4
0.14341545082621557,1.386425253401258,AC,3.5
0.14525281372747087,1.386425253401258,AC,3.6
0.14711104194669725,1.386425253401258,AC,3.7
0.148990329196414,1.386425253401258,AC,3.8
0.1508908701522064,1.386425253401258,AC,3.9
0.15281286043722386,1.386425253401258,AC,4
0.15475649660600152,1.386425253401258,AC,4.1
0.15672197612758826,1.386425253401258,AC,4.2
0.15870949736796455,1.386425253401258,AC,4.3
0.16071925957173272,1.386425253401258,AC,4.4
0.16275146284306205,1.386425253401258,AC,4.5
0.1648063081258712,1.386425253401258,AC,4.6
0.16688399718322847,1.386425253401258,AC,4.7
0.16898473257595312,1.386425253401258,AC,4.8
0.1711087176403966,1.386425253401258,AC,4.9
0.17325615646538575,1.386425253401258,AC,5
0.17542725386830763,1.386425253401258,AC,5.1
0.1776222153703153,1.386425253401258,AC,5.2
0.17984124717063507,1.386425253401258,AC,5.300000000000001
0.18208455611995258,1.386425253401258,AC,5.4
0.18435234969285796,1.386425253401258,AC,5.5
0.18664483595932638,1.386425253401258,AC,5.6
0.18896222355521355,1.386425253401258,AC,5.7
0.1913047216517413,1.386425253401258,AC,5.800000000000001
0.19367253992395203,1.386425253401258,AC,5.9
0.19606588851810683,1.386425253401258,AC,6
0.19848497801800372,1.386425253401258,AC,6.1
0.20093001941019129,1.386425253401258,AC,6.2
0.20340122404805278,1.386425253401258,AC,6.300000000000001
0.20589880361473414,1.386425253401258,AC,6.4
0.20842297008489133,1.386425253401258,AC,6.5
0.2109739356852288,1.386425253401258,AC,6.6
0.21355191285380268,1.386425253401258,AC,6.7
0.21615711419806075,1.386425253401258,AC,6.800000000000001
0.21878975245159157,1.386425253401258,AC,6.9
0.2214500404295524,1.386425253401258,AC,7
0.2241381909827483,1.386425253401258,AC,7.1000000000000005
0.22685441695033115,1.386425253401258,AC,7.2
0.22959893111108903,1.386425253401258,AC,7.3
0.23237194613329384,1.386425253401258,AC,7.4
0.235173674523076,1.386425253401258,AC,7.5
0.2380043285712941,1.386425253401258,AC,7.6000000000000005
0.24086412029886575,1.386425253401258,AC,7.7
0.2437532614005267,1.386425253401258,AC,7.800000000000001
0.2466719631869834,1.386425253401258,AC,7.9
0.24962043652542476,1.386425253401258,AC,8
0.25259889177835654,1.386425253401258,AC,8.100000000000001
0.25560753874072234,1.386425253401258,AC,8.2
0.258646586575276,1.386425253401258,AC,8.3
0.26171624374616337,1.386425253401258,AC,8.4
0.26481671795068057,1.386425253401258,AC,8.5
0.26794821604916436,1.386425253401258,AC,8.600000000000001
0.2711109439929787,1.386425253401258,AC,8.7
0.27430510675055403,1.386425253401258,AC,8.8
0.27753090823143944,1.386425253401258,AC,8.9
0.2807885512083246,1.386425253401258,AC,9
0.2840782372369889,1.386425253401258,AC,9.100000000000001
0.287400166574133,1.386425253401258,AC,9.2
0.2907545380930502,1.386425253401258,AC,9.3
0.29414154919708824,1.386425253401258,AC,9.4
0.29756139573085966,1.386425253401258,AC,9.5
0.30101427188914975,1.386425253401258,AC,9.600000000000001
0.3045003701234751,1.386425253401258,AC,9.7
0.3080198810462446,1.386425253401258,AC,9.8
0.3115729933324713,1.386425253401258,AC,9.9
0.3151598936189842,1.386425253401258,AC,10
0.3187807664010903,1.386425253401258,AC,10.100000000000001
0.3224357939266291,1.386425253401258,AC,10.2
0.32612515608737197,1.386425253401258,AC,10.3
0.3298490303077054,1.386425253401258,AC,10.4
0.333607591430546,1.386425253401258,AC,10.5
0.33740101160042907,1.386425253401258,AC,10.600000000000001
0.3412294601437109,1.386425253401258,AC,10.7
0.34509310344583,1.386425253401258,AC,10.8
0.34899210482556065,1.386425253401258,AC,10.9
0.3529266244062027,1.386425253401258,AC,11
0.3568968189836437,1.386425253401258,AC,11.1
0.36090284189122607,1.386425253401258,AC,11.200000000000001
0.36494484286136025,1.386425253401258,AC,11.3
0.36902296788381234,1.386425253401258,AC,11.4
0.37313735906060175,1.386425253401258,AC,11.5
0.37728815445743996,1.386425253401258,AC,11.6
0.3814754879516391,1.386425253401258,AC,11.700000000000001
0.38569948907642004,1.386425253401258,AC,11.8
0.38996028286154777,1.386425253401258,AC,11.9
0.3942579896702196,1.386425253401258,AC,12
0.3985927250321305,1.386425253401258,AC,12.1
0.40296459947263996,1.386425253401258,AC,12.200000000000001
0.4073737183379615,1.386425253401258,AC,12.3
0.41182018161629563,1.386425253401258,AC,12.4
0.4163040837548255,1.386425253401258,AC,12.5
0.42082551347249175,1.386425253401258,AC,12.600000000000001
0.42538455356846355,1.386425253401258,AC,12.700000000000001
0.42998128072622044,1.386425253401258,AC,12.8
0.43461576531315693,1.386425253401258,AC,12.9
0.43928807117562185,1.386425253401258,AC,13
0.4439982554293019,1.386425253401258,AC,13.100000000000001
0.44874636824485675,1.386425253401258,AC,13.200000000000001
0.45353245262871345,1.386425253401258,AC,13.3
0.4583565441989244,1.386425253401258,AC,13.4
0.4632186709559895,1.386425253401258,AC,13.5
0.46811885304854733,1.386425253401258,AC,13.600000000000001
0.4730571025338308,1.386425253401258,AC,13.700000000000001
0.47803342313278885,1.386425253401258,AC,13.8
0.4830478099797654,1.386425253401258,AC,13.9
0.4881002493666325,1.386425253401258,AC,14
0.49319071848126833,1.386425253401258,AC,14.100000000000001
0.4983191851402689,1.386425253401258,AC,14.200000000000001
0.5034856075157833,1.386425253401258,AC,14.3
0.5086899338563566,1.386425253401258,AC,14.4
0.5139321022016635,1.386425253401258,AC,14.5
0.5192120400910174,1.386425253401258,AC,14.600000000000001
0.5245296642655303,1.386425253401258,AC,14.700000000000001
0.5298848803638043,1.386425253401258,AC,14.8
0.5352775826110272,1.386425253401258,AC,14.9
0.5407076535013455,1.386425253401258,AC,15
0.5461749634733875,1.386425253401258,AC,15.100000000000001
0.5516793705788008,1.386425253401258,AC,15.200000000000001
0.5572207201436732,1.386425253401258,AC,15.3
0.5627988444226995,1.386425253401258,AC,15.4
0.568413562245953,1.386425253401258,AC,15.5
0.5740646786581239,1.386425253401258,AC,15.600000000000001
0.5797519845500779,1.386425253401258,AC,15.700000000000001
0.5854752562825866,1.386425253401258,AC,15.8
0.5912342553020861,1.386425253401258,AC,15.9
0.5970287277483058,1.386425253401258,AC,16
0.6028584040536151,1.386425253401258,AC,16.1
0.6087229985339317,1.386425253401258,AC,16.200000000000003
0.6146222089710274,1.386425253401258,AC,16.3
0.6205557161860741,1.386425253401258,AC,16.4
0.6265231836042566,1.386425253401258,AC,16.5
0.6325242568102905,1.386425253401258,AC,16.6
0.6385585630946649,1.386425253401258,AC,16.700000000000003
0.644625710990445,1.386425253401258,AC,16.8
0.6507252898004463,1.386425253401258,AC,16.9
0.6568568691146041,1.386425253401258,AC,17
0.6630199983173545,1.386425253401258,AC,17.1
0.6692142060848343,1.386425253401258,AC,17.200000000000003
0.6754389998717139,1.386425253401258,AC,17.3
0.6816938653874669,1.386425253401258,AC,17.4
0.6879782660618715,1.386425253401258,AC,17.5
0.6942916424995562,1.386425253401258,AC,17.6
0.7006334119233679,1.386425253401258,AC,17.700000000000003
0.7070029676063687,1.386425253401258,AC,17.8
0.7133996782922393,1.386425253401258,AC,17.9
0.7198228876038729,1.386425253401258,AC,18
0.7262719134399468,1.386425253401258,AC,18.1
0.7327460473592378,1.386425253401258,AC,18.200000000000003
0.7392445539524648,1.386425253401258,AC,18.3
0.7457666702014115,1.386425253401258,AC,18.4
0.752311604825113,1.386425253401258,AC,18.5
0.7588785376128426,1.386425253401258,AC,18.6
0.7654666187436774,1.386425253401258,AC,18.700000000000003
0.7720749680923771,1.386425253401258,AC,18.8
0.7787026745213309,1.386425253401258,AC,18.9
0.7853487951583138,1.386425253401258,AC,19
0.7920123546597874,1.386425253401258,AC,19.1
0.7986923444594823,1.386425253401258,AC,19.2
0.8053877220019888,1.386425253401258,AC,19.3
0.8120974099610796,1.386425253401258,AC,19.400000000000002
0.8188202954424837,1.386425253401258,AC,19.5
0.8255552291708278,1.386425253401258,AC,19.6
0.8323010246604481,1.386425253401258,AC,19.7
0.8390564573697874,1.386425253401258,AC,19.8
0.8458202638390627,1.386425253401258,AC,19.900000000000002
0.8525911408109105,1.386425253401258,AC,20
0.859367744333688,1.386425253401258,AC,20.1
0.8661486888471158,1.386425253401258,AC,20.2
0.8729325462499463,1.386425253401258,AC,20.3
0.8797178449493149,1.386425253401258,AC,20.400000000000002
0.8865030688914569,1.386425253401258,AC,20.5
0.893286656573437,1.386425253401258,AC,20.6
0.9000670000355525,1.386425253401258,AC,20.7
0.9068424438340583,1.386425253401258,AC,20.8
0.9136112839938481,1.386425253401258,AC,20.900000000000002
0.9203717669407449,1.386425253401258,AC,21
0.9271220884130067,1.386425253401258,AC,21.1
0.933860392351695,1.386425253401258,AC,21.2
0.9405847697695041,1.386425253401258,AC,21.3
0.9472932575976684,1.386425253401258,AC,21.400000000000002
0.9539838375105569,1.386425253401258,AC,21.5
0.9606544347275388,1.386425253401258,AC,21.6
0.9673029167917195,1.386425253401258,AC,21.7
0.9739270923251281,1.386425253401258,AC,21.8
0.9805247097599239,1.386425253401258,AC,21.900000000000002
0.9870934560452015,1.386425253401258,AC,22
0.9936309553289444,1.386425253401258,AC,22.1
1.0001347676146906,1.386425253401258,AC,22.200000000000003
1.0066023873924381,1.386425253401258,AC,22.3
1.013031242243353,1.386425253401258,AC,22.400000000000002
1.0194186914177807,1.386425253401258,AC,22.5
1.0257620243861076,1.386425253401258,AC,22.6
1.0320584593619666,1.386425253401258,AC,22.700000000000003
1.0383051417972993,1.386425253401258,AC,22.8
1.0444991428487795,1.386425253401258,AC,22.900000000000002
1.0506374578150603,1.386425253401258,AC,23
1.0567170045443581,1.386425253401258,AC,23.1
1.0627346218118079,1.386425253401258,AC,23.200000000000003
1.0686870676660762,1.386425253401258,AC,23.3
1.0745710177446761,1.386425253401258,AC,23.400000000000002
1.0803830635574143,1.386425253401258,AC,23.5
1.0861197107374232,1.386425253401258,AC,23.6
1.0917773772591826,1.386425253401258,AC,23.700000000000003
1.0973523916229546,1.386425253401258,AC,23.8
1.1028409910050303,1.386425253401258,AC,23.900000000000002
1.1082393193731814,1.386425253401258,AC,24
1.113543425566699,1.386425253401258,AC,24.1
1.1187492613403947,1.386425253401258,AC,24.200000000000003
1.123852679371911,1.386425253401258,AC,24.3
1.1288494312317205,1.386425253401258,AC,24.400000000000002
1.1337351653151124,1.386425253401258,AC,24.5
1.1385054247355324,1.386425253401258,AC,24.6
1.1431556451785667,1.386425253401258,AC,24.700000000000003
1.1476811527158859,1.386425253401258,AC,24.8
1.152077161578442,1.386425253401258,AC,24.900000000000002
1.156338771888187,1.386425253401258,AC,25
1.160460967347606,1.386425253401258,AC,25.1
1.1644386128862894,1.386425253401258,AC,25.200000000000003
1.1682664522638164,1.386425253401258,AC,25.3
1.1719391056281658,1.386425253401258,AC,25.400000000000002
1.1754510670288656,1.386425253401258,AC,25.5
1.1787967018841088,1.386425253401258,AC,25.6
1.1819702444009956,1.386425253401258,AC,25.700000000000003
1.1849657949481096,1.386425253401258,AC,25.8
1.1877773173795667,1.386425253401258,AC,25.900000000000002
1.1903986363096972,1.386425253401258,AC,26
1.1928234343375008,1.386425253401258,AC,26.1
1.1950452492199766,1.386425253401258,AC,26.200000000000003
1.197057470993456,1.386425253401258,AC,26.3
1.1988533390420064,1.386425253401258,AC,26.400000000000002
1.200425939112,1.386425253401258,AC,26.5
1.201768200271889,1.386425253401258,AC,26.6
1.2028728918162448,1.386425253401258,AC,26.700000000000003
1.2037326201130778,1.386425253401258,AC,26.8
1.2043398253934543,1.386425253401258,AC,26.900000000000002
1.2046867784824056,1.386425253401258,AC,27
1.2047655774700943,1.386425253401258,AC,27.1
1.204568144322216,1.386425253401258,AC,27.200000000000003
1.2040862214285626,1.386425253401258,AC,27.3
1.2033113680886802,1.386425253401258,AC,27.400000000000002
1.2022349569335236,1.386425253401258,AC,27.5
1.2008481702820035,1.386425253401258,AC,27.6
1.1991419964312726,1.386425253401258,AC,27.700000000000003
1.1971072258796411,1.386425253401258,AC,27.8
1.1947344474809087,1.386425253401258,AC,27.900000000000002
1.1920140445289522,1.386425253401258,AC,28
1.188936190771354,1.386425253401258,AC,28.1
1.1854908463508345,1.386425253401258,AC,28.200000000000003
1.1816677536732532,1.386425253401258,AC,28.3
1.177456433200889,1.386425253401258,AC,28.400000000000002
1.1728461791697276,1.386425253401258,AC,28.5
1.1678260552294317,1.386425253401258,AC,28.6
1.1623848900046538,1.386425253401258,AC,28.700000000000003
1.1565112725763536,1.386425253401258,AC,28.8
1.150193547881706,1.386425253401258,AC,28.900000000000002
1.1434198120312433,1.386425253401258,AC,29
1.136177907541746,1.386425253401258,AC,29.1
1.128455418483497,1.386425253401258,AC,29.200000000000003
1.1202396655403595,1.386425253401258,AC,29.3
1.111517700981228,1.386425253401258,AC,29.400000000000002
1.1022763035413083,1.386425253401258,AC,29.5
1.0925019732116599,1.386425253401258,AC,29.6
1.0821809259354729,1.386425253401258,AC,29.700000000000003
1.0712990882094084,1.386425253401258,AC,29.8
1.0598420915884477,1.386425253401258,AC,29.900000000000002
1.0477952670925292,1.386425253401258,AC,30
1.0351436395133353,1.386425253401258,AC,30.1
1.021871921619489,1.386425253401258,AC,30.200000000000003
1.0079645082584412,1.386425253401258,AC,30.3
0.9934054703532584,1.386425253401258,AC,30.400000000000002
0.978178548792532,1.386425253401258,AC,30.5
0.9622671482115677,1.386425253401258,AC,30.6
0.9456543306629962,1.386425253401258,AC,30.700000000000003
0.9283228091749339,1.386425253401258,AC,30.8
0.9102549411947362,1.386425253401258,AC,30.900000000000002
0.8914327219164331,1.386425253401258,AC,31
0.8718377774898318,1.386425253401258,AC,31.1
0.8514513581092713,1.386425253401258,AC,31.200000000000003
0.8302543309800029,1.386425253401258,AC,31.3
0.8082271731600593,1.386425253401258,AC,31.400000000000002
0.7853499642755645,1.386425253401258,AC,31.5
0.7616023791072467,1.386425253401258,AC,31.6
0.7369636800460362,1.386425253401258,AC,31.700000000000003
0.7114127094154791,1.386425253401258,AC,31.8
0.684927881658701,1.386425253401258,AC,31.900000000000002
0.6574871753876583,1.386425253401258,AC,32
0.6290681252922772,1.386425253401258,AC,32.1
0.599647813907169,1.386425253401258,AC,32.2
0.5692028632334426,1.386425253401258,AC,32.3
0.5377094262131912,1.386425253401258,AC,32.400000000000006
0.505143178054173,1.386425253401258,AC,32.5
0.4714793074020672,1.386425253401258,AC,32.6
0.436692507357848,1.386425253401258,AC,32.7
0.40075696633752045,1.386425253401258,AC,32.8
0.36364635877164664,1.386425253401258,AC,32.900000000000006
0.32533383564192825,1.386425253401258,AC,33
0.2857920148520374,1.386425253401258,AC,33.1
0.24499297142998247,1.386425253401258,AC,33.2
0.20290822755909402,1.386425253401258,AC,33.3
0.15950874243475155,1.386425253401258,AC,33.400000000000006
0.11476490194395489,1.386425253401258,AC,33.5
0.0686465081646509,1.386425253401258,AC,33.6
0.021122768681894222,1.386425253401258,AC,33.7
-0.027837714282318807,1.386425253401258,AC,33.8
-0.07826695492871127,1.386425253401258,AC,33.900000000000006
-0.13019759513294327,1.386425253401258,AC,34
-0.1836629158938061,1.386425253401258,AC,34.1
-0.23869684898055057,1.386425253401258,AC,34.2
-0.29533398878274664,1.386425253401258,AC,34.3
-0.35360960436614414,1.386425253401258,AC,34.400000000000006
-0.413559651737831,1.386425253401258,AC,34.5
-0.47522078632442993,1.386425253401258,AC,34.6
-0.5386303756667254,1.386425253401258,AC,34.7
-0.6038265123344331,1.386425253401258,AC,34.8
-0.6708480270648448,1.386425253401258,AC,34.900000000000006
-0.7397345021289586,1.386425253401258,AC,35
-0.8105262849291418,1.386425253401258,AC,35.1
-0.8832645018319686,1.386425253401258,AC,35.2
-0.9579910722403282,1.386425253401258,AC,35.300000000000004
-1.0347487229087646,1.386425253401258,AC,35.4
-1.113581002506102,1.386425253401258,AC,35.5
-1.1945322964295215,1.386425253401258,AC,35.6
-1.2776478418742914,1.386425253401258,AC,35.7
-1.3629737431634188,1.386425253401258,AC,35.800000000000004
-1.4505569873415665,1.386425253401258,AC,35.9
-1.5404454600376651,1.386425253401258,AC,36
-1.6326879616007028,1.386425253401258,AC,36.1
-1.7273342235132276,1.386425253401258,AC,36.2
-1.8244349250872627,1.386425253401258,AC,36.300000000000004
-1.924041710447252,1.386425253401258,AC,36.4
-2.026207205804969,1.386425253401258,AC,36.5
-2.130985037031042,1.386425253401258,AC,36.6
-2.238429847528266,1.386425253401258,AC,36.7
-2.3485973164115905,1.386425253401258,AC,36.800000000000004
-2.4615441769998854,1.386425253401258,AC,36.9
-2.577328235624834,1.386425253401258,AC,37
-2.696008390761977,1.386425253401258,AC,37.1
-2.8176446524894776,1.386425253401258,AC,37.2
-2.942298162279981,1.386425253401258,AC,37.300000000000004
-3.0700312131310845,1.386425253401258,AC,37.4
-3.200907270040126,1.386425253401258,AC,37.5
-3.3349909908288615,1.386425253401258,AC,37.6
-3.472348247324007,1.386425253401258,AC,37.7
-3.613046146899455,1.386425253401258,AC,37.800000000000004
-3.7571530543861953,1.386425253401258,AC,37.9
-3.904738614356067,1.386425253401258,AC,38
-0.8842835186226476,0.5658158279662392,CH,3
-0.8656226444548341,0.5658158279662392,CH,3.1
-0.8470359806535787,0.5658158279662392,CH,3.2
-0.8285235272188797,0.5658158279662392,CH,3.3
-0.8100852841507384,0.5658158279662392,CH,3.4
-0.7917212514491537,0.5658158279662392,CH,3.5
-0.7734314291141261,0.5658158279662392,CH,3.6
-0.7552158171456556,0.5658158279662392,CH,3.7
-0.7370744155437423,0.5658158279662392,CH,3.8
-0.719007224308387,0.5658158279662392,CH,3.9
-0.7010142434395881,0.5658158279662392,CH,4
-0.6830954729373462,0.5658158279662392,CH,4.1
-0.6652509128016623,0.5658158279662392,CH,4.2
-0.6474805630325351,0.5658158279662392,CH,4.3
-0.6297844236299655,0.5658158279662392,CH,4.4
-0.6121624945939517,0.5658158279662392,CH,4.5
-0.5946147759244954,0.5658158279662392,CH,4.6
-0.5771412676215976,0.5658158279662392,CH,4.7
-0.559741969685256,0.5658158279662392,CH,4.8
-0.5424168821154722,0.5658158279662392,CH,4.9
-0.5251660049122451,0.5658158279662392,CH,5
-0.5079893380755749,0.5658158279662392,CH,5.1
-0.49088688160546273,0.5658158279662392,CH,5.2
-0.47385863550190693,0.5658158279662392,CH,5.300000000000001
-0.4569045997649085,0.5658158279662392,CH,5.4
-0.440024774394467,0.5658158279662392,CH,5.5
-0.4232191593905826,0.5658158279662392,CH,5.6
-0.40648775475325616,0.5658158279662392,CH,5.7
-0.3898305604824864,0.5658158279662392,CH,5.800000000000001
-0.3732475765782743,0.5658158279662392,CH,5.9
-0.3567388030406189,0.5658158279662392,CH,6
-0.3403042398695205,0.5658158279662392,CH,6.1
-0.3239438870649791,0.5658158279662392,CH,6.2
-0.3076577446269951,0.5658158279662392,CH,6.300000000000001
-0.2914458125555687,0.5658158279662392,CH,6.4
-0.27530809085069896,0.5658158279662392,CH,6.5
-0.2592445795123866,0.5658158279662392,CH,6.6
-0.24325527854063161,0.5658158279662392,CH,6.7
-0.2273401879354336,0.5658158279662392,CH,6.800000000000001
-0.21149930769679326,0.5658158279662392,CH,6.9
-0.19573263782470862,0.5658158279662392,CH,7
-0.18004017831918165,0.5658158279662392,CH,7.1000000000000005
-0.16442192918021298,0.5658158279662392,CH,7.2
-0.14887789040780036,0.5658158279662392,CH,7.3
-0.13340806200194608,0.5658158279662392,CH,7.4
-0.11801244396264779,0.5658158279662392,CH,7.5
-0.10269103628990686,0.5658158279662392,CH,7.6000000000000005
-0.08744383898372392,0.5658158279662392,CH,7.7
-0.07227085204409733,0.5658158279662392,CH,7.800000000000001
-0.057172075471028094,0.5658158279662392,CH,7.9
-0.04214750926451586,0.5658158279662392,CH,8
-0.027197153424560642,0.5658158279662392,CH,8.100000000000001
-0.012321007951163414,0.5658158279662392,CH,8.2
0.0024809271556772913,0.5658158279662392,CH,8.3
0.017208651895960495,0.5658158279662392,CH,8.4
0.03186216626968701,0.5658158279662392,CH,8.5
0.046441470276856196,0.5658158279662392,CH,8.600000000000001
0.06094656391746755,0.5658158279662392,CH,8.7
0.07537744719152238,0.5658158279662392,CH,8.8
0.08973412009901986,0.5658158279662392,CH,8.9
0.10401658263996034,0.5658158279662392,CH,9
0.11822483481434382,0.5658158279662392,CH,9.100000000000001
0.1323588766221693,0.5658158279662392,CH,9.2
0.1464187080634384,0.5658158279662392,CH,9.3
0.16040432913815003,0.5658158279662392,CH,9.4
0.17431573984630463,0.5658158279662392,CH,9.5
0.1881529401879022,0.5658158279662392,CH,9.600000000000001
0.20191593016294232,0.5658158279662392,CH,9.7
0.21560470977142554,0.5658158279662392,CH,9.8
0.22921927901335096,0.5658158279662392,CH,9.9
0.24275963788871985,0.5658158279662392,CH,10
0.2562257863975316,0.5658158279662392,CH,10.100000000000001
0.2696177245397858,0.5658158279662392,CH,10.2
0.28293545231548317,0.5658158279662392,CH,10.3
0.2961789697246227,0.5658158279662392,CH,10.4
0.3093482767672057,0.5658158279662392,CH,10.5
0.32244337344323154,0.5658158279662392,CH,10.600000000000001
0.33546425975270006,0.5658158279662392,CH,10.7
0.34841093569561155,0.5658158279662392,CH,10.8
0.36128340127196534,0.5658158279662392,CH,10.9
0.37408165648176284,0.5658158279662392,CH,11
0.3868057013250028,0.5658158279662392,CH,11.1
0.39945553580168575,0.5658158279662392,CH,11.200000000000001
0.41203115991181083,0.5658158279662392,CH,11.3
0.42453257365537894,0.5658158279662392,CH,11.4
0.4369597770323904,0.5658158279662392,CH,11.5
0.44931277004284464,0.5658158279662392,CH,11.6
0.46159155268674157,0.5658158279662392,CH,11.700000000000001
0.4737961249640808,0.5658158279662392,CH,11.8
0.48592648687486334,0.5658158279662392,CH,11.9
0.49798263841908874,0.5658158279662392,CH,12
0.5099645795967571,0.5658158279662392,CH,12.1
0.521872310407868,0.5658158279662392,CH,12.200000000000001
0.5337058308524221,0.5658158279662392,CH,12.3
0.5454651409304185,0.5658158279662392,CH,12.4
0.557150240641858,0.5658158279662392,CH,12.5
0.5687611299867406,0.5658158279662392,CH,12.600000000000001
0.5802978089650659,0.5658158279662392,CH,12.700000000000001
0.5917602775768337,0.5658158279662392,CH,12.8
0.6031485358220445,0.5658158279662392,CH,12.9
0.6144625837006982,0.5658158279662392,CH,13
0.6257024212127947,0.5658158279662392,CH,13.100000000000001
0.6368680483583342,0.5658158279662392,CH,13.200000000000001
0.6479594651373163,0.5658158279662392,CH,13.3
0.6589766715497413,0.5658158279662392,CH,13.4
0.6699196675956092,0.5658158279662392,CH,13.5
0.6807884532749201,0.5658158279662392,CH,13.600000000000001
0.6915830285876735,0.5658158279662392,CH,13.700000000000001
0.7023033935338697,0.5658158279662392,CH,13.8
0.7129495481135087,0.5658158279662392,CH,13.9
0.7235214923265908,0.5658158279662392,CH,14
0.7340192261731159,0.5658158279662392,CH,14.100000000000001
0.7444427496530833,0.5658158279662392,CH,14.200000000000001
0.7547920627664939,0.5658158279662392,CH,14.3
0.7650671655133474,0.5658158279662392,CH,14.4
0.7752680578936434,0.5658158279662392,CH,14.5
0.7853947399073826,0.5658158279662392,CH,14.600000000000001
0.7954472115545644,0.5658158279662392,CH,14.700000000000001
0.8054254728351891,0.5658158279662392,CH,14.8
0.8153295237492565,0.5658158279662392,CH,14.9
0.8251593642967668,0.5658158279662392,CH,15
0.8349149944777201,0.5658158279662392,CH,15.100000000000001
0.844596414292116,0.5658158279662392,CH,15.200000000000001
0.854203623739955,0.5658158279662392,CH,15.3
0.8637366228212365,0.5658158279662392,CH,15.4
0.8731954115359609,0.5658158279662392,CH,15.5
0.8825799898841283,0.5658158279662392,CH,15.600000000000001
0.8918903578657388,0.5658158279662392,CH,15.700000000000001
0.9011265154807916,0.5658158279662392,CH,15.8
0.9102884627292873,0.5658158279662392,CH,15.9
0.9193761996112261,0.5658158279662392,CH,16
0.9283897261266078,0.5658158279662392,CH,16.1
0.9373290422754321,0.5658158279662392,CH,16.200000000000003
0.946194148057699,0.5658158279662392,CH,16.3
0.954985043473409,0.5658158279662392,CH,16.4
0.963701728522562,0.5658158279662392,CH,16.5
0.9723442032051578,0.5658158279662392,CH,16.6
0.9809124675211962,0.5658158279662392,CH,16.700000000000003
0.9894065214706774,0.5658158279662392,CH,16.8
0.9978263650536016,0.5658158279662392,CH,16.9
1.0061719982699686,0.5658158279662392,CH,17
1.0144434211197784,0.5658158279662392,CH,17.1
1.0226406336030311,0.5658158279662392,CH,17.200000000000003
1.0307636357197265,0.5658158279662392,CH,17.3
1.0388124274698647,0.5658158279662392,CH,17.4
1.046787008853446,0.5658158279662392,CH,17.5
1.0546873798704701,0.5658158279662392,CH,17.6
1.062513540520937,0.5658158279662392,CH,17.700000000000003
1.0702654908048466,0.5658158279662392,CH,17.8
1.077943230722199,0.5658158279662392,CH,17.9
1.0855467602729942,0.5658158279662392,CH,18
1.0930760794572327,0.5658158279662392,CH,18.1
1.1005311882749136,0.5658158279662392,CH,18.200000000000003
1.1079120867260372,0.5658158279662392,CH,18.3
1.115218774810604,0.5658158279662392,CH,18.4
1.1224512525286134,0.5658158279662392,CH,18.5
1.129609519880066,0.5658158279662392,CH,18.6
1.136693576864961,0.5658158279662392,CH,18.700000000000003
1.143703423483299,0.5658158279662392,CH,18.8
1.1506390597350797,0.5658158279662392,CH,18.9
1.1575004856203035,0.5658158279662392,CH,19
1.16428770113897,0.5658158279662392,CH,19.1
1.1710007062910792,0.5658158279662392,CH,19.2
1.1776395010766316,0.5658158279662392,CH,19.3
1.1842040854956264,0.5658158279662392,CH,19.400000000000002
1.1906944595480642,0.5658158279662392,CH,19.5
1.197110623233945,0.5658158279662392,CH,19.6
1.2034525765532684,0.5658158279662392,CH,19.7
1.2097203195060346,0.5658158279662392,CH,19.8
1.215913852092244,0.5658158279662392,CH,19.900000000000002
1.2220331743118957,0.5658158279662392,CH,20
1.2280782861649908,0.5658158279662392,CH,20.1
1.2340491876515283,0.5658158279662392,CH,20.2
1.2399458787715087,0.5658158279662392,CH,20.3
1.2457683595249323,0.5658158279662392,CH,20.400000000000002
1.2515166299117981,0.5658158279662392,CH,20.5
1.2571906899321075,0.5658158279662392,CH,20.6
1.262790539585859,0.5658158279662392,CH,20.7
1.2683161788730537,0.5658158279662392,CH,20.8
1.2737676077936915,0.5658158279662392,CH,20.900000000000002
1.2791448263477716,0.5658158279662392,CH,21
1.2844478345352948,0.5658158279662392,CH,21.1
1.2896766323562607,0.5658158279662392,CH,21.2
1.2948312198106695,0.5658158279662392,CH,21.3
1.299911596898521,0.5658158279662392,CH,21.400000000000002
1.3049177636198155,0.5658158279662392,CH,21.5
1.309849719974553,0.5658158279662392,CH,21.6
1.314707465962733,0.5658158279662392,CH,21.7
1.319491001584356,0.5658158279662392,CH,21.8
1.324200326839422,0.5658158279662392,CH,21.900000000000002
1.3288354417279304,0.5658158279662392,CH,22
1.3333963462498821,0.5658158279662392,CH,22.1
1.3378830404052764,0.5658158279662392,CH,22.200000000000003
1.3422955241941135,0.5658158279662392,CH,22.3
1.3466337976163936,0.5658158279662392,CH,22.400000000000002
1.350897860672116,0.5658158279662392,CH,22.5
1.355087713361282,0.5658158279662392,CH,22.6
1.3592033556838903,0.5658158279662392,CH,22.700000000000003
1.3632447876399416,0.5658158279662392,CH,22.8
1.3672120092294358,0.5658158279662392,CH,22.900000000000002
1.3711050204523727,0.5658158279662392,CH,23
1.3749238213087527,0.5658158279662392,CH,23.1
1.3786684117985752,0.5658158279662392,CH,23.200000000000003
1.3823387919218406,0.5658158279662392,CH,23.3
1.385934961678549,0.5658158279662392,CH,23.400000000000002
1.3894569210687,0.5658158279662392,CH,23.5
1.392904670092294,0.5658158279662392,CH,23.6
1.3962782087493308,0.5658158279662392,CH,23.700000000000003
1.3995775370398105,0.5658158279662392,CH,23.8
1.402802654963733,0.5658158279662392,CH,23.900000000000002
1.4059535625210982,0.5658158279662392,CH,24
1.4090302597119064,0.5658158279662392,CH,24.1
1.4120327465361575,0.5658158279662392,CH,24.200000000000003
1.4149610229938512,0.5658158279662392,CH,24.3
1.4178150890849877,0.5658158279662392,CH,24.400000000000002
1.4205949448095672,0.5658158279662392,CH,24.5
1.4233005901675895,0.5658158279662392,CH,24.6
1.4259320251590548,0.5658158279662392,CH,24.700000000000003
1.4284892497839625,0.5658158279662392,CH,24.8
1.4309722640423135,0.5658158279662392,CH,24.900000000000002
1.433381067934107,0.5658158279662392,CH,25
1.4357156614593434,0.5658158279662392,CH,25.1
1.437976044618023,0.5658158279662392,CH,25.200000000000003
1.440162217410145,0.5658158279662392,CH,25.3
1.44227417983571,0.5658158279662392,CH,25.400000000000002
1.4443119318947177,0.5658158279662392,CH,25.5
1.4462754735871683,0.5658158279662392,CH,25.6
1.4481648049130618,0.5658158279662392,CH,25.700000000000003
1.4499799258723982,0.5658158279662392,CH,25.8
1.451720836465177,0.5658158279662392,CH,25.900000000000002
1.453387536691399,0.5658158279662392,CH,26
1.454980026551064,0.5658158279662392,CH,26.1
1.4564983060441716,0.5658158279662392,CH,26.200000000000003
1.4579423751707221,0.5658158279662392,CH,26.3
1.4593122339307154,0.5658158279662392,CH,26.400000000000002
1.4606078823241515,0.5658158279662392,CH,26.5
1.4618293203510304,0.5658158279662392,CH,26.6
1.4629765480113521,0.5658158279662392,CH,26.700000000000003
1.4640495653051169,0.5658158279662392,CH,26.8
1.4650483722323242,0.5658158279662392,CH,26.900000000000002
1.4659729687929746,0.5658158279662392,CH,27
1.4668233549870677,0.5658158279662392,CH,27.1
1.4675995308146035,0.5658158279662392,CH,27.200000000000003
1.4683014962755823,0.5658158279662392,CH,27.3
1.468929251370004,0.5658158279662392,CH,27.400000000000002
1.4694827960978685,0.5658158279662392,CH,27.5
1.4699621304591757,0.5658158279662392,CH,27.6
1.4703672544539257,0.5658158279662392,CH,27.700000000000003
1.4706981680821187,0.5658158279662392,CH,27.8
1.4709548713437546,0.5658158279662392,CH,27.900000000000002
1.471137364238833,0.5658158279662392,CH,28
1.4712456467673545,0.5658158279662392,CH,28.1
1.471279718929319,0.5658158279662392,CH,28.200000000000003
1.471239580724726,0.5658158279662392,CH,28.3
1.471125232153576,0.5658158279662392,CH,28.400000000000002
1.4709366732158689,0.5658158279662392,CH,28.5
1.4706739039116044,0.5658158279662392,CH,28.6
1.4703369242407829,0.5658158279662392,CH,28.700000000000003
1.469925734203404,0.5658158279662392,CH,28.8
1.4694403337994681,0.5658158279662392,CH,28.900000000000002
1.468880723028975,0.5658158279662392,CH,29
1.4682469018919249,0.5658158279662392,CH,29.1
1.4675388703883174,0.5658158279662392,CH,29.200000000000003
1.466756628518153,0.5658158279662392,CH,29.3
1.4659001762814312,0.5658158279662392,CH,29.400000000000002
1.4649695136781522,0.5658158279662392,CH,29.5
1.4639646407083162,0.5658158279662392,CH,29.6
1.462885557371923,0.5658158279662392,CH,29.700000000000003
1.4617322636689727,0.5658158279662392,CH,29.8
1.4605047595994651,0.5658158279662392,CH,29.900000000000002
1.4592030451634004,0.5658158279662392,CH,30
1.4578271203607784,0.5658158279662392,CH,30.1
1.4563769851915993,0.5658158279662392,CH,30.200000000000003
1.4548526396558632,0.5658158279662392,CH,30.3
1.4532540837535697,0.5658158279662392,CH,30.400000000000002
1.4515813174847192,0.5658158279662392,CH,30.5
1.4498343408493115,0.5658158279662392,CH,30.6
1.4480131538473466,0.5658158279662392,CH,30.700000000000003
1.4461177564788246,0.5658158279662392,CH,30.8
1.4441481487437453,0.5658158279662392,CH,30.900000000000002
1.4421043306421089,0.5658158279662392,CH,31
1.4399863021739154,0.5658158279662392,CH,31.1
1.4377940633391646,0.5658158279662392,CH,31.200000000000003
1.4355276141378566,0.5658158279662392,CH,31.3
1.4331869545699916,0.5658158279662392,CH,31.400000000000002
1.4307720846355694,0.5658158279662392,CH,31.5
1.42828300433459,0.5658158279662392,CH,31.6
1.4257197136670532,0.5658158279662392,CH,31.700000000000003
1.4230822126329596,0.5658158279662392,CH,31.8
1.4203705012323087,0.5658158279662392,CH,31.900000000000002
1.4175845794651007,0.5658158279662392,CH,32
1.4147244473313354,0.5658158279662392,CH,32.1
1.411790104831013,0.5658158279662392,CH,32.2
1.4087815519641336,0.5658158279662392,CH,32.3
1.4056987887306966,0.5658158279662392,CH,32.400000000000006
1.4025418151307028,0.5658158279662392,CH,32.5
1.3993106311641517,0.5658158279662392,CH,32.6
1.3960052368310436,0.5658158279662392,CH,32.7
1.3926256321313781,0.5658158279662392,CH,32.8
1.3891718170651552,0.5658158279662392,CH,32.900000000000006
1.3856437916323758,0.5658158279662392,CH,33
1.3820415558330388,0.5658158279662392,CH,33.1
1.3783651096671448,0.5658158279662392,CH,33.2
1.3746144531346935,0.5658158279662392,CH,33.3
1.370789586235685,0.5658158279662392,CH,33.400000000000006
1.3668905089701195,0.5658158279662392,CH,33.5
1.3629172213379968,0.5658158279662392,CH,33.6
1.3588697233393168,0.5658158279662392,CH,33.7
1.35474801497408,0.5658158279662392,CH,33.8
1.3505520962422852,0.5658158279662392,CH,33.900000000000006
1.3462819671439341,0.5658158279662392,CH,34
1.3419376276790256,0.5658158279662392,CH,34.1
1.3375190778475596,0.5658158279662392,CH,34.2
1.3330263176495372,0.5658158279662392,CH,34.3
1.3284593470849566,0.5658158279662392,CH,34.400000000000006
1.3238181661538195,0.5658158279662392,CH,34.5
1.319102774856125,0.5658158279662392,CH,34.6
1.3143131731918734,0.5658158279662392,CH,34.7
1.309449361161065,0.5658158279662392,CH,34.8
1.3045113387636986,0.5658158279662392,CH,34.900000000000006
1.2994991059997758,0.5658158279662392,CH,35
1.2944126628692956,0.5658158279662392,CH,35.1
1.289252009372258,0.5658158279662392,CH,35.2
1.2840171455086633,0.5658158279662392,CH,35.300000000000004
1.278708071278512,0.5658158279662392,CH,35.4
1.273324786681803,0.5658158279662392,CH,35.5
1.2678672917185367,0.5658158279662392,CH,35.6
1.2623355863887133,0.5658158279662392,CH,35.7
1.2567296706923328,0.5658158279662392,CH,35.800000000000004
1.2510495446293957,0.5658158279662392,CH,35.9
1.2452952081999007,0.5658158279662392,CH,36
1.2394666614038488,0.5658158279662392,CH,36.1
1.2335639042412394,0.5658158279662392,CH,36.2
1.2275869367120733,0.5658158279662392,CH,36.300000000000004
1.22153575881635,0.5658158279662392,CH,36.4
1.2154103705540695,0.5658158279662392,CH,36.5
1.2092107719252316,0.5658158279662392,CH,36.6
1.2029369629298365,0.5658158279662392,CH,36.7
1.1965889435678845,0.5658158279662392,CH,36.800000000000004
1.1901667138393754,0.5658158279662392,CH,36.9
1.183670273744309,0.5658158279662392,CH,37
1.1770996232826854,0.5658158279662392,CH,37.1
1.1704547624545045,0.5658158279662392,CH,37.2
1.1637356912597665,0.5658158279662392,CH,37.300000000000004
1.1569424096984717,0.5658158279662392,CH,37.4
1.1500749177706193,0.5658158279662392,CH,37.5
1.1431332154762097,0.5658158279662392,CH,37.6
1.1361173028152431,0.5658158279662392,CH,37.7
1.1290271797877192,0.5658158279662392,CH,37.800000000000004
1.1218628463936386,0.5658158279662392,CH,37.9
1.1146243026330005,0.5658158279662392,CH,38
0.00849221096991864,3.491027759484065e-7,CS,3
0.009012752613352331,3.491027759484065e-7,CS,3.1
0.009543999875051454,3.491027759484065e-7,CS,3.2
0.010086107825936412,3.491027759484065e-7,CS,3.3
0.010639232982601277,3.491027759484065e-7,CS,3.4
0.011203533302828637,3.491027759484065e-7,CS,3.5
0.01177916818043436,3.491027759484065e-7,CS,3.6
0.012366298439419655,3.491027759484065e-7,CS,3.7
0.012965086327407548,3.491027759484065e-7,CS,3.8
0.013575695508339885,3.491027759484065e-7,CS,3.9
0.014198291054410762,3.491027759484065e-7,CS,4
0.014833039437211398,3.491027759484065e-7,CS,4.1
0.015480108518060911,3.491027759484065e-7,CS,4.2
0.016139667537496887,3.491027759484065e-7,CS,4.3
0.016811887103898797,3.491027759484065e-7,CS,4.4
0.0174969391812169,3.491027759484065e-7,CS,4.5
0.018194997075778208,3.491027759484065e-7,CS,4.6
0.01890623542214083,3.491027759484065e-7,CS,4.7
0.019630830167966833,3.491027759484065e-7,CS,4.8
0.020368958557883343,3.491027759484065e-7,CS,4.9
0.021120799116300843,3.491027759484065e-7,CS,5
0.02188653162915645,3.491027759484065e-7,CS,5.1
0.02266633712454984,3.491027759484065e-7,CS,5.2
0.023460397852237944,3.491027759484065e-7,CS,5.300000000000001
0.024268897261954317,3.491027759484065e-7,CS,5.4
0.025092019980518007,3.491027759484065e-7,CS,5.5
0.0259299517876955,3.491027759484065e-7,CS,5.6
0.026782879590779397,3.491027759484065e-7,CS,5.7
0.027650991397845315,3.491027759484065e-7,CS,5.800000000000001
0.02853447628964887,3.491027759484065e-7,CS,5.9
0.029433524390122548,3.491027759484065e-7,CS,6
0.030348326835432052,3.491027759484065e-7,CS,6.1
0.03127907574155038,3.491027759484065e-7,CS,6.2
0.03222596417030695,3.491027759484065e-7,CS,6.300000000000001
0.03318918609386812,3.491027759484065e-7,CS,6.4
0.03416893635760425,3.491027759484065e-7,CS,6.5
0.03516541064129769,3.491027759484065e-7,CS,6.6
0.0361788054186445,3.491027759484065e-7,CS,6.7
0.03720931791500197,3.491027759484065e-7,CS,6.800000000000001
0.03825714606333277,3.491027759484065e-7,CS,6.9
0.03932248845829541,3.491027759484065e-7,CS,7
0.04040554430842927,3.491027759484065e-7,CS,7.1000000000000005
0.04150651338638137,3.491027759484065e-7,CS,7.2
0.04262559597712128,3.491027759484065e-7,CS,7.3
0.04376299282408818,3.491027759484065e-7,CS,7.4
0.044918905073213916,3.491027759484065e-7,CS,7.5
0.04609353421476399,3.491027759484065e-7,CS,7.6000000000000005
0.04728708202293692,3.491027759484065e-7,CS,7.7
0.04849975049316164,3.491027759484065e-7,CS,7.800000000000001
0.04973174177703039,3.491027759484065e-7,CS,7.9
0.050983258114803746,3.491027759484065e-7,CS,8
0.0522545017654227,3.491027759484065e-7,CS,8.100000000000001
0.053545674933960834,3.491027759484065e-7,CS,8.2
0.05485697969644923,3.491027759484065e-7,CS,8.3
0.05618861792200313,3.491027759484065e-7,CS,8.4
0.057540791192180446,3.491027759484065e-7,CS,8.5
0.058913700717497804,3.491027759484065e-7,CS,8.600000000000001
0.06030754725103025,3.491027759484065e-7,CS,8.7
0.06172253099901803,3.491027759484065e-7,CS,8.8
0.06315885152840174,3.491027759484065e-7,CS,8.9
0.06461670767120686,3.491027759484065e-7,CS,9
0.06609629742569477,3.491027759484065e-7,CS,9.100000000000001
0.06759781785419729,3.491027759484065e-7,CS,9.2
0.06912146497754906,3.491027759484065e-7,CS,9.3
0.07066743366602951,3.491027759484065e-7,CS,9.4
0.07223591752672602,3.491027759484065e-7,CS,9.5
0.07382710878722554,3.491027759484065e-7,CS,9.600000000000001
0.07544119817554155,3.491027759484065e-7,CS,9.7
0.07707837479618072,3.491027759484065e-7,CS,9.8
0.07873882600225042,3.491027759484065e-7,CS,9.9
0.0804227372635081,3.491027759484065e-7,CS,10
0.08213029203024892,3.491027759484065e-7,CS,10.100000000000001
0.08386167159292737,3.491027759484065e-7,CS,10.2
0.0856170549374061,3.491027759484065e-7,CS,10.3
0.08739661859572107,3.491027759484065e-7,CS,10.4
0.08920053649225282,3.491027759484065e-7,CS,10.5
0.09102897978518781,3.491027759484065e-7,CS,10.600000000000001
0.09288211670315313,3.491027759484065e-7,CS,10.7
0.09476011237690557,3.491027759484065e-7,CS,10.8
0.09666312866595111,3.491027759484065e-7,CS,10.9
0.09859132397997157,3.491027759484065e-7,CS,11
0.1005448530949287,3.491027759484065e-7,CS,11.1
0.10252386696371607,3.491027759484065e-7,CS,11.200000000000001
0.10452851252122446,3.491027759484065e-7,CS,11.3
0.10655893248368464,3.491027759484065e-7,CS,11.4
0.10861526514214714,3.491027759484065e-7,CS,11.5
0.11069764414995671,3.491027759484065e-7,CS,11.6
0.11280619830407536,3.491027759484065e-7,CS,11.700000000000001
0.1149410513201045,3.491027759484065e-7,CS,11.8
0.11710232160085468,3.491027759484065e-7,CS,11.9
0.11929012199830563,3.491027759484065e-7,CS,12
0.12150455956879844,3.491027759484065e-7,CS,12.1
0.12374573532129692,3.491027759484065e-7,CS,12.200000000000001
0.126013743958551,3.491027759484065e-7,CS,12.3
0.12830867361099382,3.491027759484065e-7,CS,12.4
0.13063060556319675,3.491027759484065e-7,CS,12.5
0.13297961397270647,3.491027759484065e-7,CS,12.600000000000001
0.1353557655810818,3.491027759484065e-7,CS,12.700000000000001
0.13775911941694519,3.491027759484065e-7,CS,12.8
0.14018972649085973,3.491027759484065e-7,CS,12.9
0.1426476294818376,3.491027759484065e-7,CS,13
0.14513286241528256,3.491027759484065e-7,CS,13.100000000000001
0.1476454503321644,3.491027759484065e-7,CS,13.200000000000001
0.15018540894921892,3.491027759484065e-7,CS,13.3
0.15275274430996286,3.491027759484065e-7,CS,13.4
0.1553474524263072,3.491027759484065e-7,CS,13.5
0.15796951891055036,3.491027759484065e-7,CS,13.600000000000001
0.16061891859752478,3.491027759484065e-7,CS,13.700000000000001
0.16329561515666885,3.491027759484065e-7,CS,13.8
0.16599956069378746,3.491027759484065e-7,CS,13.9
0.1687306953422636,3.491027759484065e-7,CS,14
0.1714889468434739,3.491027759484065e-7,CS,14.100000000000001
0.17427423011616033,3.491027759484065e-7,CS,14.200000000000001
0.17708644681450017,3.491027759484065e-7,CS,14.3
0.17992548487461513,3.491027759484065e-7,CS,14.4
0.18279121804925152,3.491027759484065e-7,CS,14.5
0.1856835054303606,3.491027759484065e-7,CS,14.600000000000001
0.18860219095929925,3.491027759484065e-7,CS,14.700000000000001
0.19154710292436902,3.491027759484065e-7,CS,14.8
0.19451805344540102,3.491027759484065e-7,CS,14.9
0.1975148379450924,3.491027759484065e-7,CS,15
0.20053723460679054,3.491027759484065e-7,CS,15.100000000000001
0.20358500381841615,3.491027759484065e-7,CS,15.200000000000001
0.20665788760221004,3.491027759484065e-7,CS,15.3
0.2097556090299809,3.491027759484065e-7,CS,15.4
0.21287787162352412,3.491027759484065e-7,CS,15.5
0.2160243587398774,3.491027759484065e-7,CS,15.600000000000001
0.21919473294106792,3.491027759484065e-7,CS,15.700000000000001
0.2223886353480017,3.491027759484065e-7,CS,15.8
0.2256056849781365,3.491027759484065e-7,CS,15.9
0.22884547806657346,3.491027759484065e-7,CS,16
0.23210758737019369,3.491027759484065e-7,CS,16.1
0.2353915614544586,3.491027759484065e-7,CS,16.200000000000003
0.23869692396248574,3.491027759484065e-7,CS,16.3
0.24202317286600217,3.491027759484065e-7,CS,16.4
0.24536977969776946,3.491027759484065e-7,CS,16.5
0.24873618876506667,3.491027759484065e-7,CS,16.6
0.25212181634380815,3.491027759484065e-7,CS,16.700000000000003
0.2555260498528655,3.491027759484065e-7,CS,16.8
0.25894824700815117,3.491027759484065e-7,CS,16.9
0.2623877349560145,3.491027759484065e-7,CS,17
0.2658438093854914,3.491027759484065e-7,CS,17.1
0.26931573361893807,3.491027759484065e-7,CS,17.200000000000003
0.2728027376805701,3.491027759484065e-7,CS,17.3
0.2763040173424182,3.491027759484065e-7,CS,17.4
0.2798187331472016,3.491027759484065e-7,CS,17.5
0.2833460094076096,3.491027759484065e-7,CS,17.6
0.28688493318147235,3.491027759484065e-7,CS,17.700000000000003
0.29043455322228845,3.491027759484065e-7,CS,17.8
0.2939938789045695,3.491027759484065e-7,CS,17.9
0.2975618791234467,3.491027759484065e-7,CS,18
0.30113748116797673,3.491027759484065e-7,CS,18.1
0.3047195695675697,3.491027759484065e-7,CS,18.200000000000003
0.30830698491095176,3.491027759484065e-7,CS,18.3
0.3118985226370617,3.491027759484065e-7,CS,18.4
0.3154929317972692,3.491027759484065e-7,CS,18.5
0.31908891378828896,3.491027759484065e-7,CS,18.6
0.3226851210551525,3.491027759484065e-7,CS,18.700000000000003
0.3262801557635888,3.491027759484065e-7,CS,18.8
0.32987256844114426,3.491027759484065e-7,CS,18.9
0.3334608565863674,3.491027759484065e-7,CS,19
0.3370434632453647,3.491027759484065e-7,CS,19.1
0.3406187755550206,3.491027759484065e-7,CS,19.2
0.34418512325216144,3.491027759484065e-7,CS,19.3
0.34774077714792584,3.491027759484065e-7,CS,19.400000000000002
0.35128394756659176,3.491027759484065e-7,CS,19.5
0.35481278274809486,3.491027759484065e-7,CS,19.6
0.358325367213452,3.491027759484065e-7,CS,19.7
0.3618197200922971,3.491027759484065e-7,CS,19.8
0.3652937934117107,3.491027759484065e-7,CS,19.900000000000002
0.3687454703455137,3.491027759484065e-7,CS,20
0.3721725634231783,3.491027759484065e-7,CS,20.1
0.3755728126974885,3.491027759484065e-7,CS,20.2
0.3789438838700693,3.491027759484065e-7,CS,20.3
0.38228336637388194,3.491027759484065e-7,CS,20.400000000000002
0.38558877141176656,3.491027759484065e-7,CS,20.5
0.3888575299500962,3.491027759484065e-7,CS,20.6
0.3920869906665791,3.491027759484065e-7,CS,20.7
0.39527441785124134,3.491027759484065e-7,CS,20.8
0.39841698925958574,3.491027759484065e-7,CS,20.900000000000002
0.40151179391691455,3.491027759484065e-7,CS,21
0.4045558298727779,3.491027759484065e-7,CS,21.1
0.407546001904489,3.491027759484065e-7,CS,21.2
0.4104791191686282,3.491027759484065e-7,CS,21.3
0.41335189279943174,3.491027759484065e-7,CS,21.400000000000002
0.41616093345294347,3.491027759484065e-7,CS,21.5
0.4189027487957839,3.491027759484065e-7,CS,21.6
0.42157374093736344,3.491027759484065e-7,CS,21.7
0.4241702038043501,3.491027759484065e-7,CS,21.8
0.4266883204561729,3.491027759484065e-7,CS,21.900000000000002
0.4291241603403182,3.491027759484065e-7,CS,22
0.43147367648615487,3.491027759484065e-7,CS,22.1
0.4337327026359929,3.491027759484065e-7,CS,22.200000000000003
0.4358969503120587,3.491027759484065e-7,CS,22.3
0.4379620058180429,3.491027759484065e-7,CS,22.400000000000002
0.4399233271738456,3.491027759484065e-7,CS,22.5
0.4417762409821263,3.491027759484065e-7,CS,22.6
0.44351593922522026,3.491027759484065e-7,CS,22.700000000000003
0.44513747599097847,3.491027759484065e-7,CS,22.8
0.446635764126034,3.491027759484065e-7,CS,22.900000000000002
0.44800557181498696,3.491027759484065e-7,CS,23
0.44924151908396,3.491027759484065e-7,CS,23.1
0.4503380742269488,3.491027759484065e-7,CS,23.200000000000003
0.451289550153359,3.491027759484065e-7,CS,23.3
0.45209010065509114,3.491027759484065e-7,CS,23.400000000000002
0.4527337165914978,3.491027759484065e-7,CS,23.5
0.45321422199051276,3.491027759484065e-7,CS,23.6
0.45352527006420396,3.491027759484065e-7,CS,23.700000000000003
0.45366033913698445,3.491027759484065e-7,CS,23.8
0.4536127284846627,3.491027759484065e-7,CS,23.900000000000002
0.45337555408249297,3.491027759484065e-7,CS,24
0.4529417442603389,3.491027759484065e-7,CS,24.1
0.45230403526303103,3.491027759484065e-7,CS,24.200000000000003
0.4514549667139612,3.491027759484065e-7,CS,24.3
0.4503868769799131,3.491027759484065e-7,CS,24.400000000000002
0.4490918984350952,3.491027759484065e-7,CS,24.5
0.44756195262229864,3.491027759484065e-7,CS,24.6
0.44578874530905677,3.491027759484065e-7,CS,24.700000000000003
0.4437637614366523,3.491027759484065e-7,CS,24.8
0.44147825995976403,3.491027759484065e-7,CS,24.900000000000002
0.4389232685745082,3.491027759484065e-7,CS,25
0.43608957833258016,3.491027759484065e-7,CS,25.1
0.43296773813916534,3.491027759484065e-7,CS,25.200000000000003
0.4295480491322295,3.491027759484065e-7,CS,25.3
0.4258205589407623,3.491027759484065e-7,CS,25.400000000000002
0.4217750558194968,3.491027759484065e-7,CS,25.5
0.4174010626575737,3.491027759484065e-7,CS,25.6
0.4126878308585802,3.491027759484065e-7,CS,25.700000000000003
0.4076243340893269,3.491027759484065e-7,CS,25.8
0.40219926189469274,3.491027759484065e-7,CS,25.900000000000002
0.39640101317579995,3.491027759484065e-7,CS,26
0.39021768952873376,3.491027759484065e-7,CS,26.1
0.38363708844096994,3.491027759484065e-7,CS,26.200000000000003
0.37664669634260783,3.491027759484065e-7,CS,26.3
0.3692336815094602,3.491027759484065e-7,CS,26.400000000000002
0.36138488681498726,3.491027759484065e-7,CS,26.5
0.35308682232800387,3.491027759484065e-7,CS,26.6
0.344325657753027,3.491027759484065e-7,CS,26.700000000000003
0.3350872147100773,3.491027759484065e-7,CS,26.8
0.3253569588506711,3.491027759484065e-7,CS,26.900000000000002
0.31511999180669714,3.491027759484065e-7,CS,27
0.3043610429687769,3.491027759484065e-7,CS,27.1
0.2930644610906793,3.491027759484065e-7,CS,27.200000000000003
0.2812142057162554,3.491027759484065e-7,CS,27.3
0.26879383842531435,3.491027759484065e-7,CS,27.400000000000002
0.25578651389478996,3.491027759484065e-7,CS,27.5
0.24217497077145575,3.491027759484065e-7,CS,27.6
0.2279415223524084,3.491027759484065e-7,CS,27.700000000000003
0.2130680470694257,3.491027759484065e-7,CS,27.8
0.19753597877325962,3.491027759484065e-7,CS,27.900000000000002
0.18132629681384146,3.491027759484065e-7,CS,28
0.16441951591227918,3.491027759484065e-7,CS,28.1
0.14679567582048073,3.491027759484065e-7,CS,28.200000000000003
0.12843433076411886,3.491027759484065e-7,CS,28.3
0.10931453866459791,3.491027759484065e-7,CS,28.400000000000002
0.089414850135590307,3.491027759484065e-7,CS,28.5
0.06871329724960858,3.491027759484065e-7,CS,28.6
0.04718738207002605,3.491027759484065e-7,CS,28.700000000000003
0.024814064943825775,3.491027759484065e-7,CS,28.8
0.0015697525503033864,3.491027759484065e-7,CS,28.900000000000002
-0.02256971429915879,3.491027759484065e-7,CS,29
-0.04762907311523581,3.491027759484065e-7,CS,29.1
-0.07363365244377032,3.491027759484065e-7,CS,29.200000000000003
-0.1006093848430531,3.491027759484065e-7,CS,29.3
-0.12858282013052058,3.491027759484065e-7,CS,29.400000000000002
-0.1575811389042402,3.491027759484065e-7,CS,29.5
-0.18763216634469526,3.491027759484065e-7,CS,29.6
-0.21876438630240178,3.491027759484065e-7,CS,29.700000000000003
-0.2510069556770962,3.491027759484065e-7,CS,29.8
-0.28438971909426425,3.491027759484065e-7,CS,29.900000000000002
-0.3189432238849361,3.491027759484065e-7,CS,30
-0.3546987353747817,3.491027759484065e-7,CS,30.1
-0.39168825248862593,3.491027759484065e-7,CS,30.200000000000003
-0.42994452367668223,3.491027759484065e-7,CS,30.3
-0.4695010631688581,3.491027759484065e-7,CS,30.400000000000002
-0.5103921675636441,3.491027759484065e-7,CS,30.5
-0.5526529327582329,3.491027759484065e-7,CS,30.6
-0.5963192712266111,3.491027759484065e-7,CS,30.700000000000003
-0.6414279296525184,3.491027759484065e-7,CS,30.8
-0.688016506924305,3.491027759484065e-7,CS,30.900000000000002
-0.736123472498816,3.491027759484065e-7,CS,31
-0.785788185141649,3.491027759484065e-7,CS,31.1
-0.8370509120511522,3.491027759484065e-7,CS,31.200000000000003
-0.8899528483737976,3.491027759484065e-7,CS,31.3
-0.9445361371186348,3.491027759484065e-7,CS,31.400000000000002
-1.0008438894786666,3.491027759484065e-7,CS,31.5
-1.058920205567226,3.491027759484065e-7,CS,31.6
-1.1188101955774643,3.491027759484065e-7,CS,31.700000000000003
-1.1805600013733517,3.491027759484065e-7,CS,31.8
-1.2442168185206328,3.491027759484065e-7,CS,31.900000000000002
-1.3098289187663843,3.491027759484065e-7,CS,32
-1.3774456729760731,3.491027759484065e-7,CS,32.1
-1.447117574536994,3.491027759484065e-7,CS,32.2
-1.5188962632373348,3.491027759484065e-7,CS,32.3
-1.5928345496301846,3.491027759484065e-7,CS,32.400000000000006
-1.6689864398919312,3.491027759484065e-7,CS,32.5
-1.7474071611849131,3.491027759484065e-7,CS,32.6
-1.8281531875339716,3.491027759484065e-7,CS,32.7
-1.9112822662271933,3.491027759484065e-7,CS,32.8
-1.9968534447510047,3.491027759484065e-7,CS,32.900000000000006
-2.084927098269993,3.491027759484065e-7,CS,33
-2.1755649576623806,3.491027759484065e-7,CS,33.1
-2.268830138121652,3.491027759484065e-7,CS,33.2
-2.36478716833571,3.491027759484065e-7,CS,33.3
-2.4635020202547055,3.491027759484065e-7,CS,33.400000000000006
-2.5650421394589524,3.491027759484065e-7,CS,33.5
-2.669476476138907,3.491027759484065e-7,CS,33.6
-2.776875516698803,3.491027759484065e-7,CS,33.7
-2.887311315996379,3.491027759484065e-7,CS,33.8
-3.000857530231001,3.491027759484065e-7,CS,33.900000000000006
-3.1175894504926878,3.491027759484065e-7,CS,34
-3.237584036985194,3.491027759484065e-7,CS,34.1
-3.3609199539359182,3.491027759484065e-7,CS,34.2
-3.4876776052062786,3.491027759484065e-7,CS,34.3
-3.617939170616068,3.491027759484065e-7,CS,34.400000000000006
-3.75178864299553,3.491027759484065e-7,CS,34.5
-3.8893118659796424,3.491027759484065e-7,CS,34.6
-4.030596572558579,3.491027759484065e-7,CS,34.7
-4.175732424399371,3.491027759484065e-7,CS,34.8
-4.3248110519535805,3.491027759484065e-7,CS,34.900000000000006
-4.477926095366146,3.491027759484065e-7,CS,35
-4.635173246201226,3.491027759484065e-7,CS,35.1
-4.796650290000425,3.491027759484065e-7,CS,35.2
-4.962457149689925,3.491027759484065e-7,CS,35.300000000000004
-5.13269592985271,3.491027759484065e-7,CS,35.4
-5.3074709618827605,3.491027759484065e-7,CS,35.5
-5.48688885003806,3.491027759484065e-7,CS,35.6
-5.671058518410114,3.491027759484065e-7,CS,35.7
-5.860091258827372,3.491027759484065e-7,CS,35.800000000000004
-6.0541007797107484,3.491027759484065e-7,CS,35.9
-6.253203255899672,3.491027759484065e-7,CS,36
-6.457517379467151,3.491027759484065e-7,CS,36.1
-6.667164411543237,3.491027759484065e-7,CS,36.2
-6.8822682351660704,3.491027759484065e-7,CS,36.300000000000004
-7.102955409180482,3.491027759484065e-7,CS,36.4
-7.329355223204256,3.491027759484065e-7,CS,36.5
-7.5615997536825255,3.491027759484065e-7,CS,36.6
-7.799823921051439,3.491027759484065e-7,CS,36.7
-8.044165548032293,3.491027759484065e-7,CS,36.800000000000004
-8.294765419077818,3.491027759484065e-7,CS,36.9
-8.551767340993091,3.491027759484065e-7,CS,37
-8.81531820475304,3.491027759484065e-7,CS,37.1
-9.085568048540173,3.491027759484065e-7,CS,37.2
-9.362670122025566,3.491027759484065e-7,CS,37.300000000000004
-9.646780951917034,3.491027759484065e-7,CS,37.4
-9.93806040879892,3.491027759484065e-7,CS,37.5
-10.236671775288022,3.491027759484065e-7,CS,37.6
-10.542781815531145,3.491027759484065e-7,CS,37.7
-10.856560846069856,3.491027759484065e-7,CS,37.800000000000004
-11.178182808098583,3.491027759484065e-7,CS,37.9
-11.507825341142885,3.491027759484065e-7,CS,38
-0.21861937702780138,5.3623229773549985,TT,3
-0.21270859883092638,5.3623229773549985,TT,3.1
-0.20676812494823188,5.3623229773549985,TT,3.2
-0.20079804061794948,5.3623229773549985,TT,3.3
-0.19479843420974138,5.3623229773549985,TT,3.4
-0.188769397263766,5.3623229773549985,TT,3.5
-0.18271102453012084,5.3623229773549985,TT,3.6
-0.17662341400866413,5.3623229773549985,TT,3.7
-0.17050666698921568,5.3623229773549985,TT,3.8
-0.16436088809214436,5.3623229773549985,TT,3.9
-0.1581861853093421,5.3623229773549985,TT,4
-0.15198267004559066,5.3623229773549985,TT,4.1
-0.14575045716032023,5.3623229773549985,TT,4.2
-0.1394896650097679,5.3623229773549985,TT,4.3
-0.1332004154895373,5.3623229773549985,TT,4.4
-0.12688283407756015,5.3623229773549985,TT,4.5
-0.12053704987746891,5.3623229773549985,TT,4.6
-0.1141631956623783,5.3623229773549985,TT,4.7
-0.10776140791908237,5.3623229773549985,TT,4.8
-0.1013318268926707,5.3623229773549985,TT,4.9
-0.09487459663156374,5.3623229773549985,TT,5
-0.08838986503297593,5.3623229773549985,TT,5.1
-0.08187778388880677,5.3623229773549985,TT,5.2
-0.07533850893196295,5.3623229773549985,TT,5.300000000000001
-0.06877219988311825,5.3623229773549985,TT,5.4
-0.06217902049791268,5.3623229773549985,TT,5.5
-0.055559138614593315,5.3623229773549985,TT,5.6
-0.04891272620210428,5.3623229773549985,TT,5.7
-0.04223995940862575,5.3623229773549985,TT,5.800000000000001
-0.035541018610568846,5.3623229773549985,TT,5.9
-0.028816088462027007,5.3623229773549985,TT,6
-0.02206535794469081,5.3623229773549985,TT,6.1
-0.01528902041822832,5.3623229773549985,TT,6.2
-0.008487273671134608,5.3623229773549985,TT,6.300000000000001
-0.0016603199720561523,5.3623229773549985,TT,6.4
0.005191633878408955,5.3623229773549985,TT,6.5
0.012068376495427411,5.3623229773549985,TT,6.6
0.01896969185716304,5.3623229773549985,TT,6.7
0.025895359251518733,5.3623229773549985,TT,6.800000000000001
0.03284515322238445,5.3623229773549985,TT,6.9
0.039818843515389155,5.3623229773549985,TT,7
0.04681619502314925,5.3623229773549985,TT,7.1000000000000005
0.053836967730010905,5.3623229773549985,TT,7.2
0.06088091665628489,5.3623229773549985,TT,7.3
0.06794779180196318,5.3623229773549985,TT,7.4
0.07503733808991989,5.3623229773549985,TT,7.5
0.08214929530858851,5.3623229773549985,TT,7.6000000000000005
0.08928339805411073,5.3623229773549985,TT,7.7
0.09643937567195661,5.3623229773549985,TT,7.800000000000001
0.10361695219800487,5.3623229773549985,TT,7.9
0.1108158462990869,5.3623229773549985,TT,8
0.11803577121298256,5.3623229773549985,TT,8.100000000000001
0.1252764346878692,5.3623229773549985,TT,8.2
0.13253753892121614,5.3623229773549985,TT,8.3
0.13981878049811938,5.3623229773549985,TT,8.4
0.14711985032907626,5.3623229773549985,TT,8.5
0.15444043358719037,5.3623229773549985,TT,8.600000000000001
0.16178020964480427,5.3623229773549985,TT,8.7
0.16913885200955775,5.3623229773549985,TT,8.8
0.1765160282598611,5.3623229773549985,TT,8.9
0.1839113999797846,5.3623229773549985,TT,9
0.19132462269335612,5.3623229773549985,TT,9.100000000000001
0.1987553457982621,5.3623229773549985,TT,9.2
0.2062032124989488,5.3623229773549985,TT,9.3
0.21366785973911673,5.3623229773549985,TT,9.4
0.22114891813360527,5.3623229773549985,TT,9.5
0.2286460118996609,5.3623229773549985,TT,9.600000000000001
0.23615875878758477,5.3623229773549985,TT,9.7
0.24368677001075603,5.3623229773549985,TT,9.8
0.25122965017502086,5.3623229773549985,TT,9.9
0.2587869972074497,5.3623229773549985,TT,10
0.2663584022844501,5.3623229773549985,TT,10.100000000000001
0.2739434497592343,5.3623229773549985,TT,10.2
0.2815417170886361,5.3623229773549985,TT,10.3
0.2891527747592686,5.3623229773549985,TT,10.4
0.2967761862130213,5.3623229773549985,TT,10.5
0.3044115077718899,5.3623229773549985,TT,10.600000000000001
0.31205828856213086,5.3623229773549985,TT,10.7
0.31971607043774036,5.3623229773549985,TT,10.8
0.3273843879032456,5.3623229773549985,TT,10.9
0.3350627680358107,5.3623229773549985,TT,11
0.34275073040664367,5.3623229773549985,TT,11.1
0.3504477870017052,5.3623229773549985,TT,11.200000000000001
0.358153442141709,5.3623229773549985,TT,11.3
0.3658671924014118,5.3623229773549985,TT,11.4
0.3735885265281839,5.3623229773549985,TT,11.5
0.3813169253598569,5.3623229773549985,TT,11.6
0.3890518617418416,5.3623229773549985,TT,11.700000000000001
0.3967928004435095,5.3623229773549985,TT,11.8
0.40453919807383515,5.3623229773549985,TT,11.9
0.4122905029962884,5.3623229773549985,TT,12
0.4200461552429753,5.3623229773549985,TT,12.1
0.42780558642801875,5.3623229773549985,TT,12.200000000000001
0.4355682196601728,5.3623229773549985,TT,12.3
0.44333346945466656,5.3623229773549985,TT,12.4
0.4511007416442701,5.3623229773549985,TT,12.5
0.45886943328957414,5.3623229773549985,TT,12.600000000000001
0.4666389325884816,5.3623229773549985,TT,12.700000000000001
0.4744086187849012,5.3623229773549985,TT,12.8
0.4821778620766376,5.3623229773549985,TT,12.9
0.48994602352247263,5.3623229773549985,TT,13
0.49771245494842925,5.3623229773549985,TT,13.100000000000001
0.5054764988532133,5.3623229773549985,TT,13.200000000000001
0.5132374883128265,5.3623229773549985,TT,13.3
0.5209947468843422,5.3623229773549985,TT,13.4
0.5287475885088396,5.3623229773549985,TT,13.5
0.5364953174134879,5.3623229773549985,TT,13.600000000000001
0.5442372280127734,5.3623229773549985,TT,13.700000000000001
0.5519726048088662,5.3623229773549985,TT,13.8
0.559700722291114,5.3623229773549985,TT,13.9
0.5674208448346609,5.3623229773549985,TT,14
0.5751322265981808,5.3623229773549985,TT,14.100000000000001
0.582834111420721,5.3623229773549985,TT,14.200000000000001
0.5905257327176475,5.3623229773549985,TT,14.3
0.5982063133756851,5.3623229773549985,TT,14.4
0.605875065647044,5.3623229773549985,TT,14.5
0.6135311910426282,5.3623229773549985,TT,14.600000000000001
0.6211738802243156,5.3623229773549985,TT,14.700000000000001
0.6288023128963051,5.3623229773549985,TT,14.8
0.6364156576955197,5.3623229773549985,TT,14.9
0.6440130720810628,5.3623229773549985,TT,15
0.6515937022227162,5.3623229773549985,TT,15.100000000000001
0.6591566828884717,5.3623229773549985,TT,15.200000000000001
0.6667011373310955,5.3623229773549985,TT,15.3
0.674226177173708,5.3623229773549985,TT,15.4
0.6817309022943782,5.3623229773549985,TT,15.5
0.689214400709722,5.3623229773549985,TT,15.600000000000001
0.6966757484574968,5.3623229773549985,TT,15.700000000000001
0.7041140094781871,5.3623229773549985,TT,15.8
0.7115282354955665,5.3623229773549985,TT,15.9
0.7189174658962365,5.3623229773549985,TT,16
0.7262807276081272,5.3623229773549985,TT,16.1
0.7336170349779548,5.3623229773549985,TT,16.200000000000003
0.7409253896476278,5.3623229773549985,TT,16.3
0.7482047804295925,5.3623229773549985,TT,16.4
0.7554541831811101,5.3623229773549985,TT,16.5
0.7626725606774553,5.3623229773549985,TT,16.6
0.7698588624840309,5.3623229773549985,TT,16.700000000000003
0.7770120248273885,5.3623229773549985,TT,16.8
0.7841309704651442,5.3623229773549985,TT,16.9
0.7912146085547856,5.3623229773549985,TT,17
0.7982618345213558,5.3623229773549985,TT,17.1
0.8052715299240101,5.3623229773549985,TT,17.200000000000003
0.8122425623214342,5.3623229773549985,TT,17.3
0.8191737851361167,5.3623229773549985,TT,17.4
0.8260640375174626,5.3623229773549985,TT,17.5
0.8329121442037447,5.3623229773549985,TT,17.6
0.8397169153828791,5.3623229773549985,TT,17.700000000000003
0.8464771465520183,5.3623229773549985,TT,17.8
0.8531916183759518,5.3623229773549985,TT,17.9
0.859859096544303,5.3623229773549985,TT,18
0.8664783316275152,5.3623229773549985,TT,18.1
0.8730480589316186,5.3623229773549985,TT,18.200000000000003
0.8795669983517628,5.3623229773549985,TT,18.3
0.8860338542245135,5.3623229773549985,TT,18.4
0.8924473151788963,5.3623229773549985,TT,18.5
0.89880605398618,5.3623229773549985,TT,18.6
0.9051087274083935,5.3623229773549985,TT,18.700000000000003
0.9113539760455611,5.3623229773549985,TT,18.8
0.917540424181648,5.3623229773549985,TT,18.9
0.923666679629208,5.3623229773549985,TT,19
0.9297313335727178,5.3623229773549985,TT,19.1
0.9357329604105954,5.3623229773549985,TT,19.2
0.9416701175958861,5.3623229773549985,TT,19.3
0.9475413454756081,5.3623229773549985,TT,19.400000000000002
0.9533451671287457,5.3623229773549985,TT,19.5
0.9590800882028836,5.3623229773549985,TT,19.6
0.9647445967494657,5.3623229773549985,TT,19.7
0.970337163057673,5.3623229773549985,TT,19.8
0.9758562394869078,5.3623229773549985,TT,19.900000000000002
0.9813002602978695,5.3623229773549985,TT,20
0.9866676414822219,5.3623229773549985,TT,20.1
0.9919567805908265,5.3623229773549985,TT,20.2
0.9971660565605415,5.3623229773549985,TT,20.3
1.0022938295395738,5.3623229773549985,TT,20.400000000000002
1.0073384407113664,5.3623229773549985,TT,20.5
1.0122982121170176,5.3623229773549985,TT,20.6
1.017171446476216,5.3623229773549985,TT,20.7
1.0219564270066812,5.3623229773549985,TT,20.8
1.026651417242099,5.3623229773549985,TT,20.900000000000002
1.0312546608485376,5.3623229773549985,TT,21
1.0357643814393351,5.3623229773549985,TT,21.1
1.040178782388446,5.3623229773549985,TT,21.2
1.0444960466422344,5.3623229773549985,TT,21.3
1.0487143365296998,5.3623229773549985,TT,21.400000000000002
1.0528317935711287,5.3623229773549985,TT,21.5
1.0568465382851537,5.3623229773549985,TT,21.6
1.0607566699942126,5.3623229773549985,TT,21.7
1.0645602666283918,5.3623229773549985,TT,21.8
1.0682553845276428,5.3623229773549985,TT,21.900000000000002
1.0718400582423615,5.3623229773549985,TT,22
1.075312300332312,5.3623229773549985,TT,22.1
1.078670101163887,5.3623229773549985,TT,22.200000000000003
1.0819114287056932,5.3623229773549985,TT,22.3
1.0850342283224406,5.3623229773549985,TT,22.400000000000002
1.0880364225671322,5.3623229773549985,TT,22.5
1.0909159109715365,5.3623229773549985,TT,22.6
1.093670569834928,5.3623229773549985,TT,22.700000000000003
1.0962982520110858,5.3623229773549985,TT,22.8
1.0987967866935346,5.3623229773549985,TT,22.900000000000002
1.1011639791990162,5.3623229773549985,TT,23
1.103397610749176,5.3623229773549985,TT,23.1
1.1054954382504523,5.3623229773549985,TT,23.200000000000003
1.1074551940721542,5.3623229773549985,TT,23.3
1.1092745858227129,5.3623229773549985,TT,23.400000000000002
1.1109512961240946,5.3623229773549985,TT,23.5
1.1124829823843614,5.3623229773549985,TT,23.6
1.1138672765683588,5.3623229773549985,TT,23.700000000000003
1.1151017849665268,5.3623229773549985,TT,23.8
1.1161840879618115,5.3623229773549985,TT,23.900000000000002
1.117111739794665,5.3623229773549985,TT,24
1.1178822683261227,5.3623229773549985,TT,24.1
1.1184931747989335,5.3623229773549985,TT,24.200000000000003
1.1189419335967425,5.3623229773549985,TT,24.3
1.1192259920012961,5.3623229773549985,TT,24.400000000000002
1.119342769947666,5.3623229773549985,TT,24.5
1.11928965977747,5.3623229773549985,TT,24.6
1.1190640259900775,5.3623229773549985,TT,24.700000000000003
1.1186632049917842,5.3623229773549985,TT,24.8
1.1180845048429364,5.3623229773549985,TT,24.900000000000002
1.1173252050029978,5.3623229773549985,TT,25
1.1163825560735319,5.3623229773549985,TT,25.1
1.1152537795390953,5.3623229773549985,TT,25.200000000000003
1.1139360675060166,5.3623229773549985,TT,25.3
1.1124265824390496,5.3623229773549985,TT,25.400000000000002
1.110722456895887,5.3623229773549985,TT,25.5
1.1088207932595078,5.3623229773549985,TT,25.6
1.106718663468359,5.3623229773549985,TT,25.700000000000003
1.104413108744334,5.3623229773549985,TT,25.8
1.1019011393185523,5.3623229773549985,TT,25.900000000000002
1.0991797341549059,5.3623229773549985,TT,26
1.096245840671366,5.3623229773549985,TT,26.1
1.0930963744590316,5.3623229773549985,TT,26.200000000000003
1.0897282189988977,5.3623229773549985,TT,26.3
1.0861382253763303,5.3623229773549985,TT,26.400000000000002
1.0823232119932313,5.3623229773549985,TT,26.5
1.078279964277871,5.3623229773549985,TT,26.6
1.0740052343923783,5.3623229773549985,TT,26.700000000000003
1.0694957409378585,5.3623229773549985,TT,26.8
1.0647481686571356,5.3623229773549985,TT,26.900000000000002
1.05975916813509,5.3623229773549985,TT,27
1.0545253554965768,5.3623229773549985,TT,27.1
1.0490433121019072,5.3623229773549985,TT,27.200000000000003
1.0433095842398745,5.3623229773549985,TT,27.3
1.0373206828183044,5.3623229773549985,TT,27.400000000000002
1.0310730830521118,5.3623229773549985,TT,27.5
1.0245632241488443,5.3623229773549985,TT,27.6
1.017787508991698,5.3623229773549985,TT,27.700000000000003
1.010742303819978,5.3623229773549985,TT,27.8
1.0034239379069914,5.3623229773549985,TT,27.900000000000002
0.9958287032353511,5.3623229773549985,TT,28
0.9879528541696686,5.3623229773549985,TT,28.1
0.9797926071266212,5.3623229773549985,TT,28.200000000000003
0.9713441402423675,5.3623229773549985,TT,28.3
0.962603593037296,5.3623229773549985,TT,28.400000000000002
0.9535670660780852,5.3623229773549985,TT,28.5
0.9442306206370514,5.3623229773549985,TT,28.6
0.9345902783487717,5.3623229773549985,TT,28.700000000000003
0.924642020863954,5.3623229773549985,TT,28.8
0.9143817895005337,5.3623229773549985,TT,28.900000000000002
0.9038054848919858,5.3623229773549985,TT,29
0.8929089666328142,5.3623229773549985,TT,29.1
0.8816880529212149,5.3623229773549985,TT,29.200000000000003
0.8701385201988814,5.3623229773549985,TT,29.3
0.858256102787929,5.3623229773549985,TT,29.400000000000002
0.8460364925249272,5.3623229773549985,TT,29.5
0.8334753383920037,5.3623229773549985,TT,29.6
0.8205682461450154,5.3623229773549985,TT,29.700000000000003
0.8073107779387446,5.3623229773549985,TT,29.8
0.7936984519491133,5.3623229773549985,TT,29.900000000000002
0.7797267419923913,5.3623229773549985,TT,30
0.7653910771413626,5.3623229773549985,TT,30.1
0.7506868413384455,5.3623229773549985,TT,30.200000000000003
0.7356093730057337,5.3623229773549985,TT,30.3
0.7201539646519282,5.3623229773549985,TT,30.400000000000002
0.7043158624761569,5.3623229773549985,TT,30.5
0.6880902659686366,5.3623229773549985,TT,30.6
0.6714723275081691,5.3623229773549985,TT,30.700000000000003
0.6544571519564405,5.3623229773549985,TT,30.8
0.6370397962490978,5.3623229773549985,TT,30.900000000000002
0.6192152689835889,5.3623229773549985,TT,31
0.6009785300037284,5.3623229773549985,TT,31.1
0.5823244899809767,5.3623229773549985,TT,31.200000000000003
0.5632480099923968,5.3623229773549985,TT,31.3
0.5437439010952716,5.3623229773549985,TT,31.400000000000002
0.5238069238983593,5.3623229773549985,TT,31.5
0.503431788129745,5.3623229773549985,TT,31.6
0.48261315220128886,5.3623229773549985,TT,31.700000000000003
0.4613456227696219,5.3623229773549985,TT,31.8
0.4396237542936731,5.3623229773549985,TT,31.900000000000002
0.41744204858871015,5.3623229773549985,TT,32
0.39479495437684836,5.3623229773549985,TT,32.1
0.3716768668340213,5.3623229773549985,TT,32.2
0.348082127133374,5.3623229773549985,TT,32.3
0.32400502198504955,5.3623229773549985,TT,32.400000000000006
0.29943978317237185,5.3623229773549985,TT,32.5
0.27438058708433494,5.3623229773549985,TT,32.6
0.2488215542444515,5.3623229773549985,TT,32.7
0.22275674883586652,5.3623229773549985,TT,32.8
0.19618017822273542,5.3623229773549985,TT,32.900000000000006
0.16908579246786343,5.3623229773549985,TT,33
0.1414674838465077,5.3623229773549985,TT,33.1
0.11331908635640184,5.3623229773549985,TT,33.2
0.08463437522390894,5.3623229773549985,TT,33.3
0.055407066406290055,5.3623229773549985,TT,33.400000000000006
0.025630816090098468,5.3623229773549985,TT,33.5
-0.004700779814413035,5.3623229773549985,TT,33.6
-0.03559418618279765,5.3623229773549985,TT,33.7
-0.0670559291899477,5.3623229773549985,TT,33.8
-0.09909259682765235,5.3623229773549985,TT,33.900000000000006
-0.13171083942617576,5.3623229773549985,TT,34
-0.1649173701799785,5.3623229773549985,TT,34.1
-0.19871896567749128,5.3623229773549985,TT,34.2
-0.23312246643507542,5.3623229773549985,TT,34.3
-0.268134777435157,5.3623229773549985,TT,34.400000000000006
-0.3037628686685296,5.3623229773549985,TT,34.5
-0.3400137756809637,5.3623229773549985,TT,34.6
-0.3768946001240144,5.3623229773549985,TT,34.7
-0.41441251031017584,5.3623229773549985,TT,34.8
-0.4525747417723702,5.3623229773549985,TT,34.900000000000006
-0.4913885978277573,5.3623229773549985,TT,35
-0.5308614501460098,5.3623229773549985,TT,35.1
-0.5710007393219614,5.3623229773549985,TT,35.2
-0.6118139754527452,5.3623229773549985,TT,35.300000000000004
-0.6533087387194245,5.3623229773549985,TT,35.4
-0.6954926799731653,5.3623229773549985,TT,35.5
-0.7383735213259383,5.3623229773549985,TT,35.6
-0.7819590567458549,5.3623229773549985,TT,35.7
-0.8262571526571194,5.3623229773549985,TT,35.800000000000004
-0.8712757485446364,5.3623229773549985,TT,35.9
-0.9170228575633473,5.3623229773549985,TT,36
-0.9635065671522645,5.3623229773549985,TT,36.1
-1.0107350396533024,5.3623229773549985,TT,36.2
-1.0587165129349045,5.3623229773549985,TT,36.300000000000004
-1.107459301020506,5.3623229773549985,TT,36.4
-1.1569717947218956,5.3623229773549985,TT,36.5
-1.2072624622774473,5.3623229773549985,TT,36.6
-1.258339849995341,5.3623229773549985,TT,36.7
-1.31021258290175,5.3623229773549985,TT,36.800000000000004
-1.3628893653940446,5.3623229773549985,TT,36.9
-1.416378981899087,5.3623229773549985,TT,37
-1.4706902975365646,5.3623229773549985,TT,37.1
-1.5258322587875117,5.3623229773549985,TT,37.2
-1.5818138941679811,5.3623229773549985,TT,37.300000000000004
-1.6386443149079148,5.3623229773549985,TT,37.4
-1.696332715635291,5.3623229773549985,TT,37.5
-1.7548883750655233,5.3623229773549985,TT,37.6
-1.814320656696213,5.3623229773549985,TT,37.7
-1.8746390095072492,5.3623229773549985,TT,37.800000000000004
-1.9358529686663288,5.3623229773549985,TT,37.9
-1.9979721562399109,5.3623229773549985,TT,38
