umax_temp,ks_temp,Species,temp
0.033899806122136694,1.776185178237165,AC,3
0.03442412731094147,1.8353913508450703,AC,3.1
0.03495655806556616,1.894597523452976,AC,3.2
0.035497223814963834,1.9538036960608811,AC,3.3
0.036046251928070865,2.013009868668787,AC,3.4
0.03660377174381226,2.0722160412766923,AC,3.5
0.03716991460157102,2.1314222138845977,AC,3.6
0.037744813872128836,2.1906283864925036,AC,3.7
0.038328604989085295,2.2498345591004085,AC,3.8
0.038921425480763064,2.3090407317083144,AC,3.9
0.0395234150026065,2.3682469043162198,AC,4
0.040134715370081425,2.427453076924125,AC,4.1
0.04075547059208375,2.486659249532031,AC,4.2
0.041385826904864705,2.545865422139936,AC,4.3
0.04202593280648099,2.605071594747842,AC,4.4
0.042675939091777554,2.664277767355747,AC,4.5
0.04333599888791159,2.7234839399636526,AC,4.6
0.04400626769042592,2.7826901125715584,AC,4.7
0.04468690339988027,2.841896285179464,AC,4.8
0.0453780663590492,2.901102457787369,AC,4.9
0.04607991939069537,2.9603086303952746,AC,5
0.04679262783592688,3.01951480300318,AC,5.1
0.0475163595931481,3.078720975611086,AC,5.2
0.048251285157612796,3.1379271482189917,AC,5.300000000000001
0.048997577661589006,3.197133320826897,AC,5.4
0.049755412915145306,3.256339493434802,AC,5.5
0.050524969447567646,3.3155456660427074,AC,5.6
0.051306428549417055,3.3747518386506132,AC,5.7
0.05209997431523757,3.433958011258519,AC,5.800000000000001
0.05290579368692493,3.4931641838664245,AC,5.9
0.053724076497765984,3.55237035647433,AC,6
0.05455501551715916,3.611576529082235,AC,6.1
0.05539880649602678,3.6707827016901406,AC,6.2
0.056255648212929554,3.7299888742980465,AC,6.300000000000001
0.05712574252089451,3.789195046905952,AC,6.4
0.05800929439496708,3.8484012195138573,AC,6.5
0.05890651198049875,3.9076073921217622,AC,6.6
0.05981760664218148,3.966813564729668,AC,6.7
0.06074279301384054,4.026019737337574,AC,6.800000000000001
0.061682289048997564,4.085225909945479,AC,6.9
0.06263631607221559,4.144432082553385,AC,7
0.06360509883123823,4.20363825516129,AC,7.1000000000000005
0.06458886554993526,4.2628444277691955,AC,7.2
0.06558784798206721,4.322050600377101,AC,7.3
0.0666022814658814,4.381256772985007,AC,7.4
0.0676324049795524,4.440462945592912,AC,7.5
0.06867846119748011,4.499669118200818,AC,7.6000000000000005
0.06974069654745846,4.558875290808723,AC,7.7
0.07081936126872831,4.618081463416629,AC,7.800000000000001
0.07191470947092841,4.677287636024534,AC,7.9
0.07302699919395797,4.7364938086324395,AC,8
0.07415649246876518,4.795699981240346,AC,8.100000000000001
0.0753034553790759,4.85490615384825,AC,8.2
0.07646815812407722,4.914112326456157,AC,8.3
0.07765087508207026,4.973318499064062,AC,8.4
0.07885188487510787,5.032524671671967,AC,8.5
0.08007147043463168,5.091730844279874,AC,8.600000000000001
0.0813099190681245,5.150937016887777,AC,8.7
0.08256752252679385,5.210143189495684,AC,8.8
0.08384457707430185,5.269349362103589,AC,8.9
0.08514138355655852,5.328555534711494,AC,9
0.08645824747259455,5.387761707319401,AC,9.100000000000001
0.08779547904652987,5.446967879927305,AC,9.2
0.08915339330065603,5.506174052535211,AC,9.3
0.090532310129648,5.565380225143117,AC,9.4
0.09193255437592475,5.624586397751022,AC,9.5
0.09335445590617479,5.6837925703589285,AC,9.600000000000001
0.09479834968906532,5.742998742966832,AC,9.7
0.09626457587415388,5.802204915574738,AC,9.8
0.09775347987201967,5.861411088182644,AC,9.9
0.09926541243563487,5.920617260790549,AC,10
0.10080072974299441,5.9798234333984555,AC,10.100000000000001
0.10235979348102334,6.03902960600636,AC,10.2
0.10394297093078277,6.098235778614266,AC,10.3
0.10555063505399259,6.157441951222172,AC,10.4
0.10718316458089361,6.216648123830077,AC,10.5
0.10884094409946778,6.275854296437983,AC,10.600000000000001
0.11052436414603851,6.335060469045888,AC,10.7
0.11223382129727283,6.394266641653794,AC,10.8
0.11396971826360565,6.453472814261699,AC,10.9
0.1157324639841099,6.512678986869604,AC,11
0.11752247372283313,6.571885159477509,AC,11.1
0.11934016916662497,6.631091332085416,AC,11.200000000000001
0.12118597852447696,6.690297504693321,AC,11.3
0.12306033662839931,6.7495036773012265,AC,11.4
0.12496368503585772,6.808709849909132,AC,11.5
0.1268964721337946,6.867916022517037,AC,11.6
0.12885915324425903,6.9271221951249435,AC,11.700000000000001
0.1308521907316707,6.986328367732849,AC,11.8
0.13287605411174286,7.045534540340754,AC,11.9
0.13493122016208975,7.10474071294866,AC,12
0.13701817303454492,7.163946885556564,AC,12.1
0.13913740436921673,7.2231530581644705,AC,12.200000000000001
0.14128941341030798,7.282359230772376,AC,12.3
0.1434747071237268,7.341565403380281,AC,12.4
0.14569380031651666,7.400771575988187,AC,12.5
0.14794721575813358,7.459977748596093,AC,12.600000000000001
0.150235484303599,7.519183921203998,AC,12.700000000000001
0.15255914501855766,7.578390093811904,AC,12.8
0.15491874530626953,7.637596266419809,AC,12.9
0.1573148410365659,7.6968024390277145,AC,13
0.15974799667680026,7.756008611635621,AC,13.100000000000001
0.16221878542482404,7.815214784243526,AC,13.200000000000001
0.1647277893440196,7.874420956851431,AC,13.3
0.1672755995004216,7.933627129459336,AC,13.4
0.16986281610195902,7.9928333020672415,AC,13.5
0.172490048639851,8.052039474675148,AC,13.600000000000001
0.17515791603218936,8.111245647283054,AC,13.700000000000001
0.17786704676974227,8.170451819890959,AC,13.8
0.18061807906401273,8.229657992498863,AC,13.9
0.18341166099758718,8.28886416510677,AC,14
0.1862484506768095,8.348070337714676,AC,14.100000000000001
0.18912911638681615,8.40727651032258,AC,14.200000000000001
0.19205433674896968,8.466482682930486,AC,14.3
0.19502480088072696,8.525688855538391,AC,14.4
0.1980412085579798,8.584895028146297,AC,14.5
0.2011042703799072,8.644101200754204,AC,14.600000000000001
0.20421470793637614,8.703307373362108,AC,14.700000000000001
0.207373253977933,8.762513545970014,AC,14.8
0.2105806525884231,8.821719718577919,AC,14.9
0.2138376593602804,8.880925891185823,AC,15
0.21714504157252845,8.94013206379373,AC,15.100000000000001
0.22050357837153461,8.999338236401636,AC,15.200000000000001
0.22391406095455968,9.05854440900954,AC,15.3
0.2273772927561461,9.117750581617447,AC,15.4
0.2308940896373903,9.176956754225351,AC,15.5
0.234465280078141,9.236162926833257,AC,15.600000000000001
0.23809170537217056,9.295369099441164,AC,15.700000000000001
0.24177421982536604,9.354575272049068,AC,15.8
0.2455136909569842,9.413781444656975,AC,15.9
0.24931099970402015,9.472987617264879,AC,16
0.2531670406287369,9.532193789872785,AC,16.1
0.25708272212940375,9.591399962480692,AC,16.200000000000003
0.26105896665429607,9.650606135088596,AC,16.3
0.2650967109190026,9.7098123076965,AC,16.4
0.26919690612709635,9.769018480304407,AC,16.5
0.27336051819421553,9.828224652912313,AC,16.6
0.27758852797561334,9.88743082552022,AC,16.700000000000003
0.281881931497225,9.946636998128124,AC,16.8
0.2862417401903107,10.005843170736028,AC,16.9
0.2906689811297249,10.065049343343935,AC,17
0.2951646972758739,10.124255515951841,AC,17.1
0.29972994772041345,10.183461688559747,AC,17.200000000000003
0.3043658079357474,10.24266786116765,AC,17.3
0.3090733700283866,10.301874033775555,AC,17.4
0.31385374299622354,10.36108020638346,AC,17.5
0.3187080529897882,10.420286378991367,AC,17.6
0.3236374435775452,10.479492551599273,AC,17.700000000000003
0.32864307601529197,10.538698724207178,AC,17.8
0.33372612951972586,10.597904896815082,AC,17.9
0.3388878015462422,10.657111069422989,AC,18
0.3441293080710267,10.716317242030895,AC,18.1
0.3494518838775138,10.775523414638801,AC,18.200000000000003
0.35485678284727445,10.834729587246706,AC,18.3
0.36034527825540236,10.89393575985461,AC,18.4
0.3659186630704708,10.953141932462517,AC,18.5
0.37157825025912533,11.012348105070423,AC,18.6
0.3773253730953917,11.07155427767833,AC,18.700000000000003
0.3831613854747646,11.130760450286234,AC,18.8
0.3890876622331566,11.189966622894138,AC,18.9
0.39510559947077817,11.249172795502044,AC,19
0.4012166148810286,11.30837896810995,AC,19.1
0.40742214808447214,11.367585140717855,AC,19.2
0.413723660967982,11.426791313325761,AC,19.3
0.4201226380291277,11.485997485933668,AC,19.400000000000002
0.42662058672588915,11.54520365854157,AC,19.5
0.43321903783178073,11.604409831149477,AC,19.6
0.4399195457964665,11.663616003757381,AC,19.7
0.44672368911195404,11.722822176365288,AC,19.8
0.4536330706844491,11.782028348973194,AC,19.900000000000002
0.4606493182119655,11.841234521581098,AC,20
0.46777408456777114,11.900440694189005,AC,20.1
0.4750090481897653,11.95964686679691,AC,20.2
0.48235591347587764,12.018853039404815,AC,20.3
0.48981641118557995,12.078059212012722,AC,20.400000000000002
0.49739229884760816,12.137265384620626,AC,20.5
0.5050853611739864,12.196471557228532,AC,20.6
0.5128974104804502,12.255677729836437,AC,20.7
0.5208302871133728,12.314883902444343,AC,20.8
0.5288858598832805,12.37409007505225,AC,20.900000000000002
0.537066026505071,12.433296247660154,AC,21
0.54537271404503,12.49250242026806,AC,21.1
0.55380787937474,12.551708592875965,AC,21.2
0.5623735096319996,12.610914765483871,AC,21.3
0.5710716226888366,12.670120938091777,AC,21.400000000000002
0.5799042676267295,12.729327110699682,AC,21.5
0.5888735252191328,12.788533283307588,AC,21.6
0.5979815084213969,12.847739455915491,AC,21.7
0.6072303628681868,12.906945628523397,AC,21.8
0.6166222673784784,12.966151801131305,AC,21.900000000000002
0.6261594344682132,13.025357973739208,AC,22
0.6358441108706835,13.084564146347114,AC,22.1
0.6456785780646915,13.14377031895502,AC,22.200000000000003
0.6556651528105164,13.202976491562925,AC,22.3
0.6658061876936876,13.262182664170831,AC,22.400000000000002
0.6761040716765173,13.321388836778736,AC,22.5
0.6865612306572968,13.380595009386642,AC,22.6
0.6971801280369783,13.439801181994548,AC,22.700000000000003
0.7079632652930696,13.499007354602453,AC,22.8
0.7189131825603217,13.55821352721036,AC,22.900000000000002
0.7300324592176155,13.617419699818264,AC,23
0.7413237144802032,13.67662587242617,AC,23.1
0.7527896079961203,13.735832045034076,AC,23.200000000000003
0.7644328404451582,13.79503821764198,AC,23.3
0.7762561541381767,13.854244390249887,AC,23.400000000000002
0.7882623336137383,13.913450562857792,AC,23.5
0.8004542062280025,13.972656735465698,AC,23.6
0.8128346427323511,14.031862908073604,AC,23.700000000000003
0.8254065578313475,14.091069080681509,AC,23.8
0.8381729107110395,14.150275253289415,AC,23.900000000000002
0.8511367055242026,14.20948142589732,AC,24
0.8643009918145512,14.268687598505226,AC,24.1
0.8776688648557818,14.327893771113132,AC,24.200000000000003
0.8912434658731309,14.387099943721035,AC,24.3
0.9050279821041369,14.446306116328941,AC,24.400000000000002
0.9190256466405774,14.505512288936846,AC,24.5
0.9332397379739207,14.564718461544752,AC,24.6
0.9476735791402702,14.623924634152658,AC,24.700000000000003
0.9623305363255811,14.683130806760563,AC,24.8
0.9772140167447935,14.742336979368469,AC,24.900000000000002
0.9923274655454497,14.801543151976373,AC,25
1.0076743614019816,14.86074932458428,AC,25.1
1.0232582103539216,14.919955497192186,AC,25.200000000000003
1.039082537290193,14.97916166980009,AC,25.3
1.0551508742794222,15.038367842407997,AC,25.400000000000002
1.0714667446756696,15.097574015015901,AC,25.5
1.08803364156694,15.156780187623808,AC,25.6
1.1048549986493654,15.215986360231714,AC,25.700000000000003
1.1219341509617453,15.275192532839618,AC,25.8
1.1392742820477175,15.334398705447525,AC,25.900000000000002
1.1568783529521274,15.393604878055429,AC,26
1.1747490069051187,15.452811050663335,AC,26.1
1.1928884414691943,15.512017223271242,AC,26.200000000000003
1.2112982371437186,15.571223395879146,AC,26.3
1.2299791277002055,15.630429568487052,AC,26.400000000000002
1.2489306925426575,15.689635741094955,AC,26.5
1.2681509447245924,15.748841913702861,AC,26.6
1.287635779339174,15.808048086310768,AC,26.700000000000003
1.3073782350694523,15.867254258918672,AC,26.8
1.3273675057228849,15.926460431526579,AC,26.900000000000002
1.3475876172145023,15.985666604134483,AC,27
1.368015656881549,16.04487277674239,AC,27.1
1.3886194037673747,16.104078949350296,AC,27.200000000000003
1.4093541573368014,16.1632851219582,AC,27.3
1.4301584936070515,16.222491294566108,AC,27.400000000000002
1.4509485860478042,16.28169746717401,AC,27.5
1.4716106059931913,16.340903639781917,AC,27.6
1.4919905532429916,16.400109812389825,AC,27.700000000000003
1.5118806479943432,16.459315984997726,AC,27.8
1.5310011214841481,16.518522157605634,AC,27.900000000000002
1.54897584964066,16.57772833021354,AC,28
1.5652997480602255,16.636934502821443,AC,28.1
1.5792951428079167,16.69614067542935,AC,28.200000000000003
1.5900533897631612,16.755346848037256,AC,28.3
1.5963567550388993,16.81455302064516,AC,28.400000000000002
1.5965738827392593,16.873759193253065,AC,28.5
1.588519919931845,16.932965365860973,AC,28.6
1.5692693494369323,16.992171538468877,AC,28.700000000000003
1.5349055409461347,17.051377711076782,AC,28.8
1.4801856249395478,17.11058388368469,AC,28.900000000000002
1.3980920600442595,17.169790056292594,AC,29
1.2792325848954085,17.2289962289005,AC,29.1
1.1110372933141797,17.288202401508407,AC,29.200000000000003
0.8766842402171924,17.34740857411631,AC,29.3
0.5536617945284763,17.406614746724216,AC,29.400000000000002
0.11184492329922269,17.46582091933212,AC,29.5
-0.4890789327625975,17.52502709194003,AC,29.6
-1.3030542954126854,17.584233264547933,AC,29.700000000000003
-2.4022666488946154,17.643439437155838,AC,29.8
-3.8833097427675956,17.702645609763746,AC,29.900000000000002
-5.875438059501803,17.761851782371647,AC,30
-8.551609440764139,17.821057954979555,AC,30.1
-12.143261224659078,17.88026412758746,AC,30.200000000000003
-16.96008219345816,17.939470300195364,AC,30.3
-23.416469414647647,17.99867647280327,AC,30.400000000000002
-32.06693013678264,18.057882645411176,AC,30.5
-43.65345306192252,18.11708881801908,AC,30.6
-59.16889583917819,18.17629499062699,AC,30.700000000000003
-79.94180386147251,18.235501163234893,AC,30.8
-107.74990628610199,18.294707335842798,AC,30.900000000000002
-144.97198504440308,18.353913508450702,AC,31
-194.79109074272154,18.41311968105861,AC,31.1
-261.46646583134697,18.472325853666515,AC,31.200000000000003
-350.6974049590015,18.53153202627442,AC,31.3
-470.1101364622958,18.590738198882327,AC,31.400000000000002
-629.9093184184195,18.649944371490232,AC,31.5
-843.749805421622,18.709150544098136,AC,31.6
-1129.9031595838865,18.768356716706045,AC,31.700000000000003
-1512.8185587404068,18.82756288931395,AC,31.8
-2025.211447498693,18.886769061921854,AC,31.900000000000002
-2710.858360911937,18.945975234529758,AC,32
-3628.336677641211,19.005181407137666,AC,32.1
-4856.028783131838,19.06438757974557,AC,32.2
-6498.818139651688,19.12359375235347,AC,32.3
-8697.049296660614,19.182799924961383,AC,32.400000000000006
-11638.517279415157,19.242006097569284,AC,32.5
-15574.510588165043,19.301212270177192,AC,32.6
-20841.27833309915,19.360418442785097,AC,32.7
-27888.75540457881,19.419624615393,AC,32.8
-37318.99961935562,19.47883078800091,AC,32.900000000000006
-49937.62446046578,19.538036960608814,AC,33
-66822.62121921482,19.59724313321672,AC,33.1
-89416.44989358769,19.656449305824626,AC,33.2
-119649.26600636318,19.715655478432527,AC,33.3
-160103.81039298454,19.77486165104044,AC,33.400000000000006
-214236.04820328104,19.83406782364834,AC,33.5
-286670.4059184607,19.893273996256248,AC,33.6
-383594.827961643,19.952480168864152,AC,33.7
-513289.4018923947,20.011686341472057,AC,33.8
-686833.7117046999,20.070892514079965,AC,33.900000000000006
-919053.3471744542,20.13009868668787,AC,34
-1229786.4278835342,20.189304859295774,AC,34.1
-1645578.338836415,20.248511031903682,AC,34.2
-2201949.455948764,20.307717204511583,AC,34.3
-2946429.5892024343,20.366923377119495,AC,34.400000000000006
-3942618.370600046,20.426129549727396,AC,34.5
-5275618.458712953,20.4853357223353,AC,34.6
-7059305.708914753,20.544541894943208,AC,34.7
-9446057.387141148,20.60374806755111,AC,34.8
-12639769.491343733,20.66295424015902,AC,34.900000000000006
-16913275.227477856,20.72216041276692,AC,35
-22631652.669759385,20.78136658537483,AC,35.1
-30283412.737541486,20.840572757982734,AC,35.2
-40522231.82275997,20.899778930590642,AC,35.300000000000004
-54222794.212792896,20.958985103198543,AC,35.4
-72555514.8285845,21.01819127580645,AC,35.5
-97086525.7099177,21.077397448414356,AC,35.6
-129911467.91719547,21.136603621022264,AC,35.7
-173834518.45624843,21.19580979363017,AC,35.800000000000004
-232607946.18101454,21.255015966238073,AC,35.9
-311252661.513004,21.314222138845977,AC,36
-416487143.97539467,21.373428311453885,AC,36.1
-557301390.0656536,21.43263448406179,AC,36.2
-745724912.8225298,21.491840656669698,AC,36.300000000000004
-997854401.9376621,21.5510468292776,AC,36.4
-1335228835.6054506,21.610253001885507,AC,36.5
-1786669517.4940634,21.66945917449341,AC,36.6
-2390742229.9558945,21.72866534710132,AC,36.7
-3199051840.889008,21.787871519709224,AC,36.800000000000004
-4280650816.711524,21.847077692317125,AC,36.9
-5727938252.948091,21.906283864925033,AC,37
-7664553366.220045,21.965490037532938,AC,37.1
-10255937774.760101,22.024696210140846,AC,37.2
-13723468884.469915,22.08390238274875,AC,37.300000000000004
-18363371770.800667,22.143108555356655,AC,37.4
-24572025165.217957,22.20231472796456,AC,37.5
-32879823392.099453,22.261520900572467,AC,37.6
-43996487021.69859,22.32072707318037,AC,37.7
-58871693048.451515,22.37993324578828,AC,37.800000000000004
-78776204123.97572,22.43913941839618,AC,37.9
-105410427572.23956,22.49834559100409,AC,38
0.03469391907199722,0.3406251660436722,CH,3
0.03523834353881055,0.35197933824512795,CH,3.1
0.035791311231871965,0.3633335104465837,CH,3.2
0.03635295621333183,0.37468768264803937,CH,3.3
0.036923414649072686,0.38604185484949516,CH,3.4
0.037502824841721516,0.3973960270509509,CH,3.5
0.038091327264179964,0.40875019925240663,CH,3.6
0.03868906459368079,0.42010437145386237,CH,3.7
0.039296181746378646,0.4314585436553181,CH,3.8
0.03991282591248381,0.44281271585677384,CH,3.9
0.04053914659194709,0.4541668880582296,CH,4
0.041175295630704774,0.46552106025968526,CH,4.1
0.0418214272574924,0.47687523246114105,CH,4.2
0.04247769812123607,0.4882294046625968,CH,4.3
0.043144267329030685,0.4995835768640526,CH,4.4
0.04382129648471399,0.5109377490655083,CH,4.5
0.04450894972804605,0.522291921266964,CH,4.6
0.045207393774503495,0.5336460934684197,CH,4.7
0.04591679795569816,0.5450002656698755,CH,4.8
0.04663733426043012,0.5563544378713313,CH,4.9
0.04736917737638478,0.567708610072787,CH,5
0.04811250473248447,0.5790627822742427,CH,5.1
0.04886749654190442,0.5904169544756984,CH,5.2
0.04963433584576393,0.6017711266771543,CH,5.300000000000001
0.050413208557503045,0.61312529887861,CH,5.4
0.05120430350795563,0.6244794710800656,CH,5.5
0.05200781249112977,0.6358336432815214,CH,5.6
0.052823930310706535,0.6471878154829772,CH,5.7
0.05365285482726838,0.658541987684433,CH,5.800000000000001
0.054494787006268725,0.6698961598858887,CH,5.9
0.05534993096675429,0.6812503320873444,CH,6
0.05621849403085194,0.6926045042888,CH,6.1
0.05710068677403208,0.7039586764902559,CH,6.2
0.057996723076160855,0.7153128486917116,CH,6.300000000000001
0.058906820173353434,0.7266670208931674,CH,6.4
0.059831198710641006,0.7380211930946231,CH,6.5
0.06077008279546423,0.7493753652960787,CH,6.6
0.06172370005200607,0.7607295374975346,CH,6.7
0.0626922816763773,0.7720837096989903,CH,6.800000000000001
0.063676062492668,0.783437881900446,CH,6.9
0.0646752810098785,0.7947920541019018,CH,7
0.06569017947974395,0.8061462263033575,CH,7.1000000000000005
0.06672100395546592,0.8175003985048133,CH,7.2
0.06776800435136592,0.828854570706269,CH,7.3
0.06883143450347506,0.8402087429077247,CH,7.4
0.0699115522310741,0.8515629151091805,CH,7.5
0.0710086193991997,0.8629170873106362,CH,7.6000000000000005
0.07212290198213116,0.874271259512092,CH,7.7
0.07325467012787358,0.8856254317135478,CH,7.800000000000001
0.07440419822365285,0.8969796039150034,CH,7.9
0.07557176496243852,0.9083337761164592,CH,8
0.07675765341051029,0.919687948317915,CH,8.100000000000001
0.07796215107608499,0.9310421205193705,CH,8.2
0.07918554997902061,0.9423962927208265,CH,8.3
0.08042814672161358,0.9537504649222821,CH,8.4
0.08169024256050775,0.9651046371237378,CH,8.5
0.08297214347973117,0.9764588093251938,CH,8.600000000000001
0.08427416026487929,0.9878129815266492,CH,8.7
0.08559660857846231,0.9991671537281052,CH,8.8
0.08693980903643454,1.010521325929561,CH,8.9
0.08830408728592516,1.0218754981310165,CH,9
0.08968977408418834,1.0332296703324724,CH,9.100000000000001
0.09109720537879246,1.044583842533928,CH,9.2
0.09252672238906773,1.0559380147353838,CH,9.3
0.09397867168883164,1.0672921869368395,CH,9.4
0.09545340529041296,1.0786463591382953,CH,9.5
0.0969512807299938,1.0900005313397512,CH,9.600000000000001
0.09847266115429122,1.1013547035412066,CH,9.7
0.10001791540859903,1.1127088757426626,CH,9.8
0.10158741812621093,1.1240630479441183,CH,9.9
0.10318154981924718,1.135417220145574,CH,10
0.1048006969709063,1.1467713923470297,CH,10.100000000000001
0.10644525212916464,1.1581255645484854,CH,10.2
0.10811561400194614,1.1694797367499412,CH,10.3
0.10981218755378548,1.1808339089513968,CH,10.4
0.11153538410400828,1.1921880811528527,CH,10.5
0.11328562142645182,1.2035422533543085,CH,10.600000000000001
0.11506332385075049,1.214896425555764,CH,10.7
0.1168689223652111,1.22625059775722,CH,10.8
0.11870285472130182,1.2376047699586756,CH,10.9
0.12056556553978139,1.2489589421601313,CH,11
0.12245750641849354,1.260313114361587,CH,11.1
0.12437913604185283,1.271667286563043,CH,11.200000000000001
0.12633092029204848,1.2830214587644986,CH,11.3
0.12831333236199388,1.2943756309659544,CH,11.4
0.1303268528700475,1.30572980316741,CH,11.5
0.13237196997653503,1.3170839753688657,CH,11.6
0.1344491795020992,1.3284381475703217,CH,11.700000000000001
0.13655898504790734,1.3397923197717774,CH,11.8
0.13870189811774508,1.351146491973233,CH,11.9
0.14087843824202578,1.3625006641746888,CH,12
0.14308913310374627,1.3738548363761445,CH,12.1
0.14533451866641867,1.3852090085776003,CH,12.200000000000001
0.1476151393040105,1.396563180779056,CH,12.3
0.1499315479329228,1.4079173529805118,CH,12.4
0.15228430614604035,1.4192715251819674,CH,12.5
0.15467398434888466,1.4306256973834233,CH,12.600000000000001
0.15710116189790363,1.4419798695848791,CH,12.700000000000001
0.15956642724093184,1.4533340417863347,CH,12.8
0.1620703780598541,1.4646882139877904,CH,12.9
0.1646136214155085,1.4760423861892462,CH,13
0.16719677389486284,1.487396558390702,CH,13.100000000000001
0.16982046176050059,1.4987507305921577,CH,13.200000000000001
0.17248532110245288,1.5101049027936135,CH,13.3
0.17519199799241308,1.5214590749950692,CH,13.4
0.1779411486403709,1.5328132471965248,CH,13.5
0.18073343955370474,1.5441674193979806,CH,13.600000000000001
0.18356954769877087,1.5555215915994365,CH,13.700000000000001
0.1864501606650276,1.566875763800892,CH,13.8
0.18937597683173535,1.5782299360023477,CH,13.9
0.192347705537273,1.5895841082038036,CH,14
0.19536606725111016,1.6009382804052594,CH,14.100000000000001
0.19843179374847844,1.612292452606715,CH,14.200000000000001
0.20154562828778508,1.623646624808171,CH,14.3
0.20470832579080828,1.6350007970096265,CH,14.4
0.20792065302572166,1.6463549692110822,CH,14.5
0.21118338879299073,1.6577091414125382,CH,14.600000000000001
0.2144973241141858,1.6690633136139938,CH,14.700000000000001
0.21786326242375845,1.6804174858154495,CH,14.8
0.22128201976382703,1.6917716580169053,CH,14.9
0.2247544249820191,1.703125830218361,CH,15
0.22828131993241804,1.7144800024198168,CH,15.100000000000001
0.23186355967966255,1.7258341746212724,CH,15.200000000000001
0.235502012706251,1.7371883468227283,CH,15.3
0.23919756112309604,1.748542519024184,CH,15.4
0.2429511008833851,1.7598966912256395,CH,15.5
0.24676354199979622,1.7712508634270956,CH,15.600000000000001
0.2506358087651227,1.7826050356285512,CH,15.700000000000001
0.2545688399763596,1.7939592078300068,CH,15.8
0.25856358916230693,1.8053133800314627,CH,15.9
0.2626210248147438,1.8166675522329183,CH,16
0.2667421306232311,1.8280217244343742,CH,16.1
0.2709279057135981,1.83937589663583,CH,16.200000000000003
0.27517936489017086,1.8507300688372856,CH,16.3
0.27949753888180406,1.862084241038741,CH,16.4
0.28388347459177055,1.873438413240197,CH,16.5
0.28833823535157355,1.884792585441653,CH,16.6
0.29286290117874203,1.8961467576431088,CH,16.700000000000003
0.29745856903867096,1.9075009298445642,CH,16.8
0.30212635311057034,1.9188551020460198,CH,16.9
0.3068673850575873,1.9302092742474757,CH,17
0.3116828143011665,1.9415634464489315,CH,17.1
0.3165738082997166,1.9529176186503876,CH,17.200000000000003
0.3215415528316482,1.964271790851843,CH,17.3
0.32658725228285435,1.9756259630532984,CH,17.4
0.33171212993870025,1.9869801352547545,CH,17.5
0.336917428280595,1.9983343074562103,CH,17.6
0.3422044092872166,2.009688479657666,CH,17.700000000000003
0.3475743547404627,2.021042651859122,CH,17.8
0.3530285665362023,2.0323968240605774,CH,17.9
0.35856836699990075,2.043750996262033,CH,18
0.36419509920719595,2.055105168463489,CH,18.1
0.3699101273095052,2.0664593406649447,CH,18.200000000000003
0.3757148368647353,2.0778135128664004,CH,18.3
0.381610635173182,2.089167685067856,CH,18.4
0.387598951618694,2.1005218572693116,CH,18.5
0.39368123801518506,2.1118760294707677,CH,18.6
0.3998589689585774,2.1232302016722238,CH,18.700000000000003
0.40613364218425946,2.134584373873679,CH,18.8
0.41250677893014154,2.1459385460751346,CH,18.9
0.4189799243053953,2.1572927182765906,CH,19
0.4255546476649605,2.1686468904780463,CH,19.1
0.4322325429899105,2.180001062679502,CH,19.2
0.43901522927375763,2.191355234880958,CH,19.3
0.4459043509147854,2.2027094070824136,CH,19.400000000000002
0.45290157811449766,2.214063579283869,CH,19.5
0.4600086072822655,2.2254177514853253,CH,19.6
0.4672271614462565,2.2367719236867805,CH,19.7
0.47455899067073004,2.2481260958882365,CH,19.8
0.4820058724797751,2.2594802680896926,CH,19.900000000000002
0.4895696122875659,2.270834440291148,CH,20
0.49725204383520355,2.282188612492604,CH,20.1
0.5050550296342056,2.2935427846940595,CH,20.2
0.5129804614166955,2.304896956895515,CH,20.3
0.5210302605923296,2.316251129096971,CH,20.400000000000002
0.5292063787119836,2.327605301298427,CH,20.5
0.5375107979382078,2.3389594734998824,CH,20.6
0.5459455315224134,2.350313645701338,CH,20.7
0.5545126242887473,2.3616678179027937,CH,20.8
0.5632141531245404,2.3730219901042497,CH,20.900000000000002
0.5720522274771882,2.3843761623057054,CH,21
0.5810289898572337,2.395730334507161,CH,21.1
0.5901466163473424,2.4070845067086166,CH,21.2
0.5994073171167678,2.4184386789100727,CH,21.3
0.6088133369407372,2.4297928511115283,CH,21.400000000000002
0.6183669557240512,2.441147023312984,CH,21.5
0.628070489027955,2.45250119551444,CH,21.6
0.6379262885990715,2.463855367715895,CH,21.7
0.6479367428988607,2.4752095399173513,CH,21.8
0.6581042776316252,2.4865637121188073,CH,21.900000000000002
0.6684313562685676,2.4979178843202625,CH,22
0.6789204805647218,2.5092720565217186,CH,22.1
0.6895741910647374,2.5206262287231747,CH,22.200000000000003
0.7003950675924606,2.53198040092463,CH,22.3
0.7113857297179055,2.543334573126086,CH,22.400000000000002
0.7225488371935599,2.5546887453275415,CH,22.5
0.7338870903498955,2.566042917528997,CH,22.6
0.7454032304373096,2.5773970897304532,CH,22.700000000000003
0.7571000398984762,2.588751261931909,CH,22.8
0.7689803425509424,2.6001054341333645,CH,22.900000000000002
0.7810470036546594,2.61145960633482,CH,23
0.7933029298326545,2.622813778536276,CH,23.1
0.805751068804923,2.634167950737732,CH,23.200000000000003
0.8183944088854407,2.6455221229391874,CH,23.3
0.8312359781794035,2.6568762951406435,CH,23.400000000000002
0.8442788434017703,2.6682304673420987,CH,23.5
0.8575261082180854,2.6795846395435547,CH,23.6
0.8709809109833174,2.6909388117450104,CH,23.700000000000003
0.8846464217228249,2.702292983946466,CH,23.8
0.8985258381598709,2.713647156147922,CH,23.900000000000002
0.9126223805443253,2.7250013283493777,CH,24
0.9269392849747827,2.7363555005508333,CH,24.1
0.9414797948279837,2.7477096727522894,CH,24.200000000000003
0.9562471498112335,2.7590638449537446,CH,24.3
0.9712445720303071,2.7704180171552006,CH,24.400000000000002
0.9864752483107887,2.7817721893566563,CH,24.5
1.0019423078170115,2.793126361558112,CH,24.6
1.0176487937696268,2.804480533759568,CH,24.700000000000003
1.033597627757955,2.8158347059610236,CH,24.8
1.0497915647607938,2.827188878162479,CH,24.900000000000002
1.0662331365096802,2.838543050363935,CH,25
1.0829245802269487,2.849897222565391,CH,25.1
1.0998677490162356,2.8612513947668465,CH,25.200000000000003
1.1170639992365754,2.872605566968302,CH,25.3
1.134514049003977,2.8839597391697582,CH,25.400000000000002
1.1522178004752566,2.8953139113712134,CH,25.5
1.170174116701171,2.9066680835726695,CH,25.6
1.188380541493177,2.9180222557741256,CH,25.700000000000003
1.2068329478098254,2.9293764279755807,CH,25.8
1.2255250964832467,2.940730600177037,CH,25.900000000000002
1.2444480824835595,2.9520847723784924,CH,26
1.2635896401209672,2.963438944579948,CH,26.1
1.2829332713129353,2.974793116781404,CH,26.200000000000003
1.3024571519223296,2.9861472889828597,CH,26.3
1.3221327597314476,2.9975014611843154,CH,26.400000000000002
1.3419231532668632,3.008855633385771,CH,26.5
1.3617808126911348,3.020209805587227,CH,26.6
1.3816449314018562,3.0315639777886827,CH,26.700000000000003
1.4014380186626492,3.0429181499901383,CH,26.8
1.4210616380748105,3.054272322191594,CH,26.900000000000002
1.4403910621515617,3.0656264943930496,CH,27
1.4592685673832049,3.0769806665945056,CH,27.1
1.477495024100362,3.0883348387959613,CH,27.200000000000003
1.4948193475417915,3.099689010997417,CH,27.3
1.5109252662814958,3.111043183198873,CH,27.400000000000002
1.525414725884052,3.122397355400328,CH,27.5
1.5377870722087286,3.133751527601784,CH,27.6
1.5474129412311515,3.1451056998032403,CH,27.700000000000003
1.5535015093817768,3.1564598720046955,CH,27.8
1.555059416147134,3.1678140442061515,CH,27.900000000000002
1.5508392414005092,3.179168216407607,CH,28
1.539274881494713,3.190522388609063,CH,28.1
1.5184004928057806,3.201876560810519,CH,28.200000000000003
1.4857488243502186,3.2132307330119745,CH,28.3
1.43822369864513,3.22458490521343,CH,28.400000000000002
1.3719400673729814,3.2359390774148857,CH,28.5
1.2820233969574053,3.247293249616342,CH,28.6
1.1623580426937579,3.2586474218177974,CH,28.700000000000003
1.0052716405383875,3.270001594019253,CH,28.8
0.8011392474980863,3.281355766220709,CH,28.900000000000002
0.5378868247604331,3.2927099384221643,CH,29
0.2003684690240033,3.3040641106236204,CH,29.1
-0.23041471054132812,3.3154182828250764,CH,29.200000000000003
-0.7782943351263079,3.3267724550265316,CH,29.3
-1.4731636227834222,3.3381266272279877,CH,29.400000000000002
-2.3525187243014556,3.3494807994294433,CH,29.5
-3.4633919813311462,3.360834971630899,CH,29.6
-4.8647767624479314,3.372189143832355,CH,29.700000000000003
-6.630668872700012,3.3835433160338106,CH,29.8
-8.85388131531861,3.3948974882352663,CH,29.900000000000002
-11.650829049026779,3.406251660436722,CH,30
-15.16753038571857,3.4176058326381775,CH,30.1
-19.587134388654434,3.4289600048396336,CH,30.200000000000003
-25.13936229359581,3.440314177041089,CH,30.3
-32.112349639362606,3.451668349242545,CH,30.400000000000002
-40.86749954604602,3.4630225214440005,CH,30.5
-51.85811279777893,3.4743766936454565,CH,30.6
-65.6527550736531,3.485730865846912,CH,30.700000000000003
-82.96456586089988,3.497085038048368,CH,30.8
-104.68801986629234,3.508439210249824,CH,30.900000000000002
-131.94503590307158,3.519793382451279,CH,31
-166.14281007439382,3.531147554652735,CH,31.1
-209.04635443828784,3.542501726854191,CH,31.200000000000003
-262.86948037731497,3.5538558990556464,CH,31.3
-330.38891668367256,3.5652100712571024,CH,31.400000000000002
-415.0874449188152,3.576564243458558,CH,31.5
-521.3334303891606,3.5879184156600137,CH,31.6
-654.6060032005007,3.5992725878614698,CH,31.700000000000003
-821.7774970240391,3.6106267600629254,CH,31.8
-1031.467704727537,3.621980932264381,CH,31.900000000000002
-1294.4882120404752,3.6333351044658366,CH,32
-1624.3997137648425,3.6446892766672927,CH,32.1
-2038.2110410671637,3.6560434488687483,CH,32.2
-2557.2559333099002,3.6673976210702035,CH,32.3
-3208.2927502565894,3.67875179327166,CH,32.400000000000006
-4024.8838126129476,3.690105965473115,CH,32.5
-5049.1254731516765,3.7014601376745713,CH,32.6
-6333.818100122328,3.7128143098760273,CH,32.7
-7945.187831252505,3.724168482077482,CH,32.8
-9966.300399310823,3.735522654278939,CH,32.900000000000006
-12501.343005109058,3.746876826480394,CH,33
-15680.994959930602,3.75823099868185,CH,33.1
-19669.163943253894,3.769585170883306,CH,33.2
-24671.435116377463,3.780939343084761,CH,33.3
-30945.668626853792,3.7922935152862176,CH,33.400000000000006
-38815.29178386515,3.803647687487673,CH,33.5
-48685.971089610815,3.8150018596891284,CH,33.6
-61066.52353653058,3.8263560318905845,CH,33.7
-76595.14510592524,3.8377102040920397,CH,33.8
-96072.3084945808,3.849064376293496,CH,33.900000000000006
-120502.02588135621,3.8604185484949514,CH,34
-151143.6037468533,3.8717727206964074,CH,34.1
-189576.55760346324,3.883126892897863,CH,34.2
-237782.0328603347,3.8944810650993182,CH,34.3
-298244.9289058591,3.905835237300775,CH,34.400000000000006
-374081.99069979455,3.91718940950223,CH,34.5
-469202.4707403408,3.928543581703686,CH,34.6
-588509.6432090234,3.939897753905142,CH,34.7
-738153.5579443283,3.951251926106597,CH,34.8
-925848.0632058583,3.9626060983080538,CH,34.900000000000006
-1161268.4391176887,3.973960270509509,CH,35
-1456550.1390000556,3.9853144427109646,CH,35.1
-1826914.347706061,3.9966686149124206,CH,35.2
-2291452.6032449454,4.008022787113877,CH,35.300000000000004
-2874110.927365649,4.0193769593153315,CH,35.4
-3604924.1950641526,4.030731131516787,CH,35.5
-4521564.372291185,4.042085303718244,CH,35.6
-5671282.430418132,4.053439475919699,CH,35.7
-7113344.039264078,4.064793648121155,CH,35.800000000000004
-8922084.593787674,4.0761478203226105,CH,35.9
-11190741.054955913,4.087501992524066,CH,36
-14036258.128517663,4.098856164725522,CH,36.1
-17605316.530584995,4.110210336926978,CH,36.2
-22081894.08504481,4.121564509128434,CH,36.300000000000004
-27696749.412249018,4.132918681329889,CH,36.4
-34739317.07415327,4.144272853531345,CH,36.5
-43572627.34683826,4.155627025732801,CH,36.6
-54652019.704828486,4.166981197934256,CH,36.7
-68548614.65988943,4.178335370135713,CH,36.800000000000004
-85978753.88060918,4.189689542337168,CH,36.9
-107840926.17205012,4.201043714538623,CH,37
-135262082.77578753,4.21239788674008,CH,37.1
-169655729.45143574,4.223752058941535,CH,37.2
-212794789.87016156,4.235106231142991,CH,37.300000000000004
-266902996.2823801,4.246460403344447,CH,37.4
-334769518.46565753,4.257814575545902,CH,37.5
-419892739.84566826,4.269168747747358,CH,37.6
-526660592.1616807,4.280522919948814,CH,37.7
-660576744.5675561,4.29187709215027,CH,37.800000000000004
-828544306.7640072,4.303231264351725,CH,37.9
-1039221670.4907395,4.314585436553181,CH,38
0.0765454569090127,0.26844899911725784,CS,3
0.0772585244806374,0.27739729908783306,CS,3.1
0.07797821869178562,0.28634559905840834,CS,3.2
0.07870460047970283,0.29529389902898356,CS,3.3
0.07943773131596275,0.30424219899955884,CS,3.4
0.08017767321009041,0.3131904989701341,CS,3.5
0.08092448871316434,0.3221387989407094,CS,3.6
0.08167824092139553,0.3310870989112846,CS,3.7
0.08243899347968062,0.34003539888185985,CS,3.8
0.08320681058512666,0.34898369885243513,CS,3.9
0.08398175699054473,0.3579319988230104,CS,4
0.08476389800790957,0.36688029879358564,CS,4.1
0.08555329951178235,0.37582859876416097,CS,4.2
0.08635002794269303,0.3847768987347362,CS,4.3
0.08715415031047971,0.3937251987053115,CS,4.4
0.0879657341975807,0.4026734986758867,CS,4.5
0.08878484776227671,0.4116217986464619,CS,4.6
0.08961155974187843,0.42057009861703726,CS,4.7
0.0904459394558565,0.4295183985876125,CS,4.8
0.0912880568089091,0.43846669855818776,CS,4.9
0.09213798229396342,0.447414998528763,CS,5
0.09299578699510608,0.45636329849933827,CS,5.1
0.09386154259043852,0.46531159846991355,CS,5.2
0.09473532135485171,0.4742598984404889,CS,5.300000000000001
0.09561719616271587,0.4832081984110641,CS,5.4
0.09650724049047951,0.49215649838163933,CS,5.5
0.0974055284191724,0.5011047983522146,CS,5.6
0.09831213463680676,0.5100530983227899,CS,5.7
0.09922713444067066,0.5190013982933651,CS,5.800000000000001
0.10015060373950742,0.5279496982639403,CS,5.9
0.10108261905557432,0.5368979982345157,CS,6
0.10202325752657425,0.5458462982050909,CS,6.1
0.10297259690745272,0.5547945981756661,CS,6.2
0.10393071557205315,0.5637428981462415,CS,6.300000000000001
0.1048976925146226,0.5726911981168167,CS,6.4
0.10587360735116007,0.5816394980873919,CS,6.5
0.10685854032059888,0.5905877980579671,CS,6.6
0.10785257228581424,0.5995360980285425,CS,6.7
0.10885578473444743,0.6084843979991178,CS,6.800000000000001
0.10986825977953626,0.617432697969693,CS,6.9
0.11089008015994303,0.6263809979402682,CS,7
0.11192132924056857,0.6353292979108436,CS,7.1000000000000005
0.11296209101234243,0.6442775978814188,CS,7.2
0.11401245009197769,0.653225897851994,CS,7.3
0.11507249172147864,0.6621741978225693,CS,7.4
0.11614230176738953,0.6711224977931445,CS,7.5
0.11722196671977134,0.6800707977637198,CS,7.6000000000000005
0.11831157369089375,0.689019097734295,CS,7.7
0.11941121041362816,0.6979673977048704,CS,7.800000000000001
0.1205209652395278,0.7069156976754456,CS,7.9
0.12164092713657998,0.7158639976460208,CS,8
0.12277118568661469,0.7248122976165962,CS,8.100000000000001
0.12391183108235339,0.7337605975871713,CS,8.2
0.12506295412408194,0.7427088975577467,CS,8.3
0.12622464621592844,0.7516571975283219,CS,8.4
0.12739699936172963,0.7606054974988972,CS,8.5
0.1285801061604655,0.7695537974694725,CS,8.600000000000001
0.12977405980124243,0.7785020974400476,CS,8.7
0.13097895405780519,0.787450397410623,CS,8.8
0.13219488328255455,0.7963986973811982,CS,8.9
0.13342194240005004,0.8053469973517734,CS,9
0.13466022689997306,0.8142952973223488,CS,9.100000000000001
0.13590983282952673,0.8232435972929238,CS,9.2
0.1371708567852474,0.8321918972634993,CS,9.3
0.13844339590420046,0.8411401972340745,CS,9.4
0.13972754785453464,0.8500884972046497,CS,9.5
0.14102341082536454,0.8590367971752251,CS,9.600000000000001
0.14233108351595336,0.8679850971458002,CS,9.7
0.14365066512416336,0.8769333971163755,CS,9.8
0.14498225533414283,0.8858816970869507,CS,9.9
0.14632595430321593,0.894829997057526,CS,10
0.14768186264794014,0.9037782970281014,CS,10.100000000000001
0.14905008142929524,0.9127265969986765,CS,10.2
0.1504307121369661,0.9216748969692519,CS,10.3
0.15182385667267959,0.9306231969398271,CS,10.4
0.15322961733255502,0.9395714969104023,CS,10.5
0.15464809678842525,0.9485197968809778,CS,10.600000000000001
0.15607939806808377,0.9574680968515528,CS,10.7
0.15752362453441274,0.9664163968221282,CS,10.8
0.15898087986334178,0.9753646967927034,CS,10.9
0.16045126802058995,0.9843129967632787,CS,11
0.16193489323713667,0.9932612967338539,CS,11.1
0.16343185998336876,1.0022095967044293,CS,11.200000000000001
0.16494227294184652,1.0111578966750046,CS,11.3
0.1664662369786301,1.0201061966455798,CS,11.4
0.16800385711310573,1.029054496616155,CS,11.5
0.16955523848624668,1.0380027965867302,CS,11.6
0.1711204863272449,1.0469510965573054,CS,11.700000000000001
0.172699705918442,1.0558993965278807,CS,11.8
0.17429300255849042,1.064847696498456,CS,11.9
0.17590048152366775,1.0737959964690313,CS,12
0.1775222480272681,1.0827442964396066,CS,12.1
0.17915840717698933,1.0916925964101818,CS,12.200000000000001
0.180809063930232,1.100640896380757,CS,12.3
0.18247432304722183,1.1095891963513322,CS,12.4
0.1841542890418666,1.1185374963219075,CS,12.5
0.1858490661302497,1.127485796292483,CS,12.600000000000001
0.18755875817666495,1.1364340962630581,CS,12.700000000000001
0.1892834686370874,1.1453823962336334,CS,12.8
0.19102330049997523,1.1543306962042086,CS,12.9
0.1927783562242903,1.1632789961747838,CS,13
0.19454873767462286,1.1722272961453593,CS,13.100000000000001
0.1963345460532989,1.1811755961159345,CS,13.200000000000001
0.1981358818293465,1.1901238960865097,CS,13.3
0.1999528446641892,1.199072196057085,CS,13.4
0.20178553333393257,1.2080204960276602,CS,13.5
0.20363404564810128,1.2169687959982356,CS,13.600000000000001
0.2054984783646816,1.2259170959688108,CS,13.700000000000001
0.20737892710131536,1.234865395939386,CS,13.8
0.20927548624248743,1.2438136959099613,CS,13.9
0.2111882488425406,1.2527619958805365,CS,14
0.2131173065243466,1.2617102958511117,CS,14.100000000000001
0.21506274937345451,1.2706585958216872,CS,14.200000000000001
0.21702466582752905,1.2796068957922624,CS,14.3
0.2190031425608872,1.2885551957628376,CS,14.4
0.22099826436392916,1.2975034957334128,CS,14.5
0.22301011401725646,1.306451795703988,CS,14.600000000000001
0.22503877216025692,1.3154000956745633,CS,14.700000000000001
0.22708431715393146,1.3243483956451385,CS,14.8
0.22914682493772448,1.3332966956157137,CS,14.9
0.23122636888011436,1.342244995586289,CS,15
0.2333230196227067,1.3511932955568644,CS,15.100000000000001
0.23543684491756536,1.3601415955274396,CS,15.200000000000001
0.23756790945750425,1.3690898954980149,CS,15.3
0.23971627469905252,1.37803819546859,CS,15.4
0.24188199867779228,1.3869864954391653,CS,15.5
0.24406513581575975,1.3959347954097407,CS,15.600000000000001
0.24626573672058238,1.404883095380316,CS,15.700000000000001
0.24848384797601863,1.4138313953508912,CS,15.8
0.2507195119235455,1.4227796953214664,CS,15.9
0.25297276643463223,1.4317279952920416,CS,16
0.25524364467331806,1.440676295262617,CS,16.1
0.25753217484870056,1.4496245952331923,CS,16.200000000000003
0.2598383799569217,1.4585728952037675,CS,16.3
0.26216227751222737,1.4675211951743425,CS,16.4
0.2645038792666508,1.476469495144918,CS,16.5
0.26686319091786076,1.4854177951154934,CS,16.6
0.26924021180469265,1.4943660950860687,CS,16.700000000000003
0.2716349345898593,1.5033143950566439,CS,16.8
0.2740473449293234,1.5122626950272189,CS,16.9
0.2764774211277866,1.5212109949977943,CS,17
0.2789251337797337,1.5301592949683696,CS,17.1
0.28139044539544383,1.539107594938945,CS,17.200000000000003
0.28387331001135824,1.54805589490952,CS,17.3
0.2863736727841708,1.5570041948800952,CS,17.4
0.28889146956797956,1.5659524948506705,CS,17.5
0.29142662647381107,1.574900794821246,CS,17.6
0.29397905941080654,1.5838490947918213,CS,17.700000000000003
0.29654867360832105,1.5927973947623963,CS,17.8
0.29913536311816596,1.6017456947329716,CS,17.9
0.3017390102961868,1.6106939947035468,CS,18
0.30435948526234197,1.6196422946741222,CS,18.1
0.30699664533840776,1.6285905946446977,CS,18.200000000000003
0.3096503344624076,1.6375388946152727,CS,18.3
0.3123203825788193,1.6464871945858477,CS,18.4
0.3150066050035803,1.6554354945564231,CS,18.5
0.3177088017628726,1.6643837945269986,CS,18.6
0.32042675690462324,1.673332094497574,CS,18.700000000000003
0.3231602377816181,1.682280394468149,CS,18.8
0.3259089943050803,1.691228694438724,CS,18.9
0.3286727581675164,1.7001769944092995,CS,19
0.33145124203358955,1.709125294379875,CS,19.1
0.33424413869772585,1.71807359435045,CS,19.2
0.33705112020710815,1.7270218943210254,CS,19.3
0.33987183694865764,1.7359701942916006,CS,19.400000000000002
0.3427059166985485,1.7449184942621758,CS,19.5
0.3455529636327411,1.753866794232751,CS,19.6
0.34841255729695636,1.7628150942033263,CS,19.7
0.35128425153445575,1.7717633941739015,CS,19.8
0.35416757336991783,1.780711694144477,CS,19.900000000000002
0.35706202184764263,1.789659994115052,CS,20
0.35996706682223395,1.7986082940856274,CS,20.1
0.3628821476998438,1.8075565940562026,CS,20.2
0.36580667212798096,1.8165048940267778,CS,20.3
0.3687400146318067,1.8254531939973533,CS,20.400000000000002
0.3716815151947563,1.8344014939679283,CS,20.5
0.3746304777812419,1.8433497939385037,CS,20.6
0.3775861687990921,1.8522980939090787,CS,20.7
0.38054781549930455,1.8612463938796542,CS,20.8
0.38351460431057205,1.8701946938502296,CS,20.900000000000002
0.3864856791059583,1.8791429938208046,CS,21
0.3894601393989787,1.88809129379138,CS,21.1
0.3924370384662421,1.897039593761955,CS,21.2
0.39541538139368754,1.9059878937325305,CS,21.3
0.39839412304333516,1.914936193703106,CS,21.400000000000002
0.40137216593734426,1.923884493673681,CS,21.5
0.4043483580560434,1.9328327936442564,CS,21.6
0.4073214905464608,1.9417810936148314,CS,21.7
0.4102902953377484,1.9507293935854069,CS,21.8
0.4132534426597414,1.959677693555982,CS,21.900000000000002
0.41620953846074854,1.9686259935265573,CS,22
0.4191571217205128,1.9775742934971325,CS,22.1
0.42209466165410814,1.986522593467708,CS,22.200000000000003
0.425020554802383,1.9954708934382832,CS,22.3
0.4279331220043715,2.0044191934088587,CS,22.400000000000002
0.43083060524691535,2.0133674933794334,CS,22.5
0.43371116438654866,2.022315793350009,CS,22.6
0.43657287373849063,2.0312640933205843,CS,22.700000000000003
0.4394137185273989,2.0402123932911596,CS,22.8
0.44223159119430255,2.0491606932617348,CS,22.900000000000002
0.4450242875539232,2.05810899323231,CS,23
0.44778950279635427,2.0670572932028852,CS,23.1
0.4505248273268253,2.0760055931734605,CS,23.200000000000003
0.45322774243702557,2.0849538931440357,CS,23.3
0.45589561580120264,2.093902193114611,CS,23.400000000000002
0.4585256967899701,2.102850493085186,CS,23.5
0.4611151115944857,2.1117987930557613,CS,23.6
0.46366085815335456,2.120747093026337,CS,23.700000000000003
0.46615980087431136,2.129695392996912,CS,23.8
0.4686086651424124,2.1386436929674875,CS,23.900000000000002
0.47100403160614,2.1475919929380627,CS,24
0.47334233023246863,2.156540292908638,CS,24.1
0.47561983412158465,2.165488592879213,CS,24.200000000000003
0.4778326530715846,2.1744368928497884,CS,24.3
0.47997672688307447,2.1833851928203636,CS,24.400000000000002
0.4820478183931941,2.192333492790939,CS,24.5
0.484041506228171,2.201281792761514,CS,24.6
0.48595317726306564,2.2102300927320897,CS,24.700000000000003
0.4877780187769123,2.2191783927026645,CS,24.8
0.48951101029099187,2.22812669267324,CS,24.900000000000002
0.491146915077471,2.237074992643815,CS,25
0.492680271325135,2.2460232926143906,CS,25.1
0.4941053829484033,2.254971592584966,CS,25.200000000000003
0.49541631002526343,2.263919892555541,CS,25.3
0.4966068588491783,2.2728681925261163,CS,25.400000000000002
0.49767057157942285,2.2818164924966915,CS,25.5
0.49860071547368084,2.2907647924672667,CS,25.6
0.49939027168607747,2.299713092437842,CS,25.700000000000003
0.500031923613151,2.308661392408417,CS,25.8
0.500518044769561,2.3176096923789924,CS,25.900000000000002
0.5008406861746002,2.3265579923495676,CS,26
0.5009915632298068,2.335506292320143,CS,26.1
0.500962042067192,2.3444545922907185,CS,26.200000000000003
0.5007431253467702,2.3534028922612937,CS,26.3
0.5003254374812138,2.362351192231869,CS,26.400000000000002
0.4996992092645709,2.371299492202444,CS,26.5
0.49885426188105453,2.3802477921730194,CS,26.6
0.4977799902689426,2.3891960921435946,CS,26.700000000000003
0.49646534581362933,2.39814439211417,CS,26.8
0.4948988183428145,2.407092692084745,CS,26.900000000000002
0.49306841739574014,2.4160409920553203,CS,27
0.49096165273725423,2.4249892920258955,CS,27.1
0.4885655140862887,2.433937591996471,CS,27.200000000000003
0.4858664500271361,2.442885891967046,CS,27.3
0.4828503460706254,2.4518341919376216,CS,27.400000000000002
0.47950250183097676,2.4607824919081964,CS,27.5
0.4758076072827307,2.469730791878772,CS,27.6
0.47174971806073285,2.4786790918493473,CS,27.700000000000003
0.4673122297646391,2.4876273918199225,CS,27.8
0.46247785122788004,2.4965756917904978,CS,27.900000000000002
0.45722857670940076,2.505523991761073,CS,28
0.4515456569648041,2.514472291731648,CS,28.1
0.44540956915180435,2.5234205917022234,CS,28.200000000000003
0.43879998552306493,2.5323688916727987,CS,28.3
0.4316957408576052,2.5413171916433743,CS,28.400000000000002
0.42407479858000935,2.550265491613949,CS,28.5
0.41591421551462127,2.5592137915845248,CS,28.6
0.40719010521977755,2.5681620915551,CS,28.700000000000003
0.39787759984492505,2.5771103915256752,CS,28.8
0.3879508104511768,2.5860586914962505,CS,28.900000000000002
0.3773827857334567,2.5950069914668257,CS,29
0.3661454690798928,2.603955291437401,CS,29.1
0.3542096539015436,2.612903591407976,CS,29.200000000000003
0.34154493716284096,2.6218518913785513,CS,29.3
0.328119671040324,2.6308001913491266,CS,29.400000000000002
0.3139009126343384,2.639748491319702,CS,29.5
0.29885437165533635,2.648696791290277,CS,29.6
0.2829443560032636,2.6576450912608527,CS,29.700000000000003
0.2661337151552212,2.6665933912314275,CS,29.8
0.24838378127321592,2.675541691202003,CS,29.900000000000002
0.22965430794022534,2.684489991172578,CS,30
0.20990340642911487,2.6934382911431536,CS,30.1
0.1890874794051538,2.702386591113729,CS,30.200000000000003
0.16716115195879544,2.711334891084304,CS,30.3
0.14407719986129464,2.7202831910548793,CS,30.400000000000002
0.11978647493142358,2.7292314910254545,CS,30.5
0.09423782739696396,2.7381797909960297,CS,30.6
0.06737802513007618,2.7471280909666054,CS,30.700000000000003
0.03915166963072381,2.75607639093718,CS,30.8
0.009501108627259391,2.765024690907756,CS,30.900000000000002
-0.021633654841939576,2.7739729908783306,CS,31
-0.054315057007420675,2.7829212908489063,CS,31.1
-0.08860807175550223,2.7918695908194815,CS,31.200000000000003
-0.12458031297627503,2.8008178907900567,CS,31.3
-0.16230214103214569,2.809766190760632,CS,31.400000000000002
-0.20184677351276403,2.818714490731207,CS,31.5
-0.24329040044884942,2.8276627907017824,CS,31.6
-0.28671230416432136,2.8366110906723576,CS,31.700000000000003
-0.3321949839534135,2.845559390642933,CS,31.8
-0.3798242857769667,2.854507690613508,CS,31.900000000000002
-0.4296895371798446,2.8634559905840833,CS,32
-0.48188368763961376,2.8724042905546585,CS,32.1
-0.5365034545650416,2.881352590525234,CS,32.2
-0.5936494751718078,2.890300890495809,CS,32.3
-0.6534264644719086,2.8992491904663846,CS,32.400000000000006
-0.7159433796227546,2.9081974904369594,CS,32.5
-0.7813135908920263,2.917145790407535,CS,32.6
-0.8496550595043204,2.9260940903781103,CS,32.7
-0.9210905226466974,2.935042390348685,CS,32.8
-0.9957476859211545,2.943990690319261,CS,32.900000000000006
-1.0737594235436232,2.952938990289836,CS,33
-1.1552639866014283,2.961887290260411,CS,33.1
-1.240405219693252,2.970835590230987,CS,33.2
-1.3293327862890938,2.979783890201561,CS,33.3
-1.4222024031611344,2.9887321901721373,CS,33.400000000000006
-1.5191760842503494,2.997680490142712,CS,33.5
-1.6204223943488936,3.0066287901132878,CS,33.6
-1.7261167129928898,3.015577090083863,CS,33.7
-1.8364415089768242,3.0245253900544378,CS,33.8
-1.9515866259167975,3.033473690025014,CS,33.900000000000006
-2.0717495793071796,3.0424219899955887,CS,34
-2.197135865533521,3.051370289966164,CS,34.1
-2.327959283322379,3.060318589936739,CS,34.2
-2.464442268128866,3.069266889907314,CS,34.3
-2.606816239982518,3.07821518987789,CS,34.400000000000006
-2.7553219653327883,3.087163489848465,CS,34.5
-2.9102099334579754,3.09611178981904,CS,34.6
-3.071740748023119,3.1050600897896157,CS,34.7
-3.240185534396904,3.1140083897601905,CS,34.8
-3.4158263633614734,3.1229566897307666,CS,34.900000000000006
-3.5989566918747684,3.131904989701341,CS,35
-3.789881821571968,3.1408532896719166,CS,35.1
-3.9889193757192785,3.149801589642492,CS,35.2
-4.196399795363129,3.1587498896130675,CS,35.300000000000004
-4.412666855446926,3.167698189583642,CS,35.4
-4.638078201698944,3.1766464895542175,CS,35.5
-4.873005909127059,3.1855947895247927,CS,35.6
-5.117837062990108,3.1945430894953684,CS,35.7
-5.372974363149934,3.2034913894659436,CS,35.800000000000004
-5.638836752745247,3.2124396894365184,CS,35.9
-5.915860072165976,3.2213879894070936,CS,36
-6.204497739345991,3.2303362893776693,CS,36.1
-6.505221457433476,3.2392845893482445,CS,36.2
-6.818521950940659,3.2482328893188197,CS,36.300000000000004
-7.144909731518563,3.2571811892893945,CS,36.4
-7.484915894549434,3.26612948925997,CS,36.5
-7.839092947796254,3.2750777892305454,CS,36.6
-8.208015673400077,3.2840260892011206,CS,36.7
-8.592282024566359,3.2929743891716963,CS,36.800000000000004
-8.99251405833679,3.301922689142271,CS,36.9
-9.409358905898307,3.3108709891128463,CS,37
-9.843489781939684,3.3198192890834215,CS,37.1
-10.295607034627587,3.328767589053997,CS,37.2
-10.76643923783573,3.3377158890245724,CS,37.300000000000004
-11.256744327328095,3.346664188995147,CS,37.4
-11.767310782664694,3.3556124889657224,CS,37.5
-12.298958856669367,3.364560788936298,CS,37.6
-12.852541854374035,3.3735090889068733,CS,37.7
-13.428947463430141,3.382457388877449,CS,37.800000000000004
-14.029099138057921,3.3914056888480237,CS,37.9
-14.653957538688633,3.400353988818599,CS,38
0.03815107451470272,2.9903498793121672,TT,3
0.038707929328610016,3.0074476302241573,TT,3.1
0.039272912020440316,3.0245453811361473,TT,3.2
0.03984614122504675,3.0416431320481374,TT,3.3
0.040427737308880024,3.0587408829601275,TT,3.4
0.04101782239526267,3.0758386338721175,TT,3.5
0.04161652039003227,3.0929363847841076,TT,3.6
0.0422239570075588,3.1100341356960977,TT,3.7
0.04284025979714186,3.1271318866080877,TT,3.8
0.04346555816979303,3.144229637520078,TT,3.9
0.04409998342540921,3.161327388432068,TT,4
0.044743668780342555,3.178425139344058,TT,4.1
0.045396749395372686,3.1955228902560484,TT,4.2
0.04605936240408726,3.2126206411680385,TT,4.3
0.04673164694167673,3.2297183920800285,TT,4.4
0.04741374417414923,3.2468161429920186,TT,4.5
0.04810579732797203,3.2639138939040087,TT,4.6
0.048807951720145445,3.2810116448159987,TT,4.7
0.04952035478871558,3.298109395727989,TT,4.8
0.050243156123732646,3.3152071466399793,TT,4.9
0.05097650749866079,3.3323048975519693,TT,5
0.05172056290224647,3.3494026484639594,TT,5.1
0.0524754785708518,3.3665003993759495,TT,5.2
0.05324141302125985,3.3835981502879395,TT,5.300000000000001
0.05401852708395858,3.4006959011999296,TT,5.4
0.05480698393691053,3.4177936521119197,TT,5.5
0.055606949139815245,3.4348914030239097,TT,5.6
0.056418590668871706,3.4519891539359,TT,5.7
0.057242078952048005,3.4690869048478903,TT,5.800000000000001
0.05807758690486558,3.4861846557598803,TT,5.9
0.05892528996670578,3.5032824066718704,TT,6
0.05978536613764583,3.52038015758386,TT,6.1
0.06065799601583273,3.5374779084958505,TT,6.2
0.061543362835401856,3.554575659407841,TT,6.300000000000001
0.062441652504949284,3.571673410319831,TT,6.4
0.06335305364656506,3.588771161231821,TT,6.5
0.064277757635436,3.6058689121438112,TT,6.6
0.06521595864002631,3.6229666630558013,TT,6.7
0.06616785366284406,3.6400644139677913,TT,6.800000000000001
0.06713364258180249,3.6571621648797814,TT,6.9
0.06811352819218458,3.6742599157917715,TT,7
0.0691077162492196,3.6913576667037615,TT,7.1000000000000005
0.0701164155112805,3.7084554176157516,TT,7.2
0.07113983778371147,3.7255531685277417,TT,7.3
0.07217819796329425,3.7426509194397317,TT,7.4
0.07323171408336314,3.7597486703517218,TT,7.5
0.07430060735957753,3.7768464212637123,TT,7.6000000000000005
0.07538510223636152,3.793944172175702,TT,7.7
0.07648542643402102,3.8110419230876924,TT,7.800000000000001
0.07760181099654698,3.8281396739996825,TT,7.9
0.07873449034011558,3.8452374249116725,TT,8
0.07988370230229506,3.862335175823663,TT,8.100000000000001
0.08104968819196945,3.8794329267356527,TT,8.2
0.08223269283998959,3.896530677647643,TT,8.3
0.0834329646505617,3.9136284285596332,TT,8.4
0.08465075565338462,3.9307261794716233,TT,8.5
0.08588632155654578,3.9478239303836133,TT,8.600000000000001
0.08713992180018738,3.9649216812956034,TT,8.7
0.08841181961095364,3.9820194322075935,TT,8.8
0.08970228205722994,3.9991171831195835,TT,8.9
0.091011580105186,4.016214934031574,TT,9
0.09233998867563363,4.033312684943564,TT,9.100000000000001
0.09368778670171124,4.050410435855554,TT,9.2
0.09505525718740694,4.067508186767544,TT,9.3
0.09644268726693125,4.084605937679534,TT,9.4
0.09785036826495296,4.101703688591524,TT,9.5
0.09927859575770878,4.118801439503515,TT,9.600000000000001
0.10072766963499988,4.135899190415504,TT,9.7
0.10219789416308804,4.152996941327495,TT,9.8
0.10368957804850296,4.170094692239485,TT,9.9
0.10520303450277452,4.187192443151474,TT,10
0.10673858130810221,4.204290194063465,TT,10.100000000000001
0.10829654088397489,4.221387944975454,TT,10.2
0.10987724035475396,4.238485695887445,TT,10.3
0.11148101161823298,4.255583446799435,TT,10.4
0.11310819141518727,4.272681197711425,TT,10.5
0.1147591213999269,4.2897789486234155,TT,10.600000000000001
0.11643414821186615,4.3068766995354055,TT,10.7
0.11813362354812397,4.323974450447396,TT,10.8
0.11985790423716774,4.341072201359386,TT,10.9
0.12160735231351555,4.358169952271376,TT,11
0.12338233509350965,4.375267703183366,TT,11.1
0.12518322525217568,4.392365454095357,TT,11.200000000000001
0.12701040090118082,4.409463205007347,TT,11.3
0.12886424566790575,4.426560955919337,TT,11.4
0.13074514877564322,4.443658706831327,TT,11.5
0.13265350512493793,4.460756457743317,TT,11.6
0.13458971537608092,4.477854208655307,TT,11.700000000000001
0.13655418603277272,4.494951959567297,TT,11.8
0.13854732952696874,4.512049710479287,TT,11.9
0.14056956430492018,4.529147461391277,TT,12
0.14262131491442392,4.546245212303267,TT,12.1
0.14470301209329528,4.563342963215257,TT,12.200000000000001
0.14681509285907468,4.580440714127247,TT,12.3
0.1489580005999838,4.5975384650392375,TT,12.4
0.15113218516714022,4.6146362159512275,TT,12.5
0.1533381029680452,4.631733966863218,TT,12.600000000000001
0.15557621706135438,4.648831717775208,TT,12.700000000000001
0.15784699725294335,4.665929468687198,TT,12.8
0.16015092019327767,4.683027219599188,TT,12.9
0.16248846947609788,4.700124970511178,TT,13
0.16486013573842778,4.717222721423168,TT,13.100000000000001
0.16726641676191434,4.734320472335158,TT,13.200000000000001
0.1697078175755067,4.751418223247148,TT,13.3
0.17218485055947996,4.768515974159138,TT,13.4
0.17469803555080843,4.785613725071128,TT,13.5
0.17724789994989287,4.802711475983119,TT,13.600000000000001
0.1798349788286424,4.819809226895109,TT,13.700000000000001
0.18245981503991274,4.836906977807099,TT,13.8
0.18512295932829853,4.854004728719089,TT,13.9
0.18782497044227622,4.871102479631079,TT,14
0.19056641524769255,4.888200230543069,TT,14.100000000000001
0.19334786884258856,4.9052979814550595,TT,14.200000000000001
0.19616991467334993,4.9223957323670495,TT,14.3
0.1990331446521686,4.93949348327904,TT,14.4
0.20193815927579653,4.95659123419103,TT,14.5
0.20488556774557357,4.973688985103021,TT,14.600000000000001
0.20787598808869973,4.990786736015011,TT,14.700000000000001
0.2109100472807246,5.007884486927001,TT,14.8
0.21398838136921763,5.024982237838991,TT,14.9
0.21711163559857716,5.042079988750981,TT,15
0.2202804645359334,5.059177739662971,TT,15.100000000000001
0.2234955321980888,5.076275490574961,TT,15.200000000000001
0.2267575121794368,5.093373241486951,TT,15.3
0.23006708778078738,5.110470992398941,TT,15.4
0.23342495213902173,5.127568743310931,TT,15.5
0.2368318083574873,5.144666494222921,TT,15.600000000000001
0.24028836963703265,5.161764245134911,TT,15.700000000000001
0.24379535940757185,5.178861996046901,TT,15.8
0.24735351146005266,5.195959746958891,TT,15.9
0.2509635700786881,5.2130574978708815,TT,16
0.25462629017329885,5.2301552487828715,TT,16.1
0.2583424374115893,5.247252999694862,TT,16.200000000000003
0.2621127883511691,5.264350750606852,TT,16.3
0.26593813057110455,5.281448501518842,TT,16.4
0.26981926280276375,5.298546252430832,TT,16.5
0.2737569950596924,5.315644003342822,TT,16.6
0.2777521487662328,5.332741754254813,TT,16.700000000000003
0.28180555688456277,5.349839505166802,TT,16.8
0.2859180640398016,5.366937256078792,TT,16.9
0.2900905266427909,5.384035006990782,TT,17
0.29432381301011845,5.401132757902773,TT,17.1
0.2986188034809101,5.418230508814763,TT,17.200000000000003
0.3029763905298626,5.435328259726753,TT,17.3
0.30739747887594154,5.452426010638742,TT,17.4
0.31188298558610417,5.469523761550733,TT,17.5
0.3164338401733474,5.486621512462723,TT,17.6
0.3210509846883102,5.503719263374714,TT,17.700000000000003
0.32573537380357775,5.5208170142867035,TT,17.8
0.3304879748897571,5.5379147651986935,TT,17.9
0.33530976808229424,5.555012516110684,TT,18
0.3402017463379043,5.5721102670226745,TT,18.1
0.3451649154793764,5.589208017934665,TT,18.200000000000003
0.35020029422738624,5.606305768846655,TT,18.3
0.35530891421782235,5.623403519758644,TT,18.4
0.3604918200029789,5.640501270670635,TT,18.5
0.3657500690348081,5.657599021582625,TT,18.6
0.3710847316282535,5.674696772494615,TT,18.700000000000003
0.3764968909024821,5.691794523406605,TT,18.8
0.381987642697628,5.708892274318595,TT,18.9
0.38755809546442577,5.725990025230585,TT,19
0.3932093701238509,5.743087776142575,TT,19.1
0.3989425998936164,5.760185527054565,TT,19.2
0.4047589300780544,5.777283277966555,TT,19.3
0.4106595178175839,5.794381028878545,TT,19.400000000000002
0.41664553179359415,5.811478779790535,TT,19.5
0.4227181518841713,5.8285765307025255,TT,19.6
0.4288785687656476,5.8456742816145155,TT,19.7
0.4351279834544761,5.862772032526506,TT,19.8
0.4414676067833908,5.879869783438496,TT,19.900000000000002
0.4478986588052403,5.896967534350486,TT,20
0.454422368117236,5.914065285262476,TT,20.1
0.46103997109765726,5.931163036174466,TT,20.2
0.46775271104629335,5.948260787086456,TT,20.3
0.47456183721905293,5.965358537998447,TT,20.400000000000002
0.4814686037462566,5.982456288910436,TT,20.5
0.48847426842311537,5.999554039822427,TT,20.6
0.4955800913597879,6.016651790734416,TT,20.7
0.5027873334772033,6.033749541646407,TT,20.8
0.510097254833496,6.050847292558397,TT,20.900000000000002
0.5175111127644546,6.067945043470387,TT,21
0.5250301598197763,6.085042794382377,TT,21.1
0.5326556414751769,6.102140545294367,TT,21.2
0.5403887935984895,6.119238296206357,TT,21.3
0.548230839645772,6.136336047118348,TT,21.400000000000002
0.5561829875611527,6.1534337980303375,TT,21.5
0.564246426351612,6.1705315489423285,TT,21.6
0.5724223223051298,6.187629299854318,TT,21.7
0.5807118148176028,6.204727050766309,TT,21.8
0.5891160117906052,6.221824801678299,TT,21.900000000000002
0.597635984558433,6.238922552590289,TT,22
0.6062727622988743,6.256020303502279,TT,22.1
0.6150273258777793,6.273118054414269,TT,22.200000000000003
0.6239006010727101,6.290215805326259,TT,22.3
0.6328934511157002,6.307313556238249,TT,22.400000000000002
0.64200666848939,6.324411307150239,TT,22.5
0.6512409659045149,6.341509058062229,TT,22.6
0.660596966379785,6.358606808974219,TT,22.700000000000003
0.6700751923376485,6.375704559886209,TT,22.8
0.6796760536211088,6.392802310798199,TT,22.900000000000002
0.6893998343276763,6.409900061710189,TT,23
0.6992466783465717,6.426997812622179,TT,23.1
0.7092165734743635,6.4440955635341695,TT,23.200000000000003
0.7193093339722576,6.4611933144461595,TT,23.3
0.7295245814151371,6.4782910653581505,TT,23.400000000000002
0.7398617236680636,6.49538881627014,TT,23.5
0.750319931810214,6.512486567182131,TT,23.6
0.7608981148089375,6.529584318094121,TT,23.700000000000003
0.7715948917277179,6.546682069006111,TT,23.8
0.7824085612310755,6.563779819918101,TT,23.900000000000002
0.7933370681267263,6.580877570830091,TT,24
0.8043779666604155,6.597975321742081,TT,24.1
0.8155283802515488,6.615073072654071,TT,24.200000000000003
0.8267849573278445,6.632170823566061,TT,24.3
0.8381438228844625,6.649268574478051,TT,24.400000000000002
0.8496005253571284,6.666366325390041,TT,24.5
0.8611499783594644,6.683464076302031,TT,24.6
0.8727863967915451,6.700561827214021,TT,24.700000000000003
0.8845032267794953,6.717659578126011,TT,24.8
0.8962930688541092,6.734757329038001,TT,24.900000000000002
0.908147593719731,6.7518550799499915,TT,25
0.9200574499024381,6.7689528308619815,TT,25.1
0.9320121624983916,6.7860505817739725,TT,25.200000000000003
0.9440000221685362,6.803148332685962,TT,25.3
0.9560079634439699,6.820246083597953,TT,25.400000000000002
0.9680214313165889,6.837343834509942,TT,25.5
0.980024234991332,6.854441585421933,TT,25.6
0.9919983875685912,6.871539336333923,TT,25.700000000000003
1.0039239303073306,6.888637087245913,TT,25.8
1.0157787399900682,6.905734838157903,TT,25.900000000000002
1.0275383177690949,6.922832589069893,TT,26
1.039175557717972,6.939930339981883,TT,26.1
1.0506604931420487,6.957028090893873,TT,26.200000000000003
1.0619600185152103,6.974125841805863,TT,26.3
1.0730375847055607,6.991223592717853,TT,26.400000000000002
1.0838528649287151,7.008321343629843,TT,26.5
1.094361388621814,7.025419094541833,TT,26.6
1.1045141401622995,7.042516845453824,TT,26.700000000000003
1.114257119060623,7.0596145963658135,TT,26.8
1.1235308579329017,7.076712347277804,TT,26.900000000000002
1.1322698942054386,7.093810098189794,TT,27
1.140402191114947,7.1109078491017845,TT,27.1
1.1478485031430559,7.128005600013775,TT,27.200000000000003
1.1545216805576586,7.145103350925764,TT,27.3
1.1603259072229468,7.162201101837755,TT,27.400000000000002
1.1651558652803202,7.179298852749744,TT,27.5
1.1688958196890566,7.196396603661735,TT,27.6
1.1714186149435248,7.213494354573725,TT,27.700000000000003
1.172584575547198,7.230592105485715,TT,27.8
1.1722403010165776,7.247689856397705,TT,27.900000000000002
1.1702173453036688,7.264787607309695,TT,28
1.1663307695563137,7.281885358221685,TT,28.1
1.1603775560735177,7.298983109133675,TT,28.200000000000003
1.1521348701488487,7.316080860045665,TT,28.3
1.141358155219372,7.333178610957655,TT,28.400000000000002
1.1277790453397079,7.350276361869645,TT,28.5
1.1111030774688808,7.3673741127816355,TT,28.6
1.0910071843788687,7.384471863693626,TT,28.700000000000003
1.0671369471541152,7.401569614605616,TT,28.8
1.039103584235229,7.4186673655176065,TT,28.900000000000002
1.006480651750826,7.435765116429596,TT,29
0.9688004274603379,7.452862867341587,TT,29.1
0.9255499479775982,7.469960618253577,TT,29.200000000000003
0.8761666660374048,7.487058369165567,TT,29.3
0.8200336913811328,7.504156120077557,TT,29.400000000000002
0.756474575345849,7.521253870989547,TT,29.5
0.684747595415043,7.538351621901537,TT,29.6
0.6040394917960135,7.555449372813527,TT,29.700000000000003
0.5134586034937536,7.572547123725517,TT,29.8
0.4120273463158102,7.589644874637507,TT,29.900000000000002
0.2986739697242109,7.606742625549497,TT,30
0.17222352340328873,7.623840376461487,TT,30.1
0.03138795778538506,7.640938127373478,TT,30.200000000000003
-0.1252447244857975,7.658035878285467,TT,30.3
-0.2992223571328796,7.675133629197458,TT,30.400000000000002
-0.49224163856316405,7.6922313801094475,TT,30.5
-0.7061624091850489,7.709329131021438,TT,30.6
-0.9430232974526205,7.7264268819334285,TT,30.700000000000003
-1.2050588658466181,7.743524632845418,TT,30.8
-1.4947184005770624,7.760622383757409,TT,30.900000000000002
-1.814686502576432,7.777720134669398,TT,31
-2.16790565245682,7.794817885581389,TT,31.1
-2.5576009386566554,7.811915636493379,TT,31.200000000000003
-2.9873071561425673,7.829013387405369,TT,31.3
-3.4608985029091395,7.846111138317359,TT,31.400000000000002
-3.9826211233033098,7.863208889229349,TT,31.5
-4.557128771072092,7.880306640141339,TT,31.6
-5.189521891191912,7.897404391053329,TT,31.700000000000003
-5.885390448205939,7.914502141965319,TT,31.8
-6.650860860211788,7.931599892877309,TT,31.900000000000002
-7.492647432068548,7.948697643789299,TT,32
-8.41810871912163,7.965795394701289,TT,32.1
-9.435309294085284,7.98289314561328,TT,32.2
-10.553087435032914,7.9999908965252695,TT,32.3
-11.781129302094406,8.01708864743726,TT,32.400000000000006
-13.130050224868954,8.034186398349249,TT,32.5
-14.61148378219191,8.05128414926124,TT,32.6
-16.238179421228395,8.06838190017323,TT,32.7
-18.02410943448061,8.085479651085219,TT,32.8
-19.984586191758446,8.102577401997213,TT,32.900000000000006
-22.13639061015508,8.1196751529092,TT,33
-24.497912939310755,8.136772903821191,TT,33.1
-27.089307042504167,8.153870654733181,TT,33.2
-29.93265946728925,8.17096840564517,TT,33.3
-33.05217472340441,8.188066156557163,TT,33.400000000000006
-36.47437832158361,8.205163907469151,TT,33.5
-40.22833927583971,8.222261658381141,TT,33.6
-44.3459139349811,8.239359409293133,TT,33.7
-48.86201318799464,8.25645716020512,TT,33.8
-53.814895283912925,8.273554911117113,TT,33.900000000000006
-59.24648672157014,8.290652662029101,TT,34
-65.2027339000419,8.307750412941092,TT,34.1
-71.73398847847312,8.324848163853083,TT,34.2
-78.8954296766987,8.341945914765072,TT,34.3
-86.74752705779574,8.359043665677063,TT,34.400000000000006
-95.35654767316304,8.376141416589052,TT,34.5
-104.79511182274585,8.393239167501044,TT,34.6
-115.14280209063162,8.410336918413034,TT,34.7
-126.48683076301845,8.427434669325022,TT,34.8
-138.92277122508966,8.444532420237014,TT,34.900000000000006
-152.55535946980623,8.461630171149004,TT,35
-167.4993724395852,8.478727922060994,TT,35.1
-183.88059056601594,8.495825672972984,TT,35.2
-201.8368525789004,8.512923423884974,TT,35.300000000000004
-221.51921142953054,8.530021174796964,TT,35.4
-243.09320102102316,8.547118925708954,TT,35.5
-266.7402243676848,8.564216676620944,TT,35.6
-292.65907482362337,8.581314427532934,TT,35.7
-321.067603136587,8.598412178444924,TT,35.800000000000004
-352.2045443059026,8.615509929356914,TT,35.9
-386.331519563296,8.632607680268904,TT,36
-423.73523026389944,8.649705431180895,TT,36.1
-464.7298620840006,8.666803182092885,TT,36.2
-509.6597196854806,8.683900933004875,TT,36.300000000000004
-558.902113939554,8.700998683916865,TT,36.4
-612.870525920162,8.718096434828855,TT,36.5
-672.0180741980682,8.735194185740845,TT,36.6
-736.8413145102325,8.752291936652835,TT,36.7
-807.8844036658832,8.769389687564825,TT,36.800000000000004
-885.7436626050008,8.786487438476815,TT,36.9
-971.0725768721114,8.803585189388805,TT,37
-1064.5872764359087,8.820682940300795,TT,37.1
-1167.0725408048688,8.837780691212785,TT,37.2
-1279.3883797938415,8.854878442124775,TT,37.300000000000004
-1402.4772451233505,8.871976193036765,TT,37.4
-1537.3719333235015,8.889073943948755,TT,37.5
-1685.2042462107834,8.906171694860745,TT,37.6
-1847.214481558809,8.923269445772736,TT,37.7
-2024.7618335454792,8.940367196684726,TT,37.800000000000004
-2219.335790187745,8.957464947596716,TT,37.9
-2432.5686233351553,8.974562698508706,TT,38
