umax_temp,ks_temp,Species,temp
-0.11382209883039422,0.2235249186063818,AC,3
-0.10977024054188082,0.23097574922659453,AC,3.1
-0.10569268909616937,0.23842657984680726,AC,3.2
-0.10158942724308535,0.24587741046701997,AC,3.3
-0.09746043922713298,0.25332824108723273,AC,3.4
-0.09330571081018403,0.26077907170744546,AC,3.5
-0.0891252292944113,0.2682299023276582,AC,3.6
-0.08491898354546341,0.27568073294787093,AC,3.7
-0.08068696401588314,0.2831315635680836,AC,3.8
-0.07642916276877444,0.29058239418829634,AC,3.9
-0.07214557350171776,0.2980332248085091,AC,4
-0.06783619157093722,0.30548405542872176,AC,4.1
-0.06350101401572104,0.31293488604893455,AC,4.2
-0.05914003958309911,0.3203857166691472,AC,4.3
-0.05475326875277687,0.32783654728936,AC,4.4
-0.050340703762332864,0.3352873779095727,AC,4.5
-0.04590234863267537,0.3427382085297854,AC,4.6
-0.04143820919376857,0.35018903914999816,AC,4.7
-0.03694829311062432,0.3576398697702109,AC,4.8
-0.03243260990956347,0.36509070039042363,AC,4.9
-0.027891171004751854,0.37254153101063636,AC,5
-0.023323989725009747,0.37999236163084904,AC,5.1
-0.018731081340898896,0.38744319225106183,AC,5.2
-0.014112463092091646,0.39489402287127456,AC,5.300000000000001
-0.009468154215019526,0.4023448534914873,AC,5.4
-0.0047981759708096705,0.4097956841117,AC,5.5
-1.0255167350712275e-4,0.4172465147319127,AC,5.6
0.004618693281412879,0.42469734535212544,AC,5.7
0.009365531388236835,0.43214817597233823,AC,5.800000000000001
0.014137933001913435,0.4395990065925509,AC,5.9
0.018935866308653414,0.4470498372127636,AC,6
0.023759297296230043,0.4545006678329763,AC,6.1
0.0286081897239746,0.46195149845318906,AC,6.2
0.03348250509246766,0.46940232907340185,AC,6.300000000000001
0.03838220261291985,0.4768531596936145,AC,6.4
0.04330723917624241,0.48430399031382726,AC,6.5
0.04825756932180242,0.49175482093403994,AC,6.6
0.053233145205861185,0.4992056515542527,AC,6.7
0.0582339165696931,0.5066564821744655,AC,6.800000000000001
0.06325983070738066,0.5141073127946781,AC,6.9
0.06831083243328535,0.5215581434148909,AC,7
0.07338686404918811,0.5290089740351036,AC,7.1000000000000005
0.07848786531109987,0.5364598046553164,AC,7.2
0.08361377339573758,0.5439106352755291,AC,7.3
0.08876452286666141,0.5513614658957419,AC,7.4
0.09394004564007359,0.5588122965159545,AC,7.5
0.09914027095027243,0.5662631271361673,AC,7.6000000000000005
0.10436512531476057,0.57371395775638,AC,7.7
0.10961453249900445,0.5811647883765928,AC,7.800000000000001
0.11488841348083963,0.5886156189968055,AC,7.9
0.12018668641452192,0.5960664496170182,AC,8
0.1255092665944195,0.603517280237231,AC,8.100000000000001
0.13085606641834246,0.6109681108574435,AC,8.2
0.13622699535050853,0.6184189414776564,AC,8.3
0.14162195988413886,0.6258697720978691,AC,8.4
0.14704086350368362,0.6333206027180818,AC,8.5
0.15248360664667263,0.6407714333382947,AC,8.600000000000001
0.15795008666518687,0.6482222639585072,AC,8.7
0.16344019778695085,0.65567309457872,AC,8.8
0.16895383107603687,0.6631239251989327,AC,8.9
0.17449087439318492,0.6705747558191454,AC,9
0.18005121235572827,0.6780255864393583,AC,9.100000000000001
0.18563472629712555,0.6854764170595709,AC,9.2
0.1912412942260944,0.6929272476797836,AC,9.3
0.19687079078534223,0.7003780782999963,AC,9.4
0.20252308720989337,0.7078289089202091,AC,9.5
0.20819805128500599,0.7152797395404219,AC,9.600000000000001
0.2138955473036767,0.7227305701606345,AC,9.7
0.21961543602373002,0.7301814007808473,AC,9.8
0.2253575746244871,0.73763223140106,AC,9.9
0.23112181666301204,0.7450830620212727,AC,10
0.23690801202993073,0.7525338926414855,AC,10.100000000000001
0.24271600690481834,0.7599847232616981,AC,10.2
0.24854564371115495,0.767435553881911,AC,10.3
0.2543967610708391,0.7748863845021237,AC,10.4
0.26026919375826274,0.7823372151223363,AC,10.5
0.2661627726539389,0.7897880457425491,AC,10.600000000000001
0.2720773246976786,0.7972388763627617,AC,10.7
0.2780126728413172,0.8046897069829746,AC,10.8
0.2839686360009801,0.8121405376031873,AC,10.9
0.28994502900888847,0.8195913682234,AC,11
0.29594166256469956,0.8270421988436126,AC,11.1
0.3019583431863772,0.8344930294638255,AC,11.200000000000001
0.30799487316058866,0.8419438600840382,AC,11.3
0.31405105049262444,0.8493946907042509,AC,11.4
0.32012666885583574,0.8568455213244636,AC,11.5
0.3262215175405861,0.8642963519446764,AC,11.6
0.3323353814027135,0.8717471825648891,AC,11.700000000000001
0.3384680408114976,0.8791980131851018,AC,11.8
0.344619271597129,0.8866488438053145,AC,11.9
0.3507888449976744,0.8940996744255272,AC,12
0.3569765276055368,0.90155050504574,AC,12.1
0.3631820813134022,0.9090013356659528,AC,12.200000000000001
0.36940526325967094,0.9164521662861654,AC,12.3
0.37564582577336947,0.9239029969063781,AC,12.4
0.3819035163185364,0.9313538275265909,AC,12.5
0.3881780774380804,0.9388046581468037,AC,12.600000000000001
0.39446924669710176,0.9462554887670164,AC,12.700000000000001
0.40077675662567985,0.953706319387229,AC,12.8
0.40710033466111284,0.9611571500074418,AC,12.9
0.41343970308961386,0.9686079806276545,AC,13
0.41979457898745165,0.9760588112478673,AC,13.100000000000001
0.4261646741615361,0.98350964186808,AC,13.200000000000001
0.43254969508944197,0.9909604724882928,AC,13.3
0.43894934285886483,0.9984113031085055,AC,13.4
0.4453633131065069,1.0058621337287181,AC,13.5
0.45179129595638556,1.013312964348931,AC,13.600000000000001
0.4582329759575616,1.0207637949691437,AC,13.700000000000001
0.46468803202128034,1.0282146255893563,AC,13.8
0.4711561373575228,1.035665456209569,AC,13.9
0.47763695941096007,1.0431162868297819,AC,14
0.48413015979630636,1.0505671174499946,AC,14.100000000000001
0.49063539423306507,1.0580179480702072,AC,14.200000000000001
0.49715231247966596,1.06546877869042,AC,14.3
0.5036805582669825,1.0729196093106328,AC,14.4
0.5102197692312295,1.0803704399308454,AC,14.5
0.5167695768462325,1.0878212705510582,AC,14.600000000000001
0.523329606355065,1.095272101171271,AC,14.700000000000001
0.5298994767010481,1.1027229317914837,AC,14.8
0.5364788004581066,1.1101737624116963,AC,14.9
0.5430671837604769,1.117624593031909,AC,15
0.5496642262317599,1.1250754236521219,AC,15.100000000000001
0.5562695209133146,1.1325262542723347,AC,15.200000000000001
0.562882654191987,1.1399770848925472,AC,15.3
0.5695032057271678,1.14742791551276,AC,15.4
0.5761307483771732,1.1548787461329726,AC,15.5
0.5827648481249432,1.1623295767531856,AC,15.600000000000001
0.5894050640030535,1.1697804073733982,AC,15.700000000000001
0.596050948018032,1.177231237993611,AC,15.8
0.6027020450739764,1.1846820686138235,AC,15.9
0.6093578928954654,1.1921328992340363,AC,16
0.6160180219497606,1.199583729854249,AC,16.1
0.6226819553682882,1.207034560474462,AC,16.200000000000003
0.6293492088673991,1.2144853910946745,AC,16.3
0.6360192906683989,1.221936221714887,AC,16.4
0.6426917014168433,1.2293870523351,AC,16.5
0.6493659341010884,1.2368378829553128,AC,16.6
0.656041473970097,1.2442887135755256,AC,16.700000000000003
0.662717798450488,1.2517395441957382,AC,16.8
0.6693943770628267,1.2591903748159508,AC,16.9
0.6760706713371464,1.2666412054361635,AC,17
0.6827461347276972,1.2740920360563763,AC,17.1
0.6894202125269165,1.2815428666765893,AC,17.200000000000003
0.6960923417786102,1.288993697296802,AC,17.3
0.702761951190343,1.2964445279170145,AC,17.4
0.7094284610450292,1.3038953585372273,AC,17.5
0.7160912831117149,1.31134618915744,AC,17.6
0.7227498205555494,1.3187970197776528,AC,17.700000000000003
0.7294034678469357,1.3262478503978654,AC,17.8
0.7360516106698561,1.333698681018078,AC,17.9
0.742693625829361,1.3411495116382908,AC,18
0.7493288811582193,1.3486003422585038,AC,18.1
0.7559567354227218,1.3560511728787166,AC,18.200000000000003
0.7625765382276282,1.3635020034989291,AC,18.3
0.7691876299202546,1.3709528341191417,AC,18.4
0.7757893414936906,1.3784036647393545,AC,18.5
0.78238099448914,1.3858544953595673,AC,18.6
0.7889619008973796,1.39330532597978,AC,18.700000000000003
0.7955313630593264,1.4007561565999926,AC,18.8
0.8020886735657073,1.4082069872202052,AC,18.9
0.8086331151558235,1.4156578178404182,AC,19
0.8151639606153994,1.423108648460631,AC,19.1
0.8216804726735144,1.4305594790808436,AC,19.2
0.8281819038986054,1.4380103097010564,AC,19.3
0.8346674965935306,1.4454611403212692,AC,19.400000000000002
0.8411364826896937,1.4529119709414817,AC,19.5
0.847588083640216,1.4603628015616945,AC,19.6
0.8540215103121446,1.467813632181907,AC,19.7
0.8604359628776997,1.47526446280212,AC,19.8
0.8668306307045428,1.4827152934223329,AC,19.900000000000002
0.8732046922450614,1.4901661240425454,AC,20
0.8795573149246652,1.4976169546627582,AC,20.1
0.8858876550290792,1.5050677852829708,AC,20.2
0.8921948575906316,1.5125186159031836,AC,20.3
0.8984780562735241,1.5199694465233964,AC,20.400000000000002
0.9047363732580773,1.527420277143609,AC,20.5
0.9109689191239452,1.534871107763822,AC,20.6
0.9171747927322857,1.5423219383840345,AC,20.7
0.9233530811068827,1.5497727690042473,AC,20.8
0.9295028593142084,1.55722359962446,AC,20.900000000000002
0.935623190342419,1.5646744302446727,AC,21
0.9417131249792744,1.5721252608648855,AC,21.1
0.947771701688972,1.579576091485098,AC,21.2
0.953797946487886,1.5870269221053108,AC,21.3
0.9597908728192062,1.5944777527255238,AC,21.400000000000002
0.9657494814264626,1.6019285833457364,AC,21.5
0.9716727602259297,1.6093794139659492,AC,21.6
0.9775596841778997,1.6168302445861618,AC,21.7
0.9834092151568192,1.6242810752063745,AC,21.8
0.9892203018202711,1.6317319058265873,AC,21.900000000000002
0.9949918794768048,1.6391827364468,AC,22
1.000722869952594,1.6466335670670127,AC,22.1
1.0064121814569194,1.6540843976872257,AC,22.200000000000003
1.0120587084464636,1.6615352283074383,AC,22.3
1.0176613314884095,1.668986058927651,AC,22.400000000000002
1.0232189171223314,1.6764368895478636,AC,22.5
1.0287303177208724,1.6838877201680764,AC,22.6
1.0341943713491926,1.6913385507882892,AC,22.700000000000003
1.039609901623182,1.6987893814085018,AC,22.8
1.0449757175664278,1.7062402120287146,AC,22.900000000000002
1.0502906134659251,1.7136910426489271,AC,23
1.0555533687265202,1.7211418732691401,AC,23.1
1.060762747724076,1.728592703889353,AC,23.200000000000003
1.0659174996573524,1.7360435345095655,AC,23.3
1.0710163583985877,1.7434943651297783,AC,23.400000000000002
1.0760580423427695,1.7509451957499909,AC,23.5
1.0810412542555892,1.7583960263702036,AC,23.6
1.085964681120066,1.7658468569904164,AC,23.700000000000003
1.0908269939818285,1.773297687610629,AC,23.8
1.0956268477930466,1.7807485182308418,AC,23.900000000000002
1.1003628812550013,1.7881993488510544,AC,24
1.105033716659277,1.7956501794712674,AC,24.1
1.1096379597275745,1.8031010100914802,AC,24.200000000000003
1.114174199450123,1.8105518407116927,AC,24.3
1.1186410079226898,1.8180026713319055,AC,24.400000000000002
1.1230369401821654,1.825453501952118,AC,24.5
1.1273605340407236,1.8329043325723309,AC,24.6
1.1316103099185368,1.8403551631925437,AC,24.700000000000003
1.1357847706750381,1.8478059938127562,AC,24.8
1.13988240143872,1.8552568244329692,AC,24.900000000000002
1.1439016694354527,1.8627076550531818,AC,25
1.1478410238153178,1.8701584856733946,AC,25.1
1.151698895477936,1.8776093162936074,AC,25.200000000000003
1.1554736968962844,1.88506014691382,AC,25.3
1.1591638219389893,1.8925109775340327,AC,25.400000000000002
1.1627676456910783,1.8999618081542453,AC,25.5
1.1662835242731833,1.907412638774458,AC,25.6
1.1697097946591835,1.9148634693946711,AC,25.700000000000003
1.1730447744922672,1.9223143000148837,AC,25.8
1.1762867618994135,1.9297651306350965,AC,25.900000000000002
1.1794340353042647,1.937215961255309,AC,26
1.1824848532383911,1.9446667918755218,AC,26.1
1.1854374541509285,1.9521176224957346,AC,26.200000000000003
1.1882900562165717,1.9595684531159472,AC,26.3
1.1910408571419189,1.96701928373616,AC,26.400000000000002
1.1936880339701503,1.9744701143563725,AC,26.5
1.1962297428840236,1.9819209449765856,AC,26.6
1.198664119007178,1.9893717755967983,AC,26.700000000000003
1.2009892762037344,1.996822606217011,AC,26.8
1.2032033068761687,2.0042734368372237,AC,26.900000000000002
1.2053042817614559,2.0117242674574363,AC,27
1.2072902497254647,2.0191750980776493,AC,27.1
1.2091592375555895,2.026625928697862,AC,27.200000000000003
1.210909249751605,2.0340767593180744,AC,27.3
1.212538268314732,2.0415275899382874,AC,27.400000000000002
1.2140442525348976,2.0489784205585,AC,27.5
1.2154251387761743,2.0564292511787126,AC,27.6
1.216678840260388,2.0638800817989256,AC,27.700000000000003
1.2178032468488749,2.071330912419138,AC,27.8
1.2187962248223758,2.078781743039351,AC,27.900000000000002
1.2196556166590513,2.0862325736595637,AC,28
1.220379240810605,2.0936834042797763,AC,28.1
1.2209648914764966,2.1011342348999893,AC,28.200000000000003
1.2214103383762314,2.108585065520202,AC,28.3
1.221713326519712,2.1160358961404144,AC,28.400000000000002
1.2218715759756336,2.123486726760627,AC,28.5
1.221882781637908,2.13093755738084,AC,28.6
1.2217446129901068,2.138388388001053,AC,28.700000000000003
1.2214547138678955,2.1458392186212656,AC,28.8
1.2210107022194545,2.153290049241478,AC,28.900000000000002
1.220410169863866,2.1607408798616907,AC,29
1.2196506822474475,2.1681917104819037,AC,29.1
1.218729778198024,2.1756425411021163,AC,29.200000000000003
1.2176449696771112,2.183093371722329,AC,29.3
1.2163937415300041,2.190544202342542,AC,29.400000000000002
1.2149735512337474,2.1979950329627544,AC,29.5
1.2133818286429725,2.2054458635829675,AC,29.6
1.211615975733584,2.21289669420318,AC,29.700000000000003
1.209673366344283,2.2203475248233926,AC,29.8
1.2075513459158993,2.2277983554436056,AC,29.900000000000002
1.2052472312285283,2.235249186063818,AC,30
1.202758310136445,2.2427000166840307,AC,30.1
1.2000818413007817,2.2501508473042438,AC,30.200000000000003
1.197215053919954,2.2576016779244563,AC,30.3
1.1941551474578078,2.2650525085446693,AC,30.400000000000002
1.1908992913694842,2.272503339164882,AC,30.5
1.1874446248249697,2.2799541697850945,AC,30.6
1.1837882564303215,2.2874050004053075,AC,30.700000000000003
1.1799272639465463,2.29485583102552,AC,30.8
1.1758586940061178,2.3023066616457326,AC,30.900000000000002
1.1715795618271097,2.309757492265945,AC,31
1.1670868509249248,2.317208322886158,AC,31.1
1.1623775128216096,2.324659153506371,AC,31.200000000000003
1.157448466752723,2.3321099841265838,AC,31.3
1.1522965993717502,2.3395608147467963,AC,31.400000000000002
1.1469187644520358,2.347011645367009,AC,31.5
1.14131178258622,2.354462475987222,AC,31.6
1.1354724408831565,2.3619133066074345,AC,31.700000000000003
1.1293974926622938,2.369364137227647,AC,31.8
1.123083657145498,2.37681496784786,AC,31.900000000000002
1.1165276191462978,2.3842657984680726,AC,32
1.1097260287565303,2.3917166290882856,AC,32.1
1.1026755010303706,2.399167459708498,AC,32.2
1.0953726156657217,2.4066182903287108,AC,32.3
1.0878139166829393,2.414069120948924,AC,32.400000000000006
1.079995912100886,2.4215199515691364,AC,32.5
1.0719150736102685,2.428970782189349,AC,32.6
1.0635678362442662,2.436421612809562,AC,32.7
1.054950598046409,2.443872443429774,AC,32.8
1.0460597197356785,2.4513232740499875,AC,32.900000000000006
1.036891524368844,2.4587741046702,AC,33
1.0274422969999617,2.4662249352904126,AC,33.1
1.017708284337064,2.4736757659106257,AC,33.2
1.0076856943959802,2.481126596530838,AC,33.3
0.9973706961512826,2.4885774271510512,AC,33.400000000000006
0.9867594191843424,2.4960282577712634,AC,33.5
0.9758479533284481,2.5034790883914764,AC,33.6
0.9646323483109913,2.5109299190116894,AC,33.7
0.9531086133926783,2.5183807496319015,AC,33.8
0.9412727170037468,2.525831580252115,AC,33.900000000000006
0.9291205863771813,2.533282410872327,AC,34
0.9166481071788681,2.54073324149254,AC,34.1
0.9038511231347084,2.5481840721127527,AC,34.2
0.8907254356546326,2.5556349027329652,AC,34.3
0.8772668034535038,2.5630857333531787,AC,34.400000000000006
0.8634709421688989,2.570536563973391,AC,34.5
0.8493335239757099,2.577987394593604,AC,34.6
0.8348501771975783,2.5854382252138164,AC,34.7
0.8200164859151123,2.592889055834029,AC,34.8
0.8048279895708645,2.600339886454242,AC,34.900000000000006
0.7892801825710705,2.6077907170744545,AC,35
0.7733685138840684,2.615241547694667,AC,35.1
0.7570883866354442,2.62269237831488,AC,35.2
0.7404351576998118,2.630143208935093,AC,35.300000000000004
0.7234041372892503,2.6375940395553052,AC,35.4
0.705990588538332,2.6450448701755183,AC,35.5
0.6881897270857588,2.652495700795731,AC,35.6
0.6699967206525376,2.659946531415944,AC,35.7
0.6514066886166929,2.6673973620361564,AC,35.800000000000004
0.6324147015844893,2.674848192656369,AC,35.9
0.6130157809581142,2.6822990232765815,AC,36
0.5932048984998332,2.6897498538967946,AC,36.1
0.5729769758925468,2.6972006845170076,AC,36.2
0.5523268842967531,2.70465151513722,AC,36.300000000000004
0.5312494439038691,2.7121023457574327,AC,36.4
0.5097394234858892,2.7195531763776453,AC,36.5
0.4877915399413629,2.7270040069978583,AC,36.6
0.46540045783763934,2.734454837618071,AC,36.7
0.442560788949373,2.741905668238284,AC,36.800000000000004
0.41926709179324523,2.749356498858496,AC,36.9
0.39551387115887554,2.756807329478709,AC,37
0.37129557763591237,2.764258160098922,AC,37.1
0.3466066071372392,2.7717089907191346,AC,37.2
0.3214413004182909,2.7791598213393476,AC,37.300000000000004
0.295793942592447,2.7866106519595597,AC,37.4
0.26965876264245403,2.7940614825797727,AC,37.5
0.2430299329278845,2.8015123131999853,AC,37.6
0.2159015686885493,2.8089631438201983,AC,37.7
0.18826772754387777,2.8164139744404113,AC,37.800000000000004
0.1601224089882125,2.8238648050606234,AC,37.9
0.1314595538819794,2.8313156356808364,AC,38
-0.15901062429898394,0.1353788320422743,CH,3
-0.15248567085020406,0.13989145977701678,CH,3.1
-0.14592883400933498,0.14440408751175926,CH,3.2
-0.13934017844942356,0.14891671524650174,CH,3.3
-0.13271977157714263,0.15342934298124422,CH,3.4
-0.12606768356600398,0.1579419707159867,CH,3.5
-0.11938398738988142,0.16245459845072918,CH,3.6
-0.11266875885684317,0.16696722618547166,CH,3.7
-0.10592207664329252,0.17147985392021411,CH,3.8
-0.09914402232842957,0.1759924816549566,CH,3.9
-0.0923346804290239,0.18050510938969908,CH,4
-0.08549413843451173,0.18501773712444153,CH,4.1
-0.07862248684241276,0.18953036485918404,CH,4.2
-0.0717198191940715,0.1940429925939265,CH,4.3
-0.06478623211072927,0.198555620328669,CH,4.4
-0.057821825329922256,0.20306824806341145,CH,4.5
-0.05082670174221655,0.20758087579815393,CH,4.6
-0.04380096742827567,0.2120935035328964,CH,4.7
-0.03674473169626609,0.2166061312676389,CH,4.8
-0.029658107119607636,0.22111875900238137,CH,4.9
-0.02254120957506312,0.22563138673712385,CH,5
-0.015394158281176065,0.2301440144718663,CH,5.1
-0.00821707583705953,0.2346566422066088,CH,5.2
-0.0010100882615329588,0.23916926994135132,CH,5.300000000000001
0.0062266749673816485,0.24368189767609377,CH,5.4
0.013493080872608877,0.24819452541083623,CH,5.5
0.020788992937807914,0.2527071531455787,CH,5.6
0.02811427106679582,0.2572197808803212,CH,5.7
0.035468771542606095,0.2617324086150637,CH,5.800000000000001
0.042852346986176425,0.2662450363498062,CH,5.9
0.05026484631466556,0.2707576640845486,CH,6
0.05770611469939349,0.2752702918192911,CH,6.1
0.06517599352340497,0.27978291955403356,CH,6.2
0.07267432033865041,0.2842955472887761,CH,6.300000000000001
0.08020092882278292,0.2888081750235185,CH,6.4
0.08775564873556851,0.293320802758261,CH,6.5
0.09533830587490508,0.2978334304930035,CH,6.6
0.10294872203244822,0.30234605822774596,CH,6.7
0.11058671494884051,0.30685868596248844,CH,6.800000000000001
0.11825209826854015,0.3113713136972309,CH,6.9
0.1259446814942475,0.3158839414319734,CH,7
0.13366426994092526,0.3203965691667159,CH,7.1000000000000005
0.1414106646894081,0.32490919690145836,CH,7.2
0.14918366253960166,0.3294218246362008,CH,7.3
0.15698305596326295,0.3339344523709433,CH,7.4
0.16480863305636334,0.33844708010568575,CH,7.5
0.17266017749102902,0.3429597078404283,CH,7.6000000000000005
0.1805374684670538,0.3474723355751707,CH,7.7
0.1884402806629851,0.35198496330991325,CH,7.800000000000001
0.19636838418677383,0.35649759104465567,CH,7.9
0.204321544525992,0.36101021877939815,CH,8
0.21229952249760797,0.3655228465141407,CH,8.100000000000001
0.22030207419731873,0.37003547424888306,CH,8.2
0.22832895094843847,0.3745481019836256,CH,8.3
0.23637989925033226,0.3790607297183681,CH,8.4
0.24445466072640085,0.38357335745311055,CH,8.5
0.25255297207160543,0.3880859851878531,CH,8.600000000000001
0.26067456499953184,0.39259861292259546,CH,8.7
0.268819166188992,0.397111240657338,CH,8.8
0.27698649723015434,0.4016238683920805,CH,8.9
0.2851762745702059,0.4061364961268229,CH,9
0.2933882094585363,0.41064912386156543,CH,9.100000000000001
0.3016220078914422,0.41516175159630786,CH,9.2
0.3098773705563531,0.4196743793310504,CH,9.3
0.31815399277556344,0.4241870070657928,CH,9.4
0.32645156444948015,0.4286996348005353,CH,9.5
0.3347697699993728,0.43321226253527784,CH,9.600000000000001
0.3431082883096254,0.4377248902700202,CH,9.7
0.351466792669488,0.44223751800476274,CH,9.8
0.3598449507143185,0.4467501457395052,CH,9.9
0.36824242436631904,0.4512627734742477,CH,10
0.3766588697747537,0.45577540120899024,CH,10.100000000000001
0.3850939372556505,0.4602880289437326,CH,10.2
0.39354727123098243,0.46480065667847514,CH,10.3
0.402018510167318,0.4693132844132176,CH,10.4
0.41050728651394597,0.47382591214796005,CH,10.5
0.4190132266404626,0.47833853988270264,CH,10.600000000000001
0.42753595077382106,0.482851167617445,CH,10.7
0.4360750729348394,0.48736379535218755,CH,10.8
0.4446302008741584,0.49187642308692997,CH,10.9
0.4532009360076505,0.49638905082167245,CH,11
0.46178687335127233,0.5009016785564149,CH,11.1
0.4703876014553575,0.5054143062911575,CH,11.200000000000001
0.4790027023383433,0.5099269340259,CH,11.3
0.4876317514199321,0.5144395617606424,CH,11.4
0.49627431745367595,0.5189521894953848,CH,11.5
0.504929962458986,0.5234648172301273,CH,11.6
0.5135982416525595,0.5279774449648699,CH,11.700000000000001
0.522278703379218,0.5324900726996123,CH,11.8
0.5309708890421582,0.5370027004343547,CH,11.9
0.5396743330326037,0.5415153281690972,CH,12
0.5483885626588583,0.5460279559038397,CH,12.1
0.5571130980747534,0.5505405836385823,CH,12.200000000000001
0.5658474522074858,0.5550532113733246,CH,12.3
0.5745911306848422,0.5595658391080671,CH,12.4
0.5833436317618028,0.5640784668428096,CH,12.5
0.5921044462465227,0.5685910945775522,CH,12.600000000000001
0.6008730574256823,0.5731037223122946,CH,12.700000000000001
0.6096489409892069,0.577616350047037,CH,12.8
0.6184315649543459,0.5821289777817795,CH,12.9
0.6272203895891091,0.586641605516522,CH,13
0.6360148673350547,0.5911542332512645,CH,13.100000000000001
0.6448144427294228,0.595666860986007,CH,13.200000000000001
0.6536185523266129,0.6001794887207494,CH,13.3
0.6624266246189963,0.6046921164554919,CH,13.4
0.6712380799570594,0.6092047441902344,CH,13.5
0.6800523304688744,0.6137173719249769,CH,13.600000000000001
0.6888687799788902,0.6182299996597194,CH,13.700000000000001
0.6976868239260406,0.6227426273944618,CH,13.8
0.7065058492811617,0.6272552551292043,CH,13.9
0.7153252344637144,0.6317678828639468,CH,14
0.7241443492578087,0.6362805105986893,CH,14.100000000000001
0.7329625547275203,0.6407931383334318,CH,14.200000000000001
0.7417792031314987,0.6453057660681742,CH,14.3
0.7505936378368573,0.6498183938029167,CH,14.4
0.7594051932323419,0.6543310215376591,CH,14.5
0.7682131946407743,0.6588436492724017,CH,14.600000000000001
0.7770169582307582,0.6633562770071442,CH,14.700000000000001
0.7858157909276532,0.6678689047418866,CH,14.8
0.7946089903237977,0.672381532476629,CH,14.9
0.8033958445879891,0.6768941602113715,CH,15
0.8121756323742015,0.6814067879461141,CH,15.100000000000001
0.8209476227295479,0.6859194156808566,CH,15.200000000000001
0.8297110750014721,0.690432043415599,CH,15.3
0.8384652387441689,0.6949446711503414,CH,15.4
0.8472093536242243,0.6994572988850839,CH,15.5
0.8559426493254733,0.7039699266198265,CH,15.600000000000001
0.8646643454530629,0.708482554354569,CH,15.700000000000001
0.873373651436724,0.7129951820893113,CH,15.8
0.8820697664332343,0.7175078098240538,CH,15.9
0.8907518792280772,0.7220204375587963,CH,16
0.8994191681362829,0.7265330652935389,CH,16.1
0.9080708009024482,0.7310456930282814,CH,16.200000000000003
0.9167059345999305,0.7355583207630237,CH,16.3
0.9253237155292072,0.7400709484977661,CH,16.4
0.9339232791153926,0.7445835762325087,CH,16.5
0.9425037498049128,0.7490962039672512,CH,16.6
0.9510642409613225,0.7536088317019938,CH,16.700000000000003
0.9596038547602674,0.7581214594367361,CH,16.8
0.9681216820835764,0.7626340871714785,CH,16.9
0.9766168024124837,0.7671467149062211,CH,17
0.9850882837199713,0.7716593426409636,CH,17.1
0.9935351823622244,0.7761719703757062,CH,17.200000000000003
1.0019565429691961,0.7806845981104485,CH,17.3
1.0103513983342731,0.7851972258451909,CH,17.4
1.0187187693030322,0.7897098535799335,CH,17.5
1.0270576646610874,0.794222481314676,CH,17.6
1.0353670810210158,0.7987351090494186,CH,17.700000000000003
1.0436460027083547,0.803247736784161,CH,17.8
1.0518934016466703,0.8077603645189033,CH,17.9
1.060108237241681,0.8122729922536458,CH,18
1.0682894562644314,0.8167856199883884,CH,18.1
1.0764359927335172,0.8212982477231309,CH,18.200000000000003
1.0845467677963427,0.8258108754578734,CH,18.3
1.0926206896094115,0.8303235031926157,CH,18.4
1.1006566532176387,0.8348361309273582,CH,18.5
1.1086535404326803,0.8393487586621008,CH,18.6
1.1166102197102687,0.8438613863968433,CH,18.700000000000003
1.1245255460265533,0.8483740141315856,CH,18.8
1.1323983607534305,0.8528866418663281,CH,18.9
1.140227491532861,0.8573992696010706,CH,19
1.1480117521501658,0.8619118973358132,CH,19.1
1.1557499424062918,0.8664245250705556,CH,19.2
1.1634408479890437,0.870937152805298,CH,19.3
1.171083240343263,0.8754497805400406,CH,19.400000000000002
1.1786758765399628,0.879962408274783,CH,19.5
1.1862174991443988,0.8844750360095255,CH,19.6
1.193706836083068,0.888987663744268,CH,19.7
1.2011426005096386,0.8935002914790104,CH,19.8
1.2085234906697861,0.898012919213753,CH,19.900000000000002
1.2158481897649425,0.9025255469484954,CH,20
1.2231153658149452,0.9070381746832379,CH,20.1
1.2303236715195716,0.9115508024179803,CH,20.2
1.237471744118959,0.9160634301527228,CH,20.3
1.2445582052529014,0.9205760578874653,CH,20.400000000000002
1.251581660819005,0.9250886856222078,CH,20.5
1.2585407008297083,0.9296013133569503,CH,20.6
1.2654338992681462,0.9341139410916927,CH,20.7
1.2722598139428543,0.9386265688264352,CH,20.8
1.2790169863413083,0.9431391965611777,CH,20.900000000000002
1.28570394148228,0.9476518242959201,CH,21
1.292319187767015,0.9521644520306627,CH,21.1
1.2988612168292069,0.9566770797654051,CH,21.2
1.3053285033837745,0.9611897075001476,CH,21.3
1.311719505074423,0.9657023352348901,CH,21.400000000000002
1.3180326623199818,0.9702149629696325,CH,21.5
1.3242663981595177,0.9747275907043751,CH,21.6
1.3304191180961982,0.9792402184391175,CH,21.7
1.3364892099399155,0.9837528461738599,CH,21.8
1.3424750436486448,0.9882654739086025,CH,21.900000000000002
1.3483749711685378,0.9927781016433449,CH,22
1.354187326272738,0.9972907293780875,CH,22.1
1.3599104243989082,1.00180335711283,CH,22.200000000000003
1.3655425624854645,1.0063159848475725,CH,22.3
1.3710820188064996,1.010828612582315,CH,22.400000000000002
1.376527052805395,1.0153412403170572,CH,22.5
1.3818759049271045,1.0198538680518,CH,22.6
1.3871267964491028,1.0243664957865424,CH,22.700000000000003
1.392277929310991,1.0288791235212849,CH,22.8
1.3973274859427436,1.0333917512560273,CH,22.900000000000002
1.4022736290915927,1.0379043789907696,CH,23
1.407114501647536,1.0424170067255123,CH,23.1
1.4118482264674586,1.0469296344602548,CH,23.200000000000003
1.41647290619786,1.0514422621949973,CH,23.3
1.4209866230961747,1.0559548899297397,CH,23.400000000000002
1.4253874388506758,1.060467517664482,CH,23.5
1.4296733943989515,1.0649801453992247,CH,23.6
1.433842509744946,1.0694927731339672,CH,23.700000000000003
1.4378927837745468,1.0740054008687094,CH,23.8
1.441822194069723,1.0785180286034521,CH,23.900000000000002
1.4456286967211818,1.0830306563381944,CH,24
1.4493102261395547,1.087543284072937,CH,24.1
1.4528646948650865,1.0920559118076796,CH,24.200000000000003
1.4562899933758242,1.0965685395424218,CH,24.3
1.4595839898942915,1.1010811672771645,CH,24.400000000000002
1.462744530192639,1.1055937950119068,CH,24.5
1.46576943739626,1.1101064227466493,CH,24.6
1.468656511785855,1.114619050481392,CH,24.700000000000003
1.4714035305979434,1.1191316782161342,CH,24.8
1.4740082478237992,1.123644305950877,CH,24.900000000000002
1.4764683940068115,1.1281569336856192,CH,25
1.4787816760382446,1.1326695614203617,CH,25.1
1.4809457769513998,1.1371821891551044,CH,25.200000000000003
1.4829583557141568,1.1416948168898466,CH,25.3
1.4848170470198876,1.1462074446245891,CH,25.400000000000002
1.4865194610767285,1.1507200723593316,CH,25.5
1.4880631833952023,1.155232700094074,CH,25.6
1.4894457745741738,1.1597453278288168,CH,25.700000000000003
1.4906647700851268,1.164257955563559,CH,25.8
1.4917176800547576,1.1687705832983015,CH,25.900000000000002
1.4926019890458604,1.173283211033044,CH,26
1.4933151558365,1.1777958387677865,CH,26.1
1.4938546131974648,1.182308466502529,CH,26.200000000000003
1.4942177676679675,1.1868210942372714,CH,26.3
1.4944019993296087,1.191333721972014,CH,26.400000000000002
1.4944046615785613,1.1958463497067564,CH,26.5
1.4942230808959904,1.2003589774414989,CH,26.6
1.4938545566166708,1.2048716051762414,CH,26.700000000000003
1.4932963606958094,1.2093842329109838,CH,26.8
1.4925457374740463,1.2138968606457263,CH,26.900000000000002
1.4915999034406247,1.2184094883804688,CH,27
1.4904560469947228,1.2229221161152113,CH,27.1
1.4891113282049198,1.2274347438499538,CH,27.200000000000003
1.4875628785668005,1.2319473715846962,CH,27.3
1.4858078007586673,1.2364599993194387,CH,27.400000000000002
1.4838431683953612,1.2409726270541812,CH,27.5
1.481666025780166,1.2454852547889237,CH,27.6
1.4792733876547868,1.2499978825236662,CH,27.700000000000003
1.4766622389473936,1.2545105102584087,CH,27.8
1.4738295345187036,1.2590231379931511,CH,27.900000000000002
1.4707721989061016,1.2635357657278936,CH,28
1.467487126065773,1.268048393462636,CH,28.1
1.4639711791128436,1.2725610211973786,CH,28.200000000000003
1.4602211900595057,1.277073648932121,CH,28.3
1.4562339595511162,1.2815862766668635,CH,28.400000000000002
1.4520062566002596,1.286098904401606,CH,28.5
1.4475348183187489,1.2906115321363485,CH,28.6
1.4428163496475597,1.295124159871091,CH,28.700000000000003
1.4378475230846754,1.2996367876058335,CH,28.8
1.4326249784108371,1.304149415340576,CH,28.900000000000002
1.4271453224131703,1.3086620430753182,CH,29
1.4214051286066833,1.313174670810061,CH,29.1
1.4154009369536225,1.3176872985448034,CH,29.200000000000003
1.4091292535806565,1.3221999262795459,CH,29.3
1.4025865504938904,1.3267125540142883,CH,29.400000000000002
1.3957692652916807,1.3312251817490306,CH,29.5
1.3886738008752424,1.3357378094837733,CH,29.6
1.38129652515703,1.3402504372185158,CH,29.700000000000003
1.3736337707668769,1.344763064953258,CH,29.8
1.3656818347558746,1.3492756926880007,CH,29.900000000000002
1.3574369782979785,1.353788320422743,CH,30
1.3488954263893236,1.3583009481574857,CH,30.1
1.3400533675452313,1.3628135758922282,CH,30.200000000000003
1.3309069534948919,1.3673262036269704,CH,30.3
1.3214522988737036,1.3718388313617131,CH,30.400000000000002
1.3116854809132612,1.3763514590964554,CH,30.5
1.3016025391289594,1.380864086831198,CH,30.6
1.291199475005211,1.3853767145659406,CH,30.700000000000003
1.280472251678253,1.3898893423006828,CH,30.8
1.2694167936165244,1.3944019700354255,CH,30.900000000000002
1.2580289862986054,1.3989145977701678,CH,31
1.2463046758886844,1.4034272255049103,CH,31.1
1.2342396689095556,1.407939853239653,CH,31.200000000000003
1.221829731913113,1.4124524809743952,CH,31.3
1.2090705911483275,1.416965108709138,CH,31.400000000000002
1.1959579322266967,1.4214777364438802,CH,31.5
1.1824873997851328,1.4259903641786227,CH,31.6
1.1686545971462925,1.4305029919133654,CH,31.700000000000003
1.154455085976305,1.4350156196481076,CH,31.8
1.1398843859399006,1.4395282473828501,CH,31.900000000000002
1.1249379743529115,1.4440408751175926,CH,32
1.1096112858321228,1.448553502852335,CH,32.1
1.093899711942468,1.4530661305870778,CH,32.2
1.0777986008415323,1.4575787583218198,CH,32.3
1.061303256921354,1.4620913860565627,CH,32.400000000000006
1.0444089404475152,1.466604013791305,CH,32.5
1.0271108671954694,1.4711166415260475,CH,32.6
1.009404208084131,1.47562926926079,CH,32.7
0.9912840888066686,1.4801418969955322,CH,32.8
0.9727455894584947,1.4846545247302751,CH,32.900000000000006
0.9537837441624565,1.4891671524650174,CH,33
0.9343935406911495,1.4936797801997599,CH,33.1
0.9145699200864046,1.4981924079345024,CH,33.2
0.8943077762758698,1.5027050356692446,CH,33.3
0.8736019556866913,1.5072176634039876,CH,33.400000000000006
0.8524472568562915,1.5117302911387298,CH,33.5
0.8308384300401658,1.5162429188734723,CH,33.6
0.8087701768167486,1.5207555466082148,CH,33.7
0.7862371496892724,1.525268174342957,CH,33.8
0.7632339516846157,1.5297808020777,CH,33.900000000000006
0.7397551359491484,1.5342934298124422,CH,34
0.7157952053414794,1.5388060575471847,CH,34.1
0.6913486120221772,1.5433186852819272,CH,34.2
0.6664097570403662,1.5478313130166694,CH,34.3
0.6409729899172073,1.5523439407514124,CH,34.400000000000006
0.615032608226265,1.5568565684861546,CH,34.5
0.5885828571706652,1.561369196220897,CH,34.6
0.561617929157116,1.5658818239556396,CH,34.7
0.5341319633666916,1.5703944516903818,CH,34.8
0.5061190453223866,1.5749070794251248,CH,34.900000000000006
0.4775732064534465,1.579419707159867,CH,35
0.448488423656367,1.5839323348946095,CH,35.1
0.41885861885265147,1.588444962629352,CH,35.2
0.38867765854320374,1.5929575903640945,CH,35.300000000000004
0.35793935335939703,1.5974702180988367,CH,35.4
0.32663745761074847,1.6019828458335792,CH,35.5
0.2947656688292284,1.606495473568322,CH,35.6
0.2623176273101239,1.6110081013030644,CH,35.7
0.22928691564947357,1.6155207290378069,CH,35.800000000000004
0.19566705827802802,1.6200333567725491,CH,35.9
0.16145152099171134,1.6245459845072916,CH,36
0.12663371047858538,1.6290586122420343,CH,36.1
0.09120697384224831,1.6335712399767768,CH,36.2
0.055164598121678655,1.6380838677115193,CH,36.300000000000004
0.018499809807481445,1.6425964954462615,CH,36.4
-0.018794225645492674,1.647109123181004,CH,36.5
-0.05672440430914677,1.6516217509157467,CH,36.6
-0.09529768427683974,1.6561343786504892,CH,36.7
-0.13452108616176492,1.6606470063852317,CH,36.800000000000004
-0.17440169359905544,1.665159634119974,CH,36.9
-0.21494665375164923,1.6696722618547164,CH,37
-0.25616317781990716,1.6741848895894589,CH,37.1
-0.29805854155505507,1.6786975173242016,CH,37.2
-0.34064008577645155,1.683210145058944,CH,37.300000000000004
-0.383915216892695,1.6877227727936863,CH,37.4
-0.42789140742665205,1.6922354005284288,CH,37.5
-0.4725761965443488,1.6967480282631713,CH,37.6
-0.5179771905878409,1.701260655997914,CH,37.7
-0.5641020636120337,1.7057732837326565,CH,37.800000000000004
-0.6109585579254952,1.7102859114673987,CH,37.9
-0.6585544846353142,1.7147985392021412,CH,38
0.06331062172617788,0.07099708124661683,CS,3
0.06431710592428645,0.07336365062150406,CS,3.1
0.06533778659818835,0.07573021999639129,CS,3.2
0.06637283074533912,0.07809678937127851,CS,3.3
0.06742240658613537,0.08046335874616574,CS,3.4
0.06848668355230543,0.08282992812105297,CS,3.5
0.06956583227448426,0.0851964974959402,CS,3.6
0.0706600245689472,0.08756306687082743,CS,3.7
0.07176943342347672,0.08992963624571465,CS,3.8
0.07289423298233577,0.09229620562060188,CS,3.9
0.07403459853032004,0.09466277499548911,CS,4
0.07519070647586175,0.09702934437037633,CS,4.1
0.07636273433315596,0.09939591374526358,CS,4.2
0.0775508607032802,0.10176248312015079,CS,4.3
0.07875526525427755,0.10412905249503804,CS,4.4
0.07997612870017201,0.10649562186992526,CS,4.5
0.08121363277888485,0.10886219124481247,CS,4.6
0.08246796022901981,0.11122876061969972,CS,4.7
0.08373929476548325,0.11359532999458694,CS,4.8
0.08502782105390641,0.11596189936947417,CS,4.9
0.08633372468383406,0.1183284687443614,CS,5
0.08765719214064442,0.12069503811924862,CS,5.1
0.08899841077616368,0.12306160749413585,CS,5.2
0.09035756877793795,0.12542817686902308,CS,5.300000000000001
0.0917348551371239,0.12779474624391032,CS,5.4
0.09313045961495948,0.13016131561879754,CS,5.5
0.09454457270777414,0.13252788499368476,CS,5.6
0.09597738561049748,0.134894454368572,CS,5.7
0.09742909017862426,0.13726102374345922,CS,5.800000000000001
0.09889987888859283,0.13962759311834644,CS,5.9
0.10038994479653228,0.14199416249323366,CS,6
0.10189948149533375,0.1443607318681209,CS,6.1
0.10342868306999904,0.14672730124300812,CS,6.2
0.10497774405121933,0.14909387061789536,CS,6.300000000000001
0.10654685936713551,0.15146043999278258,CS,6.4
0.10813622429323039,0.1538270093676698,CS,6.5
0.10974603440030167,0.15619357874255702,CS,6.6
0.111376485500464,0.15856014811744426,CS,6.7
0.11302777359112631,0.1609267174923315,CS,6.800000000000001
0.11470009479689051,0.16329328686721872,CS,6.9
0.11639364530931476,0.16565985624210594,CS,7
0.118108621324485,0.16802642561699319,CS,7.1000000000000005
0.11984521897833568,0.1703929949918804,CS,7.2
0.12160363427965992,0.17275956436676762,CS,7.3
0.12338406304074799,0.17512613374165487,CS,7.4
0.12518670080559083,0.17749270311654208,CS,7.5
0.12701174277558502,0.17985927249142933,CS,7.6000000000000005
0.12885938373267322,0.18222584186631655,CS,7.7
0.13072981795985253,0.1845924112412038,CS,7.800000000000001
0.13262323915898244,0.186958980616091,CS,7.9
0.13453984036582214,0.18932554999097823,CS,8
0.1364798138622239,0.1916921193658655,CS,8.100000000000001
0.13844335108541045,0.19405868874075266,CS,8.2
0.14043064253426027,0.19642525811563993,CS,8.3
0.14244187767252264,0.19879182749052715,CS,8.4
0.14447724482888563,0.20115839686541437,CS,8.5
0.14653693109381422,0.2035249662403016,CS,8.600000000000001
0.14862112221307705,0.2058915356151888,CS,8.7
0.15073000247787777,0.20825810499007608,CS,8.8
0.15286375461150226,0.2106246743649633,CS,8.9
0.15502255965239659,0.2129912437398505,CS,9
0.15720659683358257,0.21535781311473776,CS,9.100000000000001
0.1594160434583196,0.21772438248962495,CS,9.2
0.16165107477191834,0.2200909518645122,CS,9.3
0.16391186382960837,0.22245752123939944,CS,9.4
0.1661985813603625,0.22482409061428665,CS,9.5
0.16851139562657474,0.2271906599891739,CS,9.600000000000001
0.17085047227948988,0.2295572293640611,CS,9.7
0.17321597421027798,0.23192379873894833,CS,9.8
0.17560806139664586,0.23429036811383555,CS,9.9
0.1780268907448744,0.2366569374887228,CS,10
0.18047261592716968,0.23902350686361004,CS,10.100000000000001
0.1829453872142102,0.24139007623849723,CS,10.2
0.18544535130277423,0.24375664561338448,CS,10.3
0.187972651138324,0.2461232149882717,CS,10.4
0.1905274257324248,0.2484897843631589,CS,10.5
0.19310980997487104,0.25085635373804616,CS,10.600000000000001
0.19571993444039104,0.2532229231129334,CS,10.7
0.19835792518979806,0.25558949248782065,CS,10.8
0.2010239035654513,0.25795606186270786,CS,10.9
0.20371798598089053,0.2603226312375951,CS,11
0.2064402837045015,0.2626892006124823,CS,11.1
0.20919090263706824,0.2650557699873695,CS,11.200000000000001
0.21196994308306488,0.26742233936225673,CS,11.3
0.21477749951553557,0.269788908737144,CS,11.4
0.21761366033440818,0.2721554781120312,CS,11.5
0.22047850761808505,0.27452204748691844,CS,11.6
0.22337211686814779,0.27688861686180566,CS,11.700000000000001
0.226294556747013,0.2792551862366929,CS,11.8
0.22924588880836996,0.2816217556115801,CS,11.9
0.23222616722022799,0.2839883249864673,CS,12
0.23523543848039702,0.2863548943613546,CS,12.1
0.23827374112422334,0.2887214637362418,CS,12.200000000000001
0.24134110542439416,0.291088033111129,CS,12.3
0.24443755308262619,0.29345460248601624,CS,12.4
0.24756309691304346,0.29582117186090345,CS,12.5
0.2507177405170501,0.2981877412357907,CS,12.600000000000001
0.2539014779494966,0.30055431061067794,CS,12.700000000000001
0.25711429337593594,0.30292087998556516,CS,12.8
0.26035616072075884,0.3052874493604524,CS,12.9
0.2636270433059945,0.3076540187353396,CS,13
0.2669268934805601,0.31002058811022687,CS,13.100000000000001
0.27025565223973247,0.3123871574851141,CS,13.200000000000001
0.2736132488346173,0.3147537268600013,CS,13.3
0.27699960037137905,0.3171202962348885,CS,13.4
0.2804146113999975,0.31948686560977574,CS,13.5
0.2838581734923035,0.321853434984663,CS,13.600000000000001
0.2873301648090473,0.32422000435955023,CS,13.700000000000001
0.2908304496557458,0.32658657373443745,CS,13.8
0.2943588780270481,0.32895314310932466,CS,13.9
0.29791528513935395,0.3313197124842119,CS,14
0.30149949095141476,0.33368628185909915,CS,14.100000000000001
0.305111299672641,0.33605285123398637,CS,14.200000000000001
0.30875049925883163,0.3384194206088736,CS,14.3
0.3124168608950376,0.3407859899837608,CS,14.4
0.3161101384652639,0.343152559358648,CS,14.5
0.31983006800871044,0.3455191287335353,CS,14.600000000000001
0.32357636716223986,0.3478856981084225,CS,14.700000000000001
0.32734873458876285,0.35025226748330973,CS,14.8
0.3311468493912147,0.35261883685819695,CS,14.9
0.33497037051179873,0.35498540623308417,CS,15
0.3388189361161591,0.35735197560797144,CS,15.100000000000001
0.34269216296214094,0.35971854498285866,CS,15.200000000000001
0.3465896457527886,0.3620851143577459,CS,15.3
0.35051095647322517,0.3644516837326331,CS,15.4
0.35445564371104593,0.3668182531075203,CS,15.5
0.3584232319598567,0.3691848224824076,CS,15.600000000000001
0.36241322090557276,0.3715513918572948,CS,15.700000000000001
0.3664250846950932,0.373917961232182,CS,15.8
0.37045827118695046,0.37628453060706923,CS,15.9
0.374512201183531,0.37865109998195645,CS,16
0.3785862676444546,0.3810176693568437,CS,16.1
0.3826798348806855,0.383384238731731,CS,16.200000000000003
0.3867922377289475,0.38575080810661816,CS,16.3
0.3909227807059991,0.3881173774815053,CS,16.4
0.39507073714232155,0.3904839468563926,CS,16.5
0.39923534829475416,0.39285051623127987,CS,16.6
0.40341582243761426,0.39521708560616714,CS,16.700000000000003
0.40761133393181725,0.3975836549810543,CS,16.8
0.41182102227150885,0.39995022435594146,CS,16.9
0.41604399110770884,0.40231679373082874,CS,17
0.42027930724845664,0.404683363105716,CS,17.1
0.42452599963493576,0.4070499324806032,CS,17.200000000000003
0.4287830582930467,0.40941650185549044,CS,17.3
0.4330494332598833,0.4117830712303776,CS,17.4
0.43732403348455734,0.4141496406052649,CS,17.5
0.4416057257028053,0.41651620998015215,CS,17.6
0.4458933332848002,0.41888277935503937,CS,17.700000000000003
0.4501856350555733,0.4212493487299266,CS,17.8
0.4544813640874482,0.42361591810481375,CS,17.9
0.4587792064638672,0.425982487479701,CS,18
0.4630778000139823,0.4283490568545883,CS,18.1
0.4673757330173705,0.4307156262294755,CS,18.200000000000003
0.4716715428782168,0.43308219560436273,CS,18.3
0.4759637147682953,0.4354487649792499,CS,18.4
0.4802506802380674,0.43781533435413716,CS,18.5
0.4845308157951978,0.4401819037290244,CS,18.6
0.48880244144977697,0.44254847310391165,CS,18.700000000000003
0.4930638192255263,0.44491504247879887,CS,18.8
0.49731315163623857,0.44728161185368603,CS,18.9
0.5015485801267021,0.4496481812285733,CS,19
0.5057681834773317,0.4520147506034605,CS,19.1
0.50996997617172,0.45438131997834774,CS,19.2
0.5141519067263025,0.45674788935323496,CS,19.3
0.518311855981313,0.45911445872812223,CS,19.400000000000002
0.5224476353521942,0.46148102810300945,CS,19.5
0.5265569850406006,0.46384759747789667,CS,19.6
0.5306375722041248,0.4662141668527839,CS,19.7
0.5346869890838536,0.4685807362276711,CS,19.8
0.5387027510888384,0.4709473056025584,CS,19.900000000000002
0.5426822948365583,0.4733138749774456,CS,20
0.5466229761484188,0.4756804443523328,CS,20.1
0.5505220679993204,0.47804701372722,CS,20.2
0.554376758420312,0.48041358310210724,CS,20.3
0.5581841483533124,0.4827801524769945,CS,20.400000000000002
0.5619412494568786,0.4851467218518817,CS,20.5
0.5656449818619627,0.48751329122676895,CS,20.6
0.5692921718765868,0.48987986060165617,CS,20.7
0.5728795496383452,0.4922464299765434,CS,20.8
0.576403746713608,0.49461299935143066,CS,20.900000000000002
0.5798612936422941,0.4969795687263178,CS,21
0.5832486174270453,0.4993461381012051,CS,21.1
0.5865620389656124,0.5017127074760923,CS,21.2
0.5897977704252482,0.5040792768509795,CS,21.3
0.5929519125578591,0.5064458462258669,CS,21.400000000000002
0.5960204519546654,0.508812415600754,CS,21.5
0.5989992582390725,0.5111789849756413,CS,21.6
0.601884081196442,0.5135455543505284,CS,21.7
0.6046705478394223,0.5159121237254157,CS,21.8
0.6073541594074693,0.518278693100303,CS,21.900000000000002
0.6099302882991555,0.5206452624751902,CS,22
0.6123941749358494,0.5230118318500774,CS,22.1
0.6147409245553057,0.5253784012249646,CS,22.200000000000003
0.6169655039336828,0.5277449705998518,CS,22.3
0.6190627380344748,0.530111539974739,CS,22.400000000000002
0.6210273065828084,0.5324781093496262,CS,22.5
0.6228537405635319,0.5348446787245135,CS,22.6
0.6245364186414863,0.5372112480994008,CS,22.700000000000003
0.6260695635023141,0.539577817474288,CS,22.8
0.627447238112133,0.5419443868491752,CS,22.900000000000002
0.6286633418943631,0.5443109562240624,CS,23
0.6297116068219685,0.5466775255989497,CS,23.1
0.6305855934233239,0.5490440949738369,CS,23.200000000000003
0.6312786866999008,0.5514106643487241,CS,23.3
0.631784091953915,0.5537772337236113,CS,23.400000000000002
0.6320948305240465,0.5561438030984985,CS,23.5
0.6322037354273035,0.5585103724733858,CS,23.6
0.632103446905064,0.5608769418482731,CS,23.700000000000003
0.6317864078712835,0.5632435112231602,CS,23.8
0.631244859260828,0.5656100805980475,CS,23.900000000000002
0.6304708352758344,0.5679766499729346,CS,24
0.6294561585279747,0.570343219347822,CS,24.1
0.6281924350744408,0.5727097887227092,CS,24.200000000000003
0.6266710493454426,0.5750763580975964,CS,24.3
0.6248831589609392,0.5774429274724836,CS,24.400000000000002
0.6228196894343125,0.5798094968473708,CS,24.5
0.6204713287606143,0.582176066222258,CS,24.6
0.6178285218869874,0.5845426355971454,CS,24.700000000000003
0.6148814650628125,0.5869092049720325,CS,24.8
0.6116201000670717,0.5892757743469198,CS,24.900000000000002
0.6080341083103885,0.5916423437218069,CS,25
0.6041129048091275,0.5940089130966942,CS,25.1
0.5998456320289142,0.5963754824715815,CS,25.200000000000003
0.5952211535948493,0.5987420518464687,CS,25.3
0.5902280478656711,0.6011086212213559,CS,25.400000000000002
0.5848546013690377,0.6034751905962431,CS,25.5
0.5790888020950505,0.6058417599711303,CS,25.6
0.5729183326451005,0.6082083293460177,CS,25.700000000000003
0.5663305632330289,0.6105748987209048,CS,25.8
0.5593125445355644,0.6129414680957921,CS,25.900000000000002
0.5518510003889154,0.6153080374706792,CS,26
0.5439323203283438,0.6176746068455665,CS,26.1
0.5355425519674876,0.6200411762204537,CS,26.200000000000003
0.5266673932141187,0.622407745595341,CS,26.3
0.5172921843189742,0.6247743149702282,CS,26.400000000000002
0.5074018997542238,0.6271408843451154,CS,26.5
0.4969811399180607,0.6295074537200026,CS,26.6
0.4860141226618487,0.6318740230948899,CS,26.700000000000003
0.4744846746361779,0.634240592469777,CS,26.8
0.46237622245209514,0.6366071618446644,CS,26.900000000000002
0.44967178365373867,0.6389737312195515,CS,27
0.4363539574984874,0.6413403005944388,CS,27.1
0.42240491554068543,0.643706869969326,CS,27.200000000000003
0.4078063920149212,0.6460734393442132,CS,27.3
0.3925396740147402,0.6484400087191005,CS,27.400000000000002
0.3765855914626256,0.6508065780939877,CS,27.5
0.3599245068669527,0.6531731474688749,CS,27.6
0.34253630486158493,0.6555397168437622,CS,27.700000000000003
0.32440038152364614,0.6579062862186493,CS,27.8
0.3054956334649533,0.6602728555935367,CS,27.900000000000002
0.2858004466924918,0.6626394249684238,CS,28
0.2652926852331991,0.6650059943433111,CS,28.1
0.24394967951828167,0.6673725637181983,CS,28.200000000000003
0.22174821452213964,0.6697391330930855,CS,28.3
0.19866451765090676,0.6721057024679727,CS,28.400000000000002
0.1746742463755195,0.67447227184286,CS,28.5
0.1497524756040965,0.6768388412177472,CS,28.6
0.12387368478834929,0.6792054105926345,CS,28.700000000000003
0.09701174475859355,0.6815719799675216,CS,28.8
0.06913990428186657,0.6839385493424089,CS,28.900000000000002
0.040230776337525295,0.686305118717296,CS,29
0.010256324104573908,0.6886716880921834,CS,29.1
-0.020812153345094377,0.6910382574670706,CS,29.200000000000003
-0.05300403565354675,0.6934048268419578,CS,29.3
-0.08634939608978554,0.695771396216845,CS,29.400000000000002
-0.12087901677508892,0.6981379655917322,CS,29.5
-0.1566244042270143,0.7005045349666195,CS,29.6
-0.1936178052285245,0.7028711043415067,CS,29.700000000000003
-0.23189222302881038,0.7052376737163939,CS,29.8
-0.2714814338825213,0.7076042430912811,CS,29.900000000000002
-0.31242000393420744,0.7099708124661683,CS,30
-0.3547433064550031,0.7123373818410557,CS,30.1
-0.3984875394386017,0.7147039512159429,CS,30.200000000000003
-0.4436897435638146,0.7170705205908301,CS,30.3
-0.49038782053107594,0.7194370899657173,CS,30.400000000000002
-0.5386205517804471,0.7218036593406045,CS,30.5
-0.5884276175988084,0.7241702287154917,CS,30.6
-0.639849616624052,0.726536798090379,CS,30.700000000000003
-0.6929280857542783,0.7289033674652662,CS,30.8
-0.747705520470189,0.7312699368401534,CS,30.900000000000002
-0.8042253955788761,0.7336365062150406,CS,31
-0.8625321863875841,0.7360030755899278,CS,31.1
-0.9226713903160384,0.7383696449648152,CS,31.200000000000003
-0.9846895489561241,0.7407362143397023,CS,31.3
-1.0486342705879383,0.7431027837145896,CS,31.400000000000002
-1.1145542531613346,0.7454693530894768,CS,31.5
-1.1824993077523258,0.747835922464364,CS,31.6
-1.2525203825038127,0.7502024918392513,CS,31.700000000000003
-1.3246695870603944,0.7525690612141385,CS,31.8
-1.3990002175071354,0.7549356305890257,CS,31.900000000000002
-1.4755667818223555,0.7573021999639129,CS,32
-1.5544250258547487,0.7596687693388001,CS,32.1
-1.6356319598353148,0.7620353387136874,CS,32.2
-1.7192458854347696,0.7644019080885746,CS,32.3
-1.805326423377401,0.766768477463462,CS,32.400000000000006
-1.8939345416223314,0.769135046838349,CS,32.5
-1.985132584123755,0.7715016162132363,CS,32.6
-2.0789843001814328,0.7738681855881235,CS,32.7
-2.1755548743934128,0.7762347549630106,CS,32.8
-2.2749109572229407,0.7786013243378981,CS,32.900000000000006
-2.377120696191653,0.7809678937127852,CS,33
-2.4822537677118444,0.7833344630876724,CS,33.1
-2.5903814095701194,0.7857010324625597,CS,33.2
-2.701576454075797,0.7880676018374468,CS,33.3
-2.8159133618870205,0.7904341712123343,CS,33.400000000000006
-2.9334682565280747,0.7928007405872213,CS,33.5
-3.054318959611894,0.7951673099621086,CS,33.6
-3.1785450267813755,0.7975338793369958,CS,33.7
-3.3062277843841397,0.7999004487118829,CS,33.8
-3.437450366895102,0.8022670180867704,CS,33.900000000000006
-3.57229775510167,0.8046335874616575,CS,34
-3.7108568150669052,0.8070001568365447,CS,34.1
-3.8532163378858,0.809366726211432,CS,34.2
-3.9994670802505694,0.8117332955863191,CS,34.3
-4.149701805841026,0.8140998649612065,CS,34.400000000000006
-4.304015327556054,0.8164664343360936,CS,34.5
-4.462504550603418,0.8188330037109809,CS,34.6
-4.625268516464216,0.8211995730858681,CS,34.7
-4.79240844774978,0.8235661424607552,CS,34.8
-4.964027793968531,0.8259327118356427,CS,34.900000000000006
-5.140232278220514,0.8282992812105298,CS,35
-5.321129944838508,0.830665850585417,CS,35.1
-5.506831207993759,0.8330324199603043,CS,35.2
-5.6974489012858225,0.8353989893351915,CS,35.300000000000004
-5.893098328335819,0.8377655587100786,CS,35.4
-6.093897314402844,0.8401321280849658,CS,35.5
-6.299966259043711,0.8424986974598532,CS,35.6
-6.511428189836639,0.8448652668347404,CS,35.7
-6.728408817189935,0.8472318362096276,CS,35.800000000000004
-6.951036590256751,0.8495984055845147,CS,35.9
-7.179442753978119,0.851964974959402,CS,36
-7.413761407276008,0.8543315443342893,CS,36.1
-7.65412956241939,0.8566981137091766,CS,36.2
-7.900687205586285,0.8590646830840638,CS,36.300000000000004
-8.153577358645135,0.8614312524589509,CS,36.4
-8.412946142179782,0.8637978218338381,CS,36.5
-8.67894283978213,0.8661643912087255,CS,36.6
-8.951719963637656,0.8685309605836127,CS,36.7
-9.231433321429062,0.8708975299584999,CS,36.800000000000004
-9.518242084583887,0.873264099333387,CS,36.9
-9.812308857892594,0.8756306687082743,CS,37
-10.113799750523684,0.8779972380831615,CS,37.1
-10.422884448463698,0.8803638074580488,CS,37.2
-10.739736288409594,0.8827303768329361,CS,37.300000000000004
-11.064532333142212,0.8850969462078232,CS,37.4
-11.397453448409811,0.8874635155827104,CS,37.5
-11.738684381350941,0.8898300849575977,CS,37.6
-12.088413840487323,0.892196654332485,CS,37.7
-12.446834577316881,0.8945632237073722,CS,37.800000000000004
-12.81414346953866,0.8969297930822593,CS,37.9
-13.190541605941295,0.8992963624571466,CS,38
-0.15314933997853722,0.82420501147627,TT,3
-0.14833472689435517,0.8516785118588123,TT,3.1
-0.1434864503176299,0.8791520122413546,TT,3.2
-0.13860450638013325,0.9066255126238969,TT,3.3
-0.13368889408452705,0.9340990130064393,TT,3.4
-0.1287396153515999,0.9615725133889816,TT,3.5
-0.1237566750680644,0.989046013771524,TT,3.6
-0.1187400811349123,1.0165195141540664,TT,3.7
-0.11368984451633947,1.0439930145366085,TT,3.8
-0.10860597928924516,1.071466514919151,TT,3.9
-0.10348850269330764,1.0989400153016933,TT,4
-0.09833743518164713,1.1264135156842354,TT,4.1
-0.09315280047207873,1.153887016066778,TT,4.2
-0.08793462559896287,1.1813605164493202,TT,4.3
-0.08268294096565822,1.2088340168318628,TT,4.4
-0.0773977803975839,1.236307517214405,TT,4.5
-0.07207918119589689,1.2637810175969473,TT,4.6
-0.06672718419179051,1.2912545179794896,TT,4.7
-0.061341833801421206,1.3187280183620318,TT,4.8
-0.055923178081468745,1.3462015187445744,TT,4.9
-0.05047126878533665,1.3736750191271165,TT,5
-0.04498616141999979,1.401148519509659,TT,5.1
-0.039467915303505324,1.4286220198922013,TT,5.2
-0.033916593623132596,1.4560955202747439,TT,5.300000000000001
-0.02833226349422035,1.483569020657286,TT,5.4
-0.02271499601966657,1.5110425210398282,TT,5.5
-0.017064866350108194,1.5385160214223705,TT,5.6
-0.011381953744787402,1.565989521804913,TT,5.7
-0.005666341633111502,1.5934630221874555,TT,5.800000000000001
8.188232308740088e-5,1.6209365225699977,TT,5.9
0.005862626166583976,1.64841002295254,TT,6
0.011675793581078706,1.6758835233350822,TT,6.1
0.01752128382679422,1.7033570237176245,TT,6.2
0.02339899167534306,1.7308305241001671,TT,6.300000000000001
0.029308807343859343,1.7583040244827093,TT,6.4
0.03525061642838823,1.7857775248652517,TT,6.5
0.04122429983652348,1.8132510252477938,TT,6.6
0.047229733719287535,1.8407245256303362,TT,6.7
0.053266789402246356,1.8681980260128788,TT,6.800000000000001
0.05933533331584996,1.895671526395421,TT,6.9
0.06543522692499348,1.9231450267779633,TT,7
0.07156632665778906,1.9506185271605057,TT,7.1000000000000005
0.07772848383354077,1.978092027543048,TT,7.2
0.08392154458991714,2.00556552792559,TT,7.3
0.09014534980930913,2.0330390283081328,TT,7.4
0.09639973504437022,2.060512528690675,TT,7.5
0.10268453044272685,2.0879860290732175,TT,7.6000000000000005
0.10899956067085259,2.1154595294557597,TT,7.7
0.1153446448370988,2.1429330298383023,TT,7.800000000000001
0.12171959641387081,2.1704065302208444,TT,7.9
0.12812422315894395,2.1978800306033865,TT,8
0.13455832703590956,2.225353530985929,TT,8.100000000000001
0.14102170413374185,2.252827031368471,TT,8.2
0.14751414458547987,2.280300531751014,TT,8.3
0.15403543248601115,2.307774032133556,TT,8.4
0.1605853458089533,2.335247532516098,TT,8.5
0.1671636563226213,2.3627210328986408,TT,8.600000000000001
0.1737701295050722,2.3901945332811825,TT,8.7
0.18040452445822086,2.4176680336637255,TT,8.8
0.18706659382101185,2.4451415340462677,TT,8.9
0.1937560836816452,2.47261503442881,TT,9
0.20047273348884193,2.5000885348113524,TT,9.100000000000001
0.207216275962141,2.5275620351938946,TT,9.2
0.2139864370012211,2.555035535576437,TT,9.3
0.22078293559423193,2.5825090359589793,TT,9.4
0.22760548372513256,2.6099825363415214,TT,9.5
0.2344537862800209,2.637456036724064,TT,9.600000000000001
0.24132754095244768,2.664929537106606,TT,9.7
0.24822643814770629,2.6924030374891488,TT,9.8
0.25515016088608344,2.719876537871691,TT,9.9
0.26209838470506724,2.747350038254233,TT,10
0.2690707775604972,2.774823538636776,TT,10.100000000000001
0.27606699972664767,2.802297039019318,TT,10.2
0.28308670369523775,2.8297705394018604,TT,10.3
0.29012953407334907,2.8572440397844026,TT,10.4
0.2971951274802514,2.8847175401669447,TT,10.5
0.30428311244311607,2.9121910405494877,TT,10.600000000000001
0.3113931092916126,2.9396645409320294,TT,10.7
0.3185247300513766,2.967138041314572,TT,10.8
0.3256775783363332,2.994611541697114,TT,10.9
0.33285124923987425,3.0220850420796563,TT,11
0.3400453292248688,3.049558542462199,TT,11.1
0.3472593960125023,3.0770320428447415,TT,11.200000000000001
0.35449301846992876,3.1045055432272837,TT,11.3
0.36174575649672874,3.131979043609826,TT,11.4
0.36901716091015757,3.159452543992368,TT,11.5
0.37630677332917484,3.1869260443749106,TT,11.6
0.38361412605724227,3.214399544757453,TT,11.700000000000001
0.3909387419638788,3.2418730451399953,TT,11.8
0.39828013436496124,3.2693465455225375,TT,11.9
0.4056378069017567,3.29682004590508,TT,12
0.4130112534186776,3.324293546287622,TT,12.1
0.42039995783974377,3.351767046670165,TT,12.200000000000001
0.42780339404374096,3.379240547052707,TT,12.3
0.43522102573806526,3.406714047435249,TT,12.4
0.44265230633123664,3.4341875478177917,TT,12.5
0.45009667880407206,3.4616610482003343,TT,12.600000000000001
0.45755357557950377,3.4891345485828764,TT,12.700000000000001
0.46502241839103153,3.5166080489654186,TT,12.8
0.4725026181497945,3.5440815493479607,TT,12.9
0.4799935748102493,3.5715550497305033,TT,13
0.4874946772344417,3.599028550113046,TT,13.100000000000001
0.4950053030548591,3.626502050495588,TT,13.200000000000001
0.5025248185358496,3.65397555087813,TT,13.3
0.5100525784335934,3.6814490512606723,TT,13.4
0.5175879258546137,3.708922551643215,TT,13.5
0.5251301921128138,3.7363960520257575,TT,13.600000000000001
0.5326786965850246,3.7638695524082997,TT,13.700000000000001
0.5402327465650507,3.791343052790842,TT,13.8
0.5477916371161984,3.8188165531733844,TT,13.9
0.5553546509222733,3.8462900535559266,TT,14
0.5629210581370316,3.873763553938469,TT,14.100000000000001
0.5704901162320716,3.9012370543210113,TT,14.200000000000001
0.5780610698431496,3.9287105547035535,TT,14.3
0.585633150614907,3.956184055086096,TT,14.4
0.5932055770439902,3.983657555468638,TT,14.5
0.6007775543205538,4.011131055851181,TT,14.600000000000001
0.6083482741681238,4.038604556233723,TT,14.700000000000001
0.6159169146818149,4.0660780566162655,TT,14.8
0.6234826401648784,4.093551556998808,TT,14.9
0.6310446009635687,4.12102505738135,TT,15
0.6386019333003122,4.148498557763893,TT,15.100000000000001
0.6461537591051625,4.175972058146435,TT,15.200000000000001
0.6536991858455253,4.203445558528977,TT,15.3
0.6612373063541377,4.230919058911519,TT,15.4
0.668767198655284,4.2583925592940615,TT,15.5
0.6762879257892342,4.2858660596766045,TT,15.600000000000001
0.683798535634883,4.313339560059147,TT,15.700000000000001
0.6912980607305814,4.340813060441689,TT,15.8
0.6987855180931345,4.368286560824231,TT,15.9
0.706259909034954,4.395760061206773,TT,16
0.7137202189793477,4.423233561589316,TT,16.1
0.7211654172739247,4.450707061971858,TT,16.200000000000003
0.7285944570021053,4.4781805623544,TT,16.3
0.7360062747927116,4.505654062736942,TT,16.4
0.7433997906276232,4.533127563119485,TT,16.5
0.7507739076474819,4.560601063502028,TT,16.6
0.7581275119554244,4.58807456388457,TT,16.700000000000003
0.7654594724188243,4.615548064267112,TT,16.8
0.7727686404690303,4.643021564649653,TT,16.9
0.7800538498990734,4.670495065032196,TT,17
0.7873139166593303,4.697968565414739,TT,17.1
0.7945476386511223,4.7254420657972815,TT,17.200000000000003
0.8017537955182316,4.752915566179824,TT,17.3
0.8089311484363128,4.780389066562365,TT,17.4
0.8160784399001827,4.807862566944908,TT,17.5
0.8231943935089668,4.835336067327451,TT,17.6
0.8302777137490858,4.862809567709993,TT,17.700000000000003
0.837327085775056,4.890283068092535,TT,17.8
0.8443411751880915,4.917756568475077,TT,17.9
0.851318627812482,4.94523006885762,TT,18
0.8582580694697242,4.972703569240163,TT,18.1
0.865158105750392,5.000177069622705,TT,18.200000000000003
0.8720173217837214,5.027650570005247,TT,18.3
0.8788342820048887,5.055124070387789,TT,18.4
0.885607529919959,5.082597570770331,TT,18.5
0.8923355878684871,5.110071071152874,TT,18.6
0.8990169567837489,5.137544571535416,TT,18.700000000000003
0.9056501159505764,5.165018071917959,TT,18.8
0.9122335227607807,5.192491572300501,TT,18.9
0.9187656124661376,5.219965072683043,TT,19
0.9252447979289107,5.247438573065586,TT,19.1
0.9316694693698956,5.274912073448127,TT,19.2
0.9380379941139574,5.30238557383067,TT,19.3
0.9443487163330403,5.329859074213213,TT,19.400000000000002
0.9505999567866242,5.3573325745957545,TT,19.5
0.9567900125596084,5.3848060749782976,TT,19.6
0.9629171567975954,5.412279575360839,TT,19.7
0.9689796384395529,5.439753075743382,TT,19.8
0.9749756819478274,5.467226576125925,TT,19.900000000000002
0.9809034870354884,5.494700076508466,TT,20
0.9867612283909787,5.522173576891009,TT,20.1
0.9925470554000394,5.5496470772735504,TT,20.2
0.9982590918648958,5.5771205776560935,TT,20.3
1.0038954357206684,5.6045940780386365,TT,20.400000000000002
1.0094541587489905,5.632067578421178,TT,20.5
1.0149333062888033,5.659541078803721,TT,20.6
1.0203308969443063,5.687014579186262,TT,20.7
1.0256449222900317,5.714488079568805,TT,20.8
1.03087334657302,5.741961579951348,TT,20.900000000000002
1.0360141064120698,5.769435080333889,TT,21
1.0410651104940392,5.7969085807164324,TT,21.1
1.0460242392671584,5.824382081098975,TT,21.2
1.0508893446313439,5.851855581481517,TT,21.3
1.0556582496254756,5.87932908186406,TT,21.400000000000002
1.0603287481116097,5.906802582246601,TT,21.5
1.0648986044561068,5.934276082629144,TT,21.6
1.0693655532076358,5.961749583011686,TT,21.7
1.0737272987720377,5.989223083394228,TT,21.8
1.0779815150840097,6.016696583776771,TT,21.900000000000002
1.0821258452755864,6.044170084159313,TT,22
1.086157901341392,6.071643584541856,TT,22.1
1.090075263800622,6.099117084924399,TT,22.200000000000003
1.0938754813557414,6.12659058530694,TT,22.3
1.097556070547855,6.154064085689483,TT,22.400000000000002
1.1011145154087285,6.181537586072024,TT,22.5
1.1045482671094256,6.209011086454567,TT,22.6
1.1078547436055317,6.23648458683711,TT,22.700000000000003
1.1110313292789349,6.263958087219652,TT,22.8
1.1140753745761307,6.291431587602195,TT,22.900000000000002
1.1169841956430184,6.318905087984736,TT,23
1.119755073956163,6.346378588367279,TT,23.1
1.1223852559504786,6.373852088749822,TT,23.200000000000003
1.1248719526433177,6.401325589132363,TT,23.3
1.1272123392549196,6.428799089514906,TT,23.400000000000002
1.1294035548251908,6.456272589897448,TT,23.5
1.1314427018267854,6.483746090279991,TT,23.6
1.1333268457744472,6.511219590662534,TT,23.700000000000003
1.135053014830589,6.538693091045075,TT,23.8
1.1366181994070608,6.566166591427618,TT,23.900000000000002
1.1380193517630868,6.59364009181016,TT,24
1.139253385599331,6.621113592192702,TT,24.1
1.1403171756480521,6.648587092575245,TT,24.200000000000003
1.1412075572593174,6.6760605929577865,TT,24.3
1.1419213259832417,6.70353409334033,TT,24.400000000000002
1.142455237148214,6.731007593722872,TT,24.5
1.142806005435067,6.758481094105414,TT,24.6
1.1429703044471713,6.785954594487957,TT,24.700000000000003
1.1429447662763996,6.813428094870498,TT,24.8
1.1427259810649344,6.840901595253041,TT,24.900000000000002
1.1423104965628779,6.868375095635583,TT,25
1.141694817681627,6.8958485960181255,TT,25.1
1.140875406042978,6.9233220964006685,TT,25.200000000000003
1.139848679523915,6.95079559678321,TT,25.3
1.1386110117970547,6.978269097165753,TT,25.400000000000002
1.1371587318666985,7.005742597548295,TT,25.5
1.1354881236004561,7.033216097930837,TT,25.6
1.1335954252564062,7.06068959831338,TT,25.700000000000003
1.131476829005742,7.088163098695921,TT,25.8
1.129128480450876,7.1156365990784645,TT,25.900000000000002
1.1265464781389503,7.143110099461007,TT,26
1.1237268730707184,7.170583599843549,TT,26.1
1.1206656682047598,7.198057100226092,TT,26.200000000000003
1.117358817956975,7.225530600608633,TT,26.3
1.113802227695327,7.253004100991176,TT,26.400000000000002
1.1099917532297916,7.280477601373718,TT,26.5
1.1059232002974557,7.30795110175626,TT,26.6
1.1015923240427425,7.335424602138803,TT,26.700000000000003
1.0969948284927018,7.362898102521345,TT,26.8
1.092126366027334,7.390371602903888,TT,26.900000000000002
1.0869825368448942,7.41784510328643,TT,27
1.081558888422141,7.445318603668972,TT,27.1
1.0758509149694742,7.472792104051515,TT,27.200000000000003
1.0698540568809254,7.500265604434057,TT,27.3
1.06356370017895,7.527739104816599,TT,27.400000000000002
1.0569751759539783,7.5552126051991415,TT,27.5
1.0500837597986743,7.582686105581684,TT,27.6
1.0428846712368587,7.610159605964227,TT,27.700000000000003
1.0353730731470485,7.637633106346769,TT,27.8
1.0275440711805637,7.665106606729311,TT,27.900000000000002
1.0193927131741534,7.692580107111853,TT,28
1.0109139885570935,7.720053607494395,TT,28.1
1.0021028277527078,7.747527107876938,TT,28.200000000000003
0.992954101574258,7.7750006082594805,TT,28.3
0.983462620615159,7.802474108642023,TT,28.400000000000002
0.9736231346334657,7.829947609024565,TT,28.5
0.9634303319305809,7.857421109407107,TT,28.6
0.9528788387241339,7.88489460978965,TT,28.700000000000003
0.9419632185149769,7.912368110172192,TT,28.8
0.9306779714482482,7.939841610554734,TT,28.900000000000002
0.9190175336684498,7.967315110937276,TT,29
0.9069762766684847,7.9947886113198185,TT,29.1
0.8945485066326045,8.022262111702362,TT,29.200000000000003
0.8817284637732079,8.049735612084904,TT,29.3
0.8685103216614364,8.077209112467447,TT,29.400000000000002
0.8548881865515234,8.104682612849988,TT,29.5
0.8408560966988227,8.132156113232531,TT,29.6
0.8264080216714754,8.159629613615074,TT,29.700000000000003
0.8115378616556556,8.187103113997615,TT,29.8
0.7962394467543307,8.214576614380158,TT,29.900000000000002
0.7805065362794942,8.2420501147627,TT,30
0.7643328180377944,8.269523615145243,TT,30.1
0.74771190760952,8.296997115527786,TT,30.200000000000003
0.7306373476208706,8.324470615910327,TT,30.3
0.7131026070094546,8.35194411629287,TT,30.400000000000002
0.695101080282964,8.379417616675411,TT,30.5
0.6766260867709528,8.406891117057954,TT,30.6
0.6576708698696719,8.434364617440497,TT,30.700000000000003
0.6382285962798883,8.461838117823039,TT,30.8
0.6182923552376287,8.489311618205582,TT,30.900000000000002
0.5978551577377961,8.516785118588123,TT,31
0.5769099357505801,8.544258618970666,TT,31.1
0.5554495414306119,8.571732119353209,TT,31.200000000000003
0.5334667463187912,8.59920561973575,TT,31.3
0.5109542405367219,8.626679120118293,TT,31.400000000000002
0.4879046319737029,8.654152620500835,TT,31.5
0.46431044546618583,8.681626120883378,TT,31.6
0.44016412196966037,8.70909962126592,TT,31.700000000000003
0.4154580177228796,8.736573121648462,TT,31.8
0.3901844034043667,8.764046622031005,TT,31.900000000000002
0.3643354632811422,8.791520122413546,TT,32
0.33790329434958394,8.81899362279609,TT,32.1
0.310879905468379,8.846467123178632,TT,32.2
0.2832572164834712,8.873940623561172,TT,32.3
0.2550270573449402,8.901414123943717,TT,32.400000000000006
0.22618116721578033,8.928887624326258,TT,32.5
0.19671119357241895,8.9563611247088,TT,32.6
0.16660869129701633,8.983834625091344,TT,32.7
0.13586512176138094,9.011308125473883,TT,32.8
0.10447185190246708,9.038781625856428,TT,32.900000000000006
0.07242015328940427,9.06625512623897,TT,33
0.03970120118191145,9.093728626621512,TT,33.1
0.006306073580113258,9.121202127004056,TT,33.2
-0.027774249734388853,9.148675627386595,TT,33.3
-0.06254888816624712,9.17614912776914,TT,33.400000000000006
-0.09802706128292837,9.203622628151681,TT,33.5
-0.13421808980029046,9.231096128534224,TT,33.6
-0.1711313965771228,9.258569628916767,TT,33.7
-0.20877650761882424,9.286043129299307,TT,33.8
-0.24716305309028008,9.313516629681851,TT,33.900000000000006
-0.2863007683379469,9.340990130064393,TT,34
-0.32619949492136735,9.368463630446936,TT,34.1
-0.366869181654031,9.395937130829479,TT,34.2
-0.40831988565379346,9.423410631212018,TT,34.3
-0.4505617734028853,9.450884131594563,TT,34.400000000000006
-0.4936051218175485,9.478357631977104,TT,34.5
-0.5374603193275145,9.505831132359647,TT,34.6
-0.5821378669652397,9.53330463274219,TT,34.7
-0.6276483794651291,9.56077813312473,TT,34.8
-0.6740025863727654,9.588251633507275,TT,34.900000000000006
-0.7212113331641945,9.615725133889816,TT,35
-0.769285582375489,9.643198634272359,TT,35.1
-0.8182364147424952,9.670672134654902,TT,35.2
-0.8680750303510195,9.698145635037445,TT,35.300000000000004
-0.9188127497974249,9.725619135419985,TT,35.4
-0.9704610153598178,9.753092635802528,TT,35.5
-1.023031392179832,9.78056613618507,TT,35.6
-1.0765355694551668,9.808039636567614,TT,35.7
-1.130985361642955,9.835513136950157,TT,35.800000000000004
-1.1863927096740292,9.862986637332696,TT,35.9
-1.2427696821782295,9.89046013771524,TT,36
-1.3001284767207764,9.917933638097782,TT,36.1
-1.3584814210498943,9.945407138480325,TT,36.2
-1.417840974355696,9.972880638862868,TT,36.300000000000004
-1.4782197285404954,10.000354139245408,TT,36.4
-1.5396304095006081,10.02782763962795,TT,36.5
-1.6020858784197243,10.055301140010494,TT,36.6
-1.6655991330740205,10.082774640393037,TT,36.7
-1.730183309149026,10.11024814077558,TT,36.800000000000004
-1.7958516815684198,10.13772164115812,TT,36.9
-1.8626176658348292,10.165195141540663,TT,37
-1.9304948193826843,10.192668641923206,TT,37.1
-1.9994968429433537,10.220142142305749,TT,37.2
-2.0696375819225423,10.247615642688292,TT,37.300000000000004
-2.140931027790124,10.275089143070831,TT,37.4
-2.213391319482533,10.302562643453374,TT,37.5
-2.2870327448177186,10.330036143835917,TT,37.6
-2.361869741922919,10.35750964421846,TT,37.7
-2.437916900675246,10.384983144601003,TT,37.800000000000004
-2.5151889641552474,10.412456644983543,TT,37.9
-2.5937008301135536,10.439930145366086,TT,38
