Temperature,Species,umax_lwr_CI,umax_upr_CI,root_lwr_CI,root_upr_CI,ks_lwr_CI,ks_upr_CI
-3,AC,-0.16585708583561357,0.04240035626812799,200,200,0.9183188747807642,3.0053991594497003
-3,CH,-2.835321095377888,-0.41069033535136645,200,200,0.027396771165503167,2.3935115665749427
-3,CS,-0.19723500915602368,0.057610832752271614,200,200,1.3377742507528868e-7,0.9723519075816491
-3,TT,-2.4169347227739877,-0.303171126973947,200,200,6.785547681944779,11.736409014454807
-2.5,AC,-0.16198719349712304,0.04546994931536659,200,200,0.9183188747807642,3.0053991594497003
-2.5,CH,-2.6915872356737878,-0.3917253218601061,200,200,0.027396771165503167,2.3935115665749427
-2.5,CS,-0.18763722162023777,0.061519976381968246,200,200,1.3377742507528868e-7,0.9723519075816491
-2.5,TT,-2.294636201357889,-0.2941861184614506,200,200,6.785547681944779,11.736409014454807
-2,AC,-0.157686024829839,0.048749814383737614,200,200,0.9183188747807642,3.0053991594497003
-2,CH,-2.5504056652217084,-0.37197277527697853,200,200,0.027396771165503167,2.3935115665749427
-2,CS,-0.17751781002618497,0.06567499193042234,200,200,1.3377742507528868e-7,0.9723519075816491
-2,TT,-2.1746332933470365,-0.2845575111652531,200,200,6.785547681944779,11.736409014454807
-1.5,AC,-0.15293417886430735,0.05225319822800811,200,200,0.9183188747807642,3.0053991594497003
-1.5,CH,-2.411776384021648,-0.3514230770046842,200,200,0.027396771165503167,2.3935115665749427
-1.5,CS,-0.16686708206023496,0.07008947494844954,200,200,1.3377742507528868e-7,0.9723519075816491
-1.5,TT,-2.056925998741429,-0.2742676094417803,200,200,6.785547681944779,11.736409014454807
-1,AC,-0.14771191187307225,0.05599406192158326,200,200,0.9183188747807642,3.0053991594497003
-1,CH,-2.275699392073609,-0.33006732701799735,200,200,0.027396771165503167,2.3935115665749427
-1,CS,-0.15567588343201844,0.0747775751450877,200,200,1.3377742507528868e-7,0.9723519075816491
-1,TT,-1.9415143175410676,-0.26329900209333723,200,200,6.785547681944779,11.736409014454807
-0.5,AC,-0.14199917006943003,0.05998710566923869,200,200,0.9183188747807642,3.0053991594497003
-0.5,CH,-2.142174689377591,-0.3078974123702784,200,200,0.027396771165503167,2.3935115665749427
-0.5,CS,-0.14393566949111555,0.07975399499345417,200,200,1.3377742507528868e-7,0.9723519075816491
-0.5,TT,-1.8283982497459512,-0.2516346364800409,200,200,6.785547681944779,11.736409014454807
0,AC,-0.13577562705352972,0.06424779264667012,200,200,0.9183188747807642,3.0053991594497003
0,CH,-2.0112022759335932,-0.2849060796404325,200,200,0.027396771165503167,2.3935115665749427
0,CS,-0.1316385820402215,0.08503398437747621,200,200,1.3377742507528868e-7,0.9723519075816491
0,TT,-1.7175777953560805,-0.2392578988937358,200,200,6.785547681944779,11.736409014454807
0.5,AC,-0.12902072641768234,0.06879237152296772,200,200,0.9183188747807642,3.0053991594497003
0.5,CH,-1.882782151741615,-0.261087011508647,200,200,0.027396771165503167,2.3935115665749427
0.5,CS,-0.11877753165287727,0.09063333064370266,200,200,1.3377742507528868e-7,0.9723519075816491
0.5,TT,-1.609052954371455,-0.22613633738667904,200,200,6.785547681944779,11.736409014454807
1,AC,-0.1217137299525224,0.07363789727100507,200,200,0.9183188747807642,3.0053991594497003
1,CH,-1.7569143168016577,-0.23643490765739322,200,200,0.027396771165503167,2.3935115665749427
1,CS,-0.10534628582027455,0.09656834334539477,200,200,1.3377742507528868e-7,0.9723519075816491
1,TT,-1.502823726792075,-0.2119579045964565,200,200,6.785547681944779,11.736409014454807
1.5,AC,-0.11383377192739569,0.07880224981345343,200,200,0.9183188747807642,3.0053991594497003
1.5,CH,-1.6335987711137214,-0.21094557020263693,200,200,0.027396771165503167,2.3935115665749427
1.5,CS,-0.09133956326888125,0.10285583288080268,16.429248242772903,200,1.3377742507528868e-7,0.9723519075816491
1.5,TT,-1.398890112617941,-0.19546155034495177,200,200,6.785547681944779,11.736409014454807
2,AC,-0.10535991995215435,0.08430414998801776,200,200,0.9183188747807642,3.0053991594497003
2,CH,-1.5128355146778045,-0.18461599386902294,200,200,0.027396771165503167,2.3935115665749427
2,CS,-0.07675313480872563,0.10951308213312651,9.169479788322895e-5,200,1.3377742507528868e-7,0.9723519075816491
2,TT,-1.2972521118490523,-0.17821522502878684,200,200,6.785547681944779,11.736409014454807
2.5,AC,-0.09627124296354331,0.09016317224379987,200,200,0.9183188747807642,3.0053991594497003
2.5,CH,-1.3946245474939092,-0.15744446113196134,200,200,0.027396771165503167,2.3935115665749427
2.5,CS,-0.061583931091172155,0.11655781011522451,8.613918094868554e-5,200,1.3377742507528868e-7,0.9723519075816491
2.5,TT,-1.1979097244854091,-0.1602346659695018,200,200,6.785547681944779,11.736409014454807
3,AC,-0.0865468869177054,0.09639975340060568,200,200,0.9183188747807642,3.0053991594497003
3,CH,-1.2789658695620336,-0.12943064255908038,200,200,0.027396771165503167,2.3935115665749427
3,CS,-0.04583015767495112,0.12400812650666368,8.095101006246711e-5,200,1.3377742507528868e-7,0.9723519075816491
3,TT,-1.100862950527011,-0.14151405377998172,200,200,6.785547681944779,11.736409014454807
3.5,AC,-0.07616615881114859,0.1030351967136268,60.951059755591714,200,0.9183188747807642,3.0053991594497003
3.5,CH,-1.165859480882179,-0.1005757025934408,200,200,0.027396771165503167,2.3935115665749427
3.5,CS,-0.029491417820123024,0.13188247584311405,7.610522105232193e-5,200,1.3377742507528868e-7,0.9723519075816491
3.5,TT,-1.0061117899738592,-0.12204891835065082,200,200,6.785547681944779,11.736409014454807
4,AC,-0.06510861969596705,0.11009167038624473,18.331818812480392,200,0.9183188747807642,3.0053991594497003
4,CH,-1.055305381454344,-0.07088241103121273,200,200,0.027396771165503167,2.3935115665749427
4,CS,-0.012568843451605423,0.1401995699771618,7.157852535600615e-5,200,1.3377742507528868e-7,0.9723519075816491
4,TT,-0.9136562428259527,-0.10183627112663682,200,200,6.785547681944779,11.736409014454807
4.5,AC,-0.05335418740134615,0.11759219956263417,10.5159110183483,200,0.9183188747807642,3.0053991594497003
4.5,CH,-0.9473035712785302,-0.04035526045726606,200,200,0.027396771165503167,2.3935115665749427
4.5,CS,0.004934765243081462,0.14897830727404593,6.734928186485628e-5,200,1.3377742507528868e-7,0.9723519075816491
4.5,TT,-0.8234963090832914,-0.08087474611321974,200,200,6.785547681944779,11.736409014454807
5,AC,-0.040883249722573824,0.12556065070817163,7.237649024324909,200,0.9183188747807642,3.0053991594497003
5,CH,-0.8418540503547369,-0.009000589913275289,200,200,0.027396771165503167,2.3935115665749427
5,CS,0.023014791093034274,0.1582376768341607,6.339737835137553e-5,200,1.3377742507528868e-7,0.9723519075816491
5,TT,-0.7356319887458753,-0.05916475010023749,200,200,6.785547681944779,11.736409014454807
5.5,AC,-0.027676788891117434,0.13402170714805822,5.4376605978387875,200,0.9183188747807642,3.0053991594497003
5.5,CH,-0.738956818682964,0.02317328491543695,200,200,0.027396771165503167,2.3935115665749427
5.5,CS,0.04166464158599416,0.1679966458448367,6.280130217274437e-5,200,1.3377742507528868e-7,0.9723519075816491
5.5,TT,-0.6500632818137051,-0.03670862262135439,200,200,6.785547681944779,11.736409014454807
6,AC,-0.013716518194983275,0.14300083438157643,4.302215167163402,200,0.9183188747807642,3.0053991594497003
6,CH,-0.6386118762632108,0.056155934696032035,200,200,0.027396771165503167,2.3935115665749427
6,CS,0.06087558033243969,0.17827402795518646,6.127462106018444e-5,200,1.3377742507528868e-7,0.9723519075816491
6,TT,-0.5667901882867806,-0.013510806190553094,200,200,6.785547681944779,11.736409014454807
6.5,AC,0.0010149683222320112,0.15252423361940942,3.52215295779982,200,0.9183188747807642,3.0053991594497003
6.5,CH,-0.5408192230954787,0.08993467231640796,200,200,0.027396771165503167,2.3935115665749427
6.5,CS,0.08063654778312403,0.18908833033778272,6.374546417656148e-5,200,1.3377742507528868e-7,0.9723519075816491
6.5,TT,-0.48581270816510136,0.010421972614046114,200,200,6.785547681944779,11.736409014454807
7,AC,0.01653403209226025,0.16261878180268782,2.9543866711738804,200,0.9183188747807642,3.0053991594497003
7,CH,-0.4455788591797672,0.12449440130167408,9.771667967488089,200,0.027396771165503167,2.3935115665749427
7,CS,0.10093397060219435,0.2004575768475615,6.392834221934584e-5,1.0714579062894058,1.3377742507528868e-7,0.9723519075816491
7,TT,-0.4071308414486676,0.03508051061985696,200,200,6.785547681944779,11.736409014454807
7.5,AC,0.03285581112481658,0.17331195615293848,2.405205357854767,200,0.9183188747807642,3.0053991594497003
7.5,CH,-0.35289078451607536,0.15981745644136863,4.0013596461671455,200,0.027396771165503167,2.3935115665749427
7.5,CS,0.12175155906736902,0.21239910440933935,7.832953724445525e-5,0.9517405854282566,1.3377742507528868e-7,0.9723519075816491
7.5,TT,-0.3307445881374794,0.0604529234533174,200,200,6.785547681944779,11.736409014454807
8,AC,0.049994024852654396,0.18463174106975527,1.8795470688590548,200,0.9183188747807642,3.0053991594497003
8,CH,-0.26275499910440453,0.1958834362758275,2.4962705845690696,200,0.027396771165503167,2.3935115665749427
8,CS,0.14307009183649988,0.22492932945822564,0,0.8518594363060913,1.3377742507528868e-7,0.9723519075816491
8,TT,-0.25665394823153664,0.08652442819557103,200,200,6.785547681944779,11.736409014454807
8.5,AC,0.06796076151413327,0.19660651493542894,1.525217640481455,200,0.9183188747807642,3.0053991594497003
8.5,CH,-0.17517150294475448,0.2326690270754423,1.5633540043916303,200,0.027396771165503167,2.3935115665749427
8.5,CS,0.16486718738613368,0.23806348091929158,0,0.7674277126860959,1.3377742507528868e-7,0.9723519075816491
8.5,TT,-0.18485892173083965,0.1132771126052154,110.81457721473615,200,6.785547681944779,11.736409014454807
9,AC,0.08676624678813281,0.20926491410037937,1.2708307816437177,200,0.9183188747807642,3.0053991594497003
9,CH,-0.0901402960371246,0.27014781793129217,0.5760061980027321,200,0.027396771165503167,2.3935115665749427
9,CS,0.18711706139235096,0.25181529584115675,0,0.6952463250129615,1.3377742507528868e-7,0.9723519075816491
9,TT,-0.11535950863538792,0.14068969017788718,26.705077741860798,200,6.785547681944779,11.736409014454807
9.5,AC,0.10641859231086996,0.22263567100717097,1.0797990432377684,29.247353307822262,0.9183188747807642,3.0053991594497003
9.5,CH,-0.0076613783815146115,0.30829010655977634,0.21840178339470978,200,0.027396771165503167,2.3935115665749427
9.5,CS,0.20756685285047755,0.2661966733894329,0,0.6329658533986081,1.3377742507528868e-7,0.9723519075816491
9.5,TT,-0.04815570894518155,0.17002106919724713,13.166248602021472,200,6.785547681944779,11.736409014454807
10,AC,0.12692352261359643,0.236747423061041,0.9313718896331004,6.972617912085782,0.9183188747807642,3.0053991594497003
10,CH,0.0722652500220742,0.3470626954073975,0.046715923124918166,200,0.027396771165503167,2.3935115665749427
10,CS,0.2213185908013492,0.28121728245668604,0,0.5787888230738153,1.3377742507528868e-7,0.9723519075816491
10,TT,0.01675247733977897,0.1999041463786591,8.919151090393068,200,6.785547681944779,11.736409014454807
10.5,AC,0.14828407892396006,0.2516284884677937,0.8130776388301099,3.887965541468523,0.9183188747807642,3.0053991594497003
10.5,CH,0.1496395891736427,0.38642867762471134,0.02227302299868347,1.4352580599122144,0.027396771165503167,2.3935115665749427
10.5,CS,0.23581442683102105,0.296884117651857,0,0.5313376489648651,1.3377742507528868e-7,0.9723519075816491
10.5,TT,0.07909899036672519,0.23026509556846292,6.759609325857198,200,6.785547681944779,11.736409014454807
11,AC,0.17050029817167167,0.26730660483182395,0.7168069825779273,3.052493513190583,0.9183188747807642,3.0053991594497003
11,CH,0.2244616390731909,0.42634721246065643,0.014763755789842051,0.7334254464096616,0.027396771165503167,2.3935115665749427
11,CS,0.25107307738120993,0.31320099788970207,0,0.4895229341007453,1.3377742507528868e-7,0.9723519075816491
11,TT,0.13755451437695976,0.26106249319018826,5.362451266732995,26.149968881461845,6.785547681944779,11.736409014454807
11.5,AC,0.19356886543067783,0.28380862583380795,0.6371251188525766,2.604764550792004,0.9183188747807642,3.0053991594497003
11.5,CH,0.29673139972071844,0.46704560381363486,0.011135341443370682,0.6525861848358582,0.027396771165503167,2.3935115665749427
11.5,CS,0.26711031047255035,0.3301680012051381,0,0.45248074156903834,1.3377742507528868e-7,0.9723519075816491
11.5,TT,0.1878350187788177,0.2922504113016019,4.273498519054012,11.270668051845021,6.785547681944779,11.736409014454807
12,AC,0.21748273791492725,0.3011601707846646,0.5702460295324023,2.254038663026235,0.9183188747807642,3.0053991594497003
12,CH,0.36644887111622587,0.5222006036227248,0.008988058757734833,0.5871611818885041,0.027396771165503167,2.3935115665749427
12,CS,0.28393824178987315,0.34778082876336347,0,0.4195358453635832,1.3377742507528868e-7,0.9723519075816491
12,TT,0.23642938292993537,0.3272801428906331,3.4508599155599358,7.282738517627034,6.785547681944779,11.736409014454807
12.5,AC,0.2422307385226382,0.31938522127477165,0.5134537348355753,1.9727725607102822,0.9183188747807642,3.0053991594497003
12.5,CH,0.43361405325971253,0.5758273519298887,0.007530873507438822,0.5331480445778388,0.027396771165503167,2.3935115665749427
12.5,CS,0.3015645263744404,0.3660300903187445,0,0.3900622008241267,1.3377742507528868e-7,0.9723519075816491
12.5,TT,0.2816127200119324,0.3628606393646079,2.8546605097404347,5.491074331424526,6.785547681944779,11.736409014454807
13,AC,0.26779711679431917,0.3385056584996157,0.4647459835780961,1.7427568268339184,0.9183188747807642,3.0053991594497003
13,CH,0.498226946151179,0.6279258487351266,0.006562149357337698,0.4878979611431024,0.027396771165503167,2.3935115665749427
13,CS,0.319991432723462,0.3849005025877015,0,0.363642466349126,1.3377742507528868e-7,0.9723519075816491
13,TT,0.3233869905154906,0.3983914023914552,2.4394989359480252,4.5492685003087905,6.785547681944779,11.736409014454807
13.5,AC,0.2936736694244811,0.3585407341390754,0.42261583072325903,1.5517806131953498,0.9183188747807642,3.0053991594497003
13.5,CH,0.5602875497906247,0.6784960940384386,0.005779620192087542,0.44949285264737804,0.027396771165503167,2.3935115665749427
13.5,CS,0.33921478455943366,0.40436999113658445,0,0.3398812177432483,1.3377742507528868e-7,0.9723519075816491
13.5,TT,0.3627989722091859,0.4340635401291081,2.1342861636259003,3.898837609652884,6.785547681944779,11.736409014454807
14,AC,0.3160376288094552,0.37950646689075024,0.38592279623657355,1.3911410827157908,0.9183188747807642,3.0053991594497003
14,CH,0.6197958641780502,0.7275380878398247,0.005225576310960427,0.4165404089717873,0.027396771165503167,2.3935115665749427
14,CS,0.3592227538237007,0.42584768676694534,0,0.31844738800555783,1.3377742507528868e-7,0.9723519075816491
14,TT,0.40176440660020507,0.47326305331376517,1.8861345424182585,3.4218490069482366,6.785547681944779,11.736409014454807
14.5,AC,0.3395603341507207,0.4014149559009528,0.35371906980116813,1.2545371003527435,0.9183188747807642,3.0053991594497003
14.5,CH,0.6709095762964316,0.7750518301392848,0.004774890597638121,0.38802554409237716,0.027396771165503167,2.3935115665749427
14.5,CS,0.37999448655193535,0.450111470726289,0,0.29911216924462347,1.3377742507528868e-7,0.9723519075816491
14.5,TT,0.44006285634347175,0.5152929018855065,1.6926026543459884,3.057146510613818,6.785547681944779,11.736409014454807
15,AC,0.36425350384464267,0.4242736013922077,0.3253297303592757,1.1373264128739493,0.9183188747807642,3.0053991594497003
15,CH,0.7199276141382721,0.821240859148579,0.004406102630980459,0.36312711744605186,0.027396771165503167,2.3935115665749427
15,CS,0.40149854118379774,0.47414201787472743,0,0.28156314588697423,1.3377742507528868e-7,0.9723519075816491
15,TT,0.47768973682542804,0.5559403968396222,1.5401814249159846,2.769654713130861,6.785547681944779,11.736409014454807
15.5,AC,0.39012168644203704,0.4480842217446685,0.3001729826304859,1.0359118011563433,0.9183188747807642,3.0053991594497003
15.5,CH,0.7672918461216273,0.8673408150059219,0.004100434071475136,0.3412293518981061,0.027396771165503167,2.3935115665749427
15.5,CS,0.4236911165226813,0.4978392517154363,0,0.26566305699050674,1.3377742507528868e-7,0.9723519075816491
15.5,TT,0.5146155210091736,0.5949036978171334,1.4174376572583909,2.5378614112905518,6.785547681944779,11.736409014454807
16,AC,0.41716096022338145,0.47284205514121486,0.2778089053948598,0.9475946909230628,0.9183188747807642,3.0053991594497003
16,CH,0.8113332285635005,0.9117127850098705,0.003843810923262852,0.32188253389706434,0.027396771165503167,2.3935115665749427
16,CS,0.4465140439695985,0.5210943112479262,0,0.2512384189017987,1.3377742507528868e-7,0.9723519075816491
16,TT,0.5485979417042208,0.6336791645849118,1.3170839268928198,2.3489773229632895,6.785547681944779,11.736409014454807
16.5,AC,0.4453574676171324,0.4985346326216718,0.2577973927843883,0.8702285983554595,0.9183188747807642,3.0053991594497003
16.5,CH,0.8524740318180554,0.9543567691604256,0.003617632731853534,0.30470394879152257,0.027396771165503167,2.3935115665749427
16.5,CS,0.46989251578083424,0.5437889799099844,0,0.23814528727831893,1.3377742507528868e-7,0.9723519075816491
16.5,TT,0.5821200222506875,0.6706692300088576,1.2337897773326292,2.191432833418479,6.785547681944779,11.736409014454807
17,AC,0.4746857663248653,0.5251405079991435,0.23986846824469232,0.8020898229803048,0.9183188747807642,3.0053991594497003
17,CH,0.8917925326099929,0.9952727674575864,0.0034343063033029,0.2893869327791822,0.027396771165503167,2.3935115665749427
17,CS,0.4926868591331144,0.5657950823105229,0,0.22626190936412938,1.3377742507528868e-7,0.9723519075816491
17,TT,0.615093204857937,0.7056231880027881,1.1639399903649328,2.058578434145915,6.785547681944779,11.736409014454807
17.5,AC,0.5051069771818975,0.5526278285582928,0.22375928693388517,0.7418937573577276,0.9183188747807642,3.0053991594497003
17.5,CH,0.9292887309393129,1.0344607799013537,0.0032746560559540443,0.2756829461076833,0.027396771165503167,2.3935115665749427
17.5,CS,0.5149857282487479,0.5869738470844557,0,0.21546662204278774,1.3377742507528868e-7,0.9723519075816491
17.5,TT,0.6473138337321196,0.7384840076566803,1.1048074511436718,1.9456429724488407,6.785547681944779,11.736409014454807
18,AC,0.5354390370947523,0.5809527287677757,0.209246385725073,0.6884235351618904,0.9183188747807642,3.0053991594497003
18,CH,0.9649626268060154,1.071920806491727,0.0031350896130111923,0.2633886751546812,0.027396771165503167,2.3935115665749427
18,CS,0.5370736199697882,0.6071752341190555,0,0.20575100605730454,1.3377742507528868e-7,0.9723519075816491
18,TT,0.6786474536877559,0.770188221831092,1.054157738448803,1.8490659785107701,6.785547681944779,11.736409014454807
18.5,AC,0.566431416792972,0.6101587887060825,0.1961144511822908,0.640822811009965,0.9183188747807642,3.0053991594497003
18.5,CH,0.9988142202101005,1.1076528472287064,0.00301258139342317,0.2523365430137859,0.027396771165503167,2.3935115665749427
18.5,CS,0.5575973495147232,0.6262372243157157,0,0.1969274299262973,1.3377742507528868e-7,0.9723519075816491
18.5,TT,0.7089492768070379,0.8023832981389347,1.010770878578858,1.766159285817645,6.785547681944779,11.736409014454807
19,AC,0.5982815031724138,0.6419199278326043,0.18431177317412256,0.5983378757245261,0.9183188747807642,3.0053991594497003
19,CH,1.0308435111515677,1.141656902112292,0.0029046408581315905,0.24238760775122534,0.027396771165503167,2.3935115665749427
19,CS,0.5777060238686955,0.6484062582327784,0,0.1889922556290033,1.3377742507528868e-7,0.9723519075816491
19,TT,0.7380232525636099,0.8326140629166345,0.9735373592273402,1.6948657065958772,6.785547681944779,11.736409014454807
19.5,AC,0.6290741502192001,0.6740857277581981,0.17357792050593726,0.5603435529759686,0.9183188747807642,3.0053991594497003
19.5,CH,1.0610504996304178,1.1739329711424835,0.0028092306084993596,0.23342788666778042,0.027396771165503167,2.3935115665749427
19.5,CS,0.5971818615521203,0.6708505385347739,0,0.18189452433845,1.3377742507528868e-7,0.9723519075816491
19.5,TT,0.7646216858344461,0.8607223002078614,0.9415873634706167,1.6335962597199087,6.785547681944779,11.736409014454807
20,AC,0.6604568269002106,0.7065480306202403,0.1638552829024992,0.5263196854474903,0.9183188747807642,3.0053991594497003
20,CH,1.0894351856466502,1.2044810543192814,0.0027246826536506427,0.22537071575976192,0.027396771165503167,2.3935115665749427
20,CS,0.615773361223537,0.6923443581904928,0,0.17559581055326456,1.3377742507528868e-7,0.9723519075816491
20,TT,0.7889220686568368,0.8865426150894172,0.9142418328410604,1.5811181110032746,6.785547681944779,11.736409014454807
20.5,AC,0.6923012270639283,0.7391830185657363,0.15504426383946684,0.49581035344813706,0.9183188747807642,3.0053991594497003
20.5,CH,1.115997569200265,1.2333011516426855,0.0026496263426180992,0.21812027111619411,0.027396771165503167,2.3935115665749427
20.5,CS,0.633191183293524,0.7125609024869828,0,0.17006992542478044,1.3377742507528868e-7,0.9723519075816491
20.5,TT,0.8114024394048871,0.9099021676473628,0.8909686357562893,1.5364763367175192,6.785547681944779,11.736409014454807
21,AC,0.7244536351234009,0.7718497065864944,0.14706046210922147,0.46853023551760886,0.9183188747807642,3.0053991594497003
21,CH,1.1407376502912627,1.2603932631126953,0.002582929956744953,0.21154945619868284,0.027396771165503167,2.3935115665749427
21,CS,0.6491035794699034,0.7311246807590083,0,0.1653033829352961,1.3377742507528868e-7,0.9723519075816491
21,TT,0.8304986434618888,0.9306203980690406,0.8713514025269582,1.4989389927600576,6.785547681944779,11.736409014454807
21.5,AC,0.7567316523638001,0.8043883121410728,0.13983214237657313,0.44405848030466866,0.9183188747807642,3.0053991594497003
21.5,CH,1.1636554289196426,1.2857573887293114,0.002523654469810758,0.2057255513709858,0.027396771165503167,2.3935115665749427
21.5,CS,0.662990963850239,0.7476056339003143,0,0.16129667470988338,1.3377742507528868e-7,0.9723519075816491
21.5,TT,0.8449881072659484,0.9485087425722643,0.8525539978745518,1.4679611259847838,6.785547681944779,11.736409014454807
22,AC,0.7889205633450717,0.8366184923704931,0.13331858749319891,0.42219684843181515,0.9183188747807642,3.0053991594497003
22,CH,1.1847509050854053,1.3093935284925338,0.0024710172367815395,0.20054268089060925,0.027396771165503167,2.3935115665749427
22,CS,0.6745213159261532,0.7615125950487659,0,0.1580665483167453,1.3377742507528868e-7,0.9723519075816491
22,TT,0.857275486940408,0.9633703398845488,0.8369656061267229,1.4431529095467281,6.785547681944779,11.736409014454807
22.5,AC,0.8207693060839721,0.8691780062600077,0.12738062051982948,0.40273282535929045,0.9183188747807642,3.0053991594497003
22.5,CH,1.2040240787885503,1.3313016824023622,0.0024211934754051023,0.1959649651717481,0.027396771165503167,2.3935115665749427
22.5,CS,0.6834284119748343,0.7722860364305161,0,0.1556496664890895,1.3377742507528868e-7,0.9723519075816491
22.5,TT,0.8672774896452894,0.9749997279766259,0.8244263837916892,1.424266897580464,6.785547681944779,11.736409014454807
23,AC,0.8519860062306173,0.9016166807298843,0.12210009002036637,0.3854954205917531,0.9183188747807642,3.0053991594497003
23,CH,1.2214749500290778,1.3514818504587969,0.002374740238895952,0.19196479336416547,0.027396771165503167,2.3935115665749427
23,CS,0.6892045603999016,0.779290028667641,0,0.15410829995016645,1.3377742507528868e-7,0.9723519075816491
23,TT,0.8748447454045803,0.9831825307455957,0.8148272011610729,1.411192893642983,6.785547681944779,11.736409014454807
23.5,AC,0.8822330316665415,0.9327723939774726,0.11738359306202996,0.370352090144547,0.9183188747807642,3.0053991594497003
23.5,CH,1.2371035188069877,1.3699340326618374,0.002334213378922169,0.18852240526399033,0.027396771165503167,2.3935115665749427
23.5,CS,0.6908173768724286,0.7818033315252313,0,0.1535391692687386,1.3377742507528868e-7,0.9723519075816491
23.5,TT,0.8796862581941964,0.9876951343339153,0.8081173815682534,1.4039561651107393,6.785547681944779,11.736409014454807
24,AC,0.905836045862238,0.9621488020265361,0.11320611791677121,0.35720760050149614,0.9183188747807642,3.0053991594497003
24,CH,1.2509097851222803,1.389351242693526,0.0022990473511463536,0.18562574128385442,0.027396771165503167,2.3935115665749427
24,CS,0.6876426614935188,0.7790095270361254,0,0.1540873814269062,1.3377742507528868e-7,0.9723519075816491
24,TT,0.8804419517421199,0.9922969837373774,0.804304703101627,1.4027261441004306,6.785547681944779,11.736409014454807
24.5,AC,0.9251043956765416,0.989170734263059,0.10955039121543542,0.3460049115927081,0.9183188747807642,3.0053991594497003
24.5,CH,1.2628937489749552,1.4059265275716195,0.0022687815370912717,0.18327057144907632,0.027396771165503167,2.3935115665749427
24.5,CS,0.6789501412520691,0.7699860971271515,0,0.1559689776137913,1.3377742507528868e-7,0.9723519075816491
24.5,TT,0.8782509825249825,0.9926642491636399,0.8034584848772777,1.4078349244663242,6.785547681944779,11.736409014454807
25,AC,0.9414370431964044,1.0131740639744473,0.10640754521100151,0.33672845155899067,0.9183188747807642,3.0053991594497003
25,CH,1.273055410365013,1.4198143214830583,0.0022430409010259214,0.1814609344408514,0.027396771165503167,2.3935115665749427
25,CS,0.6638322613251152,0.7536923382063295,0,0.15950874732886633,1.3377742507528868e-7,0.9723519075816491
25,TT,0.8703710060359304,0.9882593533927139,0.8057162031093213,1.419808361320412,6.785547681944779,11.736409014454807
25.5,AC,0.9544009670698902,1.03339439970904,0.10377822501381759,0.32941054176506673,0.9183188747807642,3.0053991594497003
25.5,CH,1.281394769292453,1.433706530740148,0.002221521442520025,0.1802099431834981,0.027396771165503167,2.3935115665749427
25.5,CS,0.641268130845063,0.728955994575618,0,0.1652066379252997,1.3377742507528868e-7,0.9723519075816491
25.5,TT,0.8552133480445745,0.9786657029526806,0.8112944887544152,1.4394146009705495,6.785547681944779,11.736409014454807
26,AC,0.9635241785744226,1.0532713041323316,0.10167434602450252,0.32414232496958284,0.9183188747807642,3.0053991594497003
26,CH,1.2823086338701257,1.4460704884953117,0.002203979208818261,0.17954104804365364,0.027396771165503167,2.3935115665749427
26,CS,0.6101109346897776,0.6944584809206139,0,0.17386138528208406,1.3377742507528868e-7,0.9723519075816491
26,TT,0.8344433595202851,0.9634403045467106,0.8205059332906264,1.4677385653594037,6.785547681944779,11.736409014454807
26.5,AC,0.9682928195724111,1.0701427295885022,0.10012182058667268,0.32109155611819484,0.9183188747807642,3.0053991594497003
26.5,CH,1.27800971695704,1.4569061947485495,0.0021902220051626493,0.17948989810329566,0.027396771165503167,2.3935115665749427
26.5,CS,0.5666118302912291,0.6487185514010678,0,0.18681851977250197,1.3377742507528868e-7,0.9723519075816491
26.5,TT,0.807754523835173,0.9421122808297271,0.8337840018126372,1.5063005478591411,6.785547681944779,11.736409014454807
27,AC,0.9681480657520378,1.0832670618833917,0.09916476860682442,0.3205314304515134,0.9183188747807642,3.0053991594497003
27,CH,1.2711585107919336,1.4662136494998614,0.002180103198105489,0.1801070144465929,0.027396771165503167,2.3935115665749427
27,CS,0.5063205432929941,0.5900742589193132,0,0.20652019524806028,1.3377742507528868e-7,0.9723519075816491
27,TT,0.7747145500899268,0.9159839301444279,0.8517197472459199,1.5572171688683967,6.785547681944779,11.736409014454807
27.5,AC,0.9624828229363289,1.092072202067373,0.09887207889321656,0.3228880803474487,0.9183188747807642,3.0053991594497003
27.5,CH,1.261755015374807,1.4739928527492472,0.0021735171874458633,0.18146160242589807,0.027396771165503167,2.3935115665749427
27.5,CS,0.43083676068106336,0.5278075225835239,0,0.23778512064876867,1.3377742507528868e-7,0.9723519075816491
27.5,TT,0.7348672495702238,0.8915225839752345,0.8751163436050435,1.6378271228826644,6.785547681944779,11.736409014454807
28,AC,0.9506382035123524,1.0959296349955683,0.09934783976830569,0.3288213366138303,0.9183188747807642,3.0053991594497003
28,CH,1.2497992307056598,1.4802438044967074,0.002170396252945226,0.18364700906986378,0.027396771165503167,2.3935115665749427
28,CS,0.3379479569318508,0.45563146730859144,0,0.29208298345274064,1.3377742507528868e-7,0.9723519075816491
28,TT,0.6877313626936996,0.8687481782305674,0.905071483916613,1.7538981577768555,6.785547681944779,11.736409014454807
28.5,AC,0.9318997692588727,1.0941497456311002,0.10074841731991244,0.33936830760271997,0.9183188747807642,3.0053991594497003
28.5,CH,1.2352911567844922,1.4849665047422416,0.002170708579804141,0.1867886244685168,0.027396771165503167,2.3935115665749427
28.5,CS,0.22517022904247844,0.3743695156172467,0,0.4034539969179579,1.3377742507528868e-7,0.9723519075816491
28.5,TT,0.6265663196539832,0.8422258052208447,0.9431049576639412,1.912838872092975,6.785547681944779,11.736409014454807
29,AC,0.9054935260326026,1.0859767820653345,0.10331152672194836,0.35621399494596634,0.9183188747807642,3.0053991594497003
29,CH,1.218230793611304,1.4881609534858495,0.0021744573439244595,0.19105551899608203,0.027396771165503167,2.3935115665749427
29,CS,0.08971776556858924,0.30081299181556426,0,200,1.3377742507528868e-7,0.9723519075816491
29,TT,0.551284151104406,0.8111199474499465,0.9913624447021658,2.138529389734855,6.785547681944779,11.736409014454807
29.5,AC,0.8664005785901636,1.070583440213189,0.1074082137796,0.3822413952938674,0.9183188747807642,3.0053991594497003
29.5,CH,1.1986181411860954,1.4898271507275318,0.0021816808028520826,0.19667796709596114,0.027396771165503167,2.3935115665749427
29.5,CS,-0.07153094286405638,0.21745905117116335,0,200,1.3377742507528868e-7,0.9723519075816491
29.5,TT,0.4650129050886882,0.7818675453814548,1.0472617807596551,2.5811845269114904,6.785547681944779,11.736409014454807
30,AC,0.7830747541827591,1.0470650434427602,0.11364170690175367,0.42276666140894703,0.9183188747807642,3.0053991594497003
30,CH,1.1764531995088665,1.4899650964672881,0.0021924533977502425,0.20397456121573124,0.027396771165503167,2.3935115665749427
30,CS,-0.2620704871159248,0.12355185578099376,7.718818321468737e-5,200,1.3377742507528868e-7,0.9723519075816491
30,TT,0.3669458606882605,0.751922653520669,1.1135251076873558,3.5649246900466647,6.785547681944779,11.736409014454807
30.5,AC,0.672900736028256,1.014433288588152,0.12305054530287139,0.4886574075317803,0.9183188747807642,3.0053991594497003
30.5,CH,1.1517359685796171,1.4885747907051183,0.002206887931740195,0.21345658214510455,0.027396771165503167,2.3935115665749427
30.5,CS,-0.487082090032548,0.018288555359575995,200,200,1.3377742507528868e-7,0.9723519075816491
30.5,TT,0.2562299944486196,0.7185131205629565,1.1976598037610382,6.455999598883855,6.785547681944779,11.736409014454807
31,AC,0.5352360281924398,0.9716095278653867,0.13763001444549072,0.606392222570806,0.9183188747807642,3.0053991594497003
31,CH,1.1244664483983473,1.4856562334410228,0.00222513895649213,0.22565583205335413,0.027396771165503167,2.3935115665749427
31,CS,-0.7702814535287231,-0.09918331004318585,200,200,1.3377742507528868e-7,0.9723519075816491
31,TT,0.13196364758691406,0.6815778689179175,1.3057313212831567,110.69390509262486,6.785547681944779,11.736409014454807
31.5,AC,0.36592580858255874,0.9174175541559888,0.1614125798103509,0.8599607773460425,0.9183188747807642,3.0053991594497003
31.5,CH,1.0905664841860634,1.4812094246750014,0.0022474075790615555,0.2416309881636532,0.027396771165503167,2.3935115665749427
31.5,CS,-1.1015444670104242,-0.22976854036643496,200,200,1.3377742507528868e-7,0.9723519075816491
31.5,TT,-0.006805915168210063,0.6419358602865859,1.4222171110373525,200,6.785547681944779,11.736409014454807
32,AC,0.16028277509746705,0.8505758549332627,0.17724797946130244,3.4262117052685337,0.9183188747807642,3.0053991594497003
32,CH,1.010236379248592,1.4752343644070538,0.0022739480037359456,0.26295594386627874,0.027396771165503167,2.3935115665749427
32,CS,-1.4873031590503247,-0.3744271453707823,200,200,1.3377742507528868e-7,0.9723519075816491
32,TT,-0.16108505986718893,0.6019133303875867,1.5634165487215828,200,6.785547681944779,11.736409014454807
32.5,AC,-0.08697556948239199,0.7696892977738236,0.19869661684789544,200,0.9183188747807642,3.0053991594497003
32.5,CH,0.9190863429331725,1.4677310526371805,0.002305076261800234,0.29222028695341806,0.027396771165503167,2.3935115665749427
32.5,CS,-1.9347631892196717,-0.5341773607467559,200,200,1.3377742507528868e-7,0.9723519075816491
32.5,TT,-0.33193645572429437,0.5638991939569846,1.729593038325361,200,6.785547681944779,11.736409014454807
33,AC,-0.3817966443491876,0.6732402079125052,0.2320995415084225,200,0.9183188747807642,3.0053991594497003
33,CH,0.816396368455717,1.458699489365381,0.0023411817743345265,0.3341165738793826,0.027396771165503167,2.3935115665749427
33,CS,-2.451991343505773,-0.7100988175832988,200,200,1.3377742507528868e-7,0.9723519075816491
33,TT,-0.5204818707696112,0.5236044843693672,1.896429718754634,200,6.785547681944779,11.736409014454807
33.5,AC,-0.7308702857404127,0.559578795652702,0.2895184215270092,200,0.9183188747807642,3.0053991594497003
33.5,CH,0.7014089095173441,1.448139674591656,0.0023827426678152824,0.3979955704396413,0.027396771165503167,2.3935115665749427
33.5,CS,-3.048012532956454,-0.9033358726107029,200,200,1.3377742507528868e-7,0.9723519075816491
33.5,TT,-0.7279050961591464,0.48102920162473395,2.112808951560984,200,6.785547681944779,11.736409014454807
34,AC,-1.1417148462131492,0.4269128886261982,0.406989348620261,200,0.9183188747807642,3.0053991594497003
34,CH,0.5733271599004154,1.4360516083160046,0.002430346163644941,0.5056820267657447,0.027396771165503167,2.3935115665749427
34,CS,-3.7329172984230055,-1.1151011069776013,200,200,1.3377742507528868e-7,0.9723519075816491
34,TT,-0.9554550047607435,0.4361733457230854,2.403789249745574,200,6.785547681944779,11.736409014454807
34.5,AC,-1.6227728218017887,0.27329692089573215,0.7677438987367378,200,0.9183188747807642,3.0053991594497003
34.5,CH,0.431313260326658,1.4224352905384274,0.0024801427780377573,0.7224320133717692,0.027396771165503167,2.3935115665749427
34.5,CS,-4.517980927835505,-1.346679001682599,200,200,1.3377742507528868e-7,0.9723519075816491
34.5,TT,-1.2044487498695138,0.38903691666442103,2.812081954006951,200,6.785547681944779,11.736409014454807
35,AC,-2.1835170274614537,0.0966201276982989,200,200,0.9183188747807642,3.0053991594497003
35,CH,0.2744864296677555,1.4072907212589245,0.002533937108558382,1.371746530909708,0.027396771165503167,2.3935115665749427
35,CS,-5.415795406521593,-1.5994297981583183,200,200,1.3377742507528868e-7,0.9723519075816491
35,TT,-1.4762751101521312,0.33961991444874107,3.4246437352466486,200,6.785547681944779,11.736409014454807
35.5,AC,-2.8345684478533846,-0.10540610877476957,200,200,0.9183188747807642,3.0053991594497003
35.5,CH,0.10192101748702541,1.3906179004774954,0.002594501994832276,124.59603303526886,0.027396771165503167,2.3935115665749427
35.5,CS,-6.440415546724162,-1.8747935528998956,200,200,1.3377742507528868e-7,0.9723519075816491
35.5,TT,-1.7723979871750346,0.2879223390760457,4.48187121174529,200,6.785547681944779,11.736409014454807
36,AC,-3.5878270081225807,-0.3352618207866809,200,200,0.9183188747807642,3.0053991594497003
36,CH,-0.08735552522513129,1.3724168281941407,0.0026626462437777817,200,0.027396771165503167,2.3935115665749427
36,CS,-7.6075207808425,-2.1742943954420104,200,200,1.3377742507528868e-7,0.9723519075816491
36,TT,-2.0943600621376373,0.23394419054633464,6.878545053614185,200,6.785547681944779,11.736409014454807
36.5,AC,-4.45661663895534,-0.5956329857342493,200,200,0.9183188747807642,3.0053991594497003
36.5,CH,-0.29436476037958154,1.3526875044088598,0.002739341018087996,200,0.027396771165503167,2.3935115665749427
36.5,CS,-8.934594255286873,-2.499544999419149,200,200,1.3377742507528868e-7,0.9723519075816491
36.5,TT,-2.4583740053664958,0.17768546885960795,23.856565910811206,200,6.785547681944779,11.736409014454807
37,AC,-5.455846153102246,-0.8894270922822753,200,200,0.9183188747807642,3.0053991594497003
37,CH,-0.5201794655628751,1.3314299291216531,0.0028257577904113864,200,0.027396771165503167,2.3935115665749427
37,CS,-10.441121029595596,-2.8522512768937873,200,200,1.3377742507528868e-7,0.9723519075816491
37,TT,-2.8614247107992195,0.11914617401586575,100.99377254778774,200,6.785547681944779,11.736409014454807
37.5,AC,-6.602187608045821,-1.2197898125064863,200,200,0.9183188747807642,3.0053991594497003
37.5,CH,-0.7659259287693989,1.3086441023325202,0.0029233166371202667,200,0.027396771165503167,2.3935115665749427
37.5,CS,-12.148807370152044,-3.234217306607427,200,200,1.3377742507528868e-7,0.9723519075816491
37.5,TT,-3.2998447865955143,0.05832630601510781,115.17536675961564,200,6.785547681944779,11.736409014454807
38,AC,-7.914274003051392,-1.5901228552470008,200,200,0.9183188747807642,3.0053991594497003
38,CH,-1.0327863387369998,1.2843300240414617,0.0030337470719894377,200,0.027396771165503167,2.3935115665749427
38,CS,-14.081823331143644,-3.6473505073008057,200,200,1.3377742507528868e-7,0.9723519075816491
38,TT,-3.776009031653974,-0.004774135142665385,200,200,6.785547681944779,11.736409014454807
38.5,AC,-9.412918350081588,-2.0041030808216567,200,200,0.9183188747807642,3.0053991594497003
38.5,CH,-1.3220012746710652,1.258487694248477,0.0031591625698018542,200,0.027396771165503167,2.3935115665749427
38.5,CS,-16.267071039178582,-4.093667067763048,200,200,1.3377742507528868e-7,0.9723519075816491
38.5,TT,-4.292430759215508,-0.07015514945745438,200,200,6.785547681944779,11.736409014454807
39,AC,-11.12135636875381,-2.4657029625128155,200,200,0.9183188747807642,3.0053991594497003
39,CH,-1.6348722992861808,1.2311171129535665,0.0033021455391870976,200,0.027396771165503167,2.3935115665749427
39,CS,-18.734481344255553,-4.57529764580594,200,200,1.3377742507528868e-7,0.9723519075816491
39,TT,-4.851769217968704,-0.1378167369292589,200,200,6.785547681944779,11.736409014454807
39.5,AC,-13.065515287631428,-2.9713386462347633,200,200,0.9183188747807642,3.0053991594497003
39.5,CH,-1.9727646592442802,1.20221828015673,0.00346582538667143,200,0.027396771165503167,2.3935115665749427
39.5,CS,-21.5173417708026,-5.094493348920127,200,200,1.3377742507528868e-7,0.9723519075816491
39.5,TT,-5.45683738914772,-0.20775889755807914,200,200,6.785547681944779,11.736409014454807
40,AC,-15.285857978221607,-3.499644356976462,200,200,0.9183188747807642,3.0053991594497003
40,CH,-2.3371100972231904,1.1717911958579679,0.0036538898076610687,200,0.027396771165503167,2.3935115665749427
40,CS,-24.65265900072067,-5.653632009955549,200,200,1.3377742507528868e-7,0.9723519075816491
40,TT,-6.113774482705765,-0.2799816313439151,200,200,6.785547681944779,11.736409014454807
40.5,AC,-17.840208047487614,-4.08190613436976,200,200,0.9183188747807642,3.0053991594497003
40.5,CH,-2.7294097800105273,1.1398358600572795,0.0038874142830305197,200,0.027396771165503167,2.3935115665749427
40.5,CS,-28.18155944848151,-6.25522477178031,200,200,1.3377742507528868e-7,0.9723519075816491
40.5,TT,-6.823498444817466,-0.3544849382867662,200,200,6.785547681944779,11.736409014454807
41,AC,-20.74069035109021,-4.722573266367096,200,200,0.9183188747807642,3.0053991594497003
41,CH,-3.1512373471846318,1.1063522727546653,0.004152108090610509,200,0.027396771165503167,2.3935115665749427
41,CS,-32.149731849303876,-6.901922995511307,200,200,1.3377742507528868e-7,0.9723519075816491
41,TT,-7.589022448836856,-0.43126881838663317,200,200,6.785547681944779,11.736409014454807
41.5,AC,-24.029826314960513,-5.426421348449235,200,200,0.9183188747807642,3.0053991594497003
41.5,CH,-3.6042420851172516,1.0713404339501251,0.004468097983742232,200,0.027396771165503167,2.3935115665749427
41.5,CS,-36.607916178516945,-7.596525507577672,200,200,1.3377742507528868e-7,0.9723519075816491
41.5,TT,-8.41392306668812,-0.5103332716435157,200,200,6.785547681944779,11.736409014454807
42,AC,-27.755068634560246,-6.198574491707344,200,200,0.9183188747807642,3.0053991594497003
42,CH,-4.09015223121215,1.034800343643659,0.0048502634061929,200,0.027396771165503167,2.3935115665749427
42,CS,-41.612443656990806,-8.34198620157557,200,200,1.3377742507528868e-7,0.9723519075816491
42,TT,-9.301980812175765,-0.5916782980574139,200,200,6.785547681944779,11.736409014454807
42.5,AC,-31.96935172157983,-7.04452896580406,200,200,0.9183188747807642,3.0053991594497003
42.5,CH,-4.610778413479591,0.996732001835267,0.005318225388419283,200,0.027396771165503167,2.3935115665749427
42.5,CS,-47.22583307789098,-9.141422011601499,200,200,1.3377742507528868e-7,0.9723519075816491
42.5,TT,-10.257190942211682,-0.6753038976283277,200,200,6.785547681944779,11.736409014454807
43,AC,-36.73170193451576,-7.970178366035101,200,200,0.9183188747807642,3.0053991594497003
43,CH,-5.168017230739795,0.957135408524949,0.005953800335968952,200,0.027396771165503167,2.3935115665749427
43,CS,-53.51744921830815,-9.9981212745123,200,200,1.3377742507528868e-7,0.9723519075816491
43,TT,-11.283774802199272,-0.7612100703562565,200,200,6.785547681944779,11.736409014454807
43.5,AC,-42.107913953367806,-8.98184039909983,200,200,0.9183188747807642,3.0053991594497003
43.5,CH,-5.763854978948025,0.9160105637127052,0.0067092589846970314,200,0.027396771165503167,2.3935115665749427
43.5,CS,-60.56422968024833,-10.915552499355007,200,200,1.3377742507528868e-7,0.9723519075816491
43.5,TT,-12.386191742029366,-0.8493968162412014,200,200,6.785547681944779,11.736409014454807
44,AC,-48.17130032444862,-10.086285387893554,200,200,0.9183188747807642,3.0053991594497003
44,CH,-6.400371529341596,0.8733574673985354,0.00780150993499395,200,0.027396771165503167,2.3935115665749427
44,CS,-68.45148714423937,-11.897373563039944,200,200,1.3377742507528868e-7,0.9723519075816491
44,TT,-13.569151630395726,-0.9398641352831618,200,200,6.785547681944779,11.736409014454807
44.5,AC,-55.00352193582927,-11.290766601675086,200,200,0.9183188747807642,3.0053991594497003
44.5,CH,-7.079744364323731,0.8291761195824395,0.009324509503740567,200,0.027396771165503167,2.3935115665749427
44.5,CS,-77.27379472111275,-12.947441352197675,200,200,1.3377742507528868e-7,0.9723519075816491
44.5,TT,-14.837627996448447,-1.0326120274821382,200,200,6.785547681944779,11.736409014454807
45,AC,-62.695507994279595,-12.603052524358977,200,200,0.9183188747807642,3.0053991594497003
45,CH,-7.804252777222062,0.7834665202644179,0.011610243349614956,200,0.027396771165503167,2.3935115665749427
45,CS,-87.13596285960693,-14.069821872066003,200,200,1.3377742507528868e-7,0.9723519075816491
45,TT,-16.196871829175244,-1.1276404928381298,200,200,6.785547681944779,11.736409014454807
45.5,AC,-71.34847496844927,-14.031461180454055,200,200,0.9183188747807642,3.0053991594497003
45.5,CH,-8.57628224229063,0.7368069148960809,0.01571683704245938,200,0.027396771165503167,2.3935115665749427
45.5,CS,-98.15411711618263,-15.26880084419923,200,200,1.3377742507528868e-7,0.9723519075816491
45.5,TT,-17.65242606633583,-1.224949531351137,200,200,6.785547681944779,11.736409014454807
46,AC,-81.07505494898659,-15.58489664534012,200,200,0.9183188747807642,3.0053991594497003
46,CH,-9.398328961563362,0.6909220891924185,0.024580122539055876,200,0.027396771165503167,2.3935115665749427
46,CS,-110.45688702636755,-16.548894815779445,200,200,1.3377742507528868e-7,0.9723519075816491
46,TT,-19.210140806276065,-1.3245391430211597,200,200,6.785547681944779,11.736409014454807
46.5,AC,-92.00054496370615,-17.272887874164773,200,200,0.9183188747807642,3.0053991594497003
46.5,CH,-10.273004595415598,0.6435751242311866,0.03941003106896785,200,0.027396771165503167,2.3935115665749427
46.5,CS,-124.18671734233494,-17.914862804341347,200,200,1.3377742507528868e-7,0.9723519075816491
46.5,TT,-20.87618927751969,-1.4264093278481984,200,200,6.785547681944779,11.736409014454807
47,AC,-104.26428998511406,-19.105629991678672,200,200,0.9183188747807642,3.0053991594497003
47,CH,-11.203041183947127,0.5947660200123852,0.04326653145623843,200,0.027396771165503167,2.3935115665749427
47,CS,-139.5013140283368,-19.371718502799066,200,200,1.3377742507528868e-7,0.9723519075816491
47,TT,-22.660096785977665,-1.5305600858322523,200,200,6.785547681944779,11.736409014454807
47.5,AC,-118.02121368996954,-21.09402819383307,200,200,0.9183188747807642,3.0053991594497003
47.5,CH,-12.191296266567056,0.5444947765360146,0.04816488814212168,200,0.027396771165503167,2.3935115665749427
47.5,CS,-156.57523864401927,-20.924743070788512,200,200,1.3377742507528868e-7,0.9723519075816491
47.5,TT,-24.617751058337873,-1.6369914169733217,200,200,6.785547681944779,11.736409014454807
48,AC,-133.44351248861915,-23.24974442096785,200,200,0.9183188747807642,3.0053991594497003
48,CH,-13.24075820743732,0.49276139380207445,0.05447832912260527,200,0.027396771165503167,2.3935115665749427
48,CS,-175.60166610646954,-22.579498539513004,200,200,1.3377742507528868e-7,0.9723519075816491
48,TT,-26.71225220922491,-1.7457033212714066,200,200,6.785547681944779,11.736409014454807
48.5,AC,-150.72252994938066,-25.585246971948408,200,200,0.9183188747807642,3.0053991594497003
48.5,CH,-14.35455173471793,0.439565871810565,0.06304293630531328,200,0.027396771165503167,2.3935115665749427
48.5,CS,-196.79432231707472,-24.341841858506548,200,200,1.3377742507528868e-7,0.9723519075816491
48.5,TT,-28.951977907206704,-1.8566957987265074,200,200,6.785547681944779,11.736409014454807
49,AC,-170.0708305154569,-28.113863238695885,200,200,0.9183188747807642,3.0053991594497003
49,CH,-15.535943701854222,0.38490821056148605,0.0751210804282985,200,0.027396771165503167,2.3935115665749427
49,CS,-220.38961978205745,-26.21793961400938,200,200,1.3377742507528868e-7,0.9723519075816491
49,TT,-31.345776118086228,-1.969968849338624,200,200,6.785547681944779,11.736409014454807
49.5,AC,-191.72449336541146,-30.849835751231407,200,200,0.9183188747807642,3.0053991594497003
49.5,CH,-16.788349079454203,0.32878841005483767,0.09356273626531375,200,0.027396771165503167,2.3935115665749427
49.5,CS,-246.64901116033963,-28.21428344998754,200,200,1.3377742507528868e-7,0.9723519075816491
49.5,TT,-33.90298996412251,-2.0855224731077557,200,200,6.785547681944779,11.736409014454807
50,AC,-215.94564942157152,-33.80838173465105,200,200,0.9183188747807642,3.0053991594497003
50,CH,-18.11533718662278,0.2712064702906199,0.12503035364769477,200,0.027396771165503167,2.3935115665749427
50,CS,-275.86158265497704,-30.337706224223712,200,200,1.3377742507528868e-7,0.9723519075816491
50,TT,-36.63348384080172,-2.2033566700339033,200,200,6.785547681944779,11.736409014454807
