umax_temp,ks_temp,Species,temp
0.03987843582333561,0.23459931845486753,AC,3
0.04225690025627993,0.24241929573669643,AC,3.1
0.04465789373071982,0.2502392730185254,AC,3.2
0.04708158832471271,0.25805925030035426,AC,3.3
0.04952815660486115,0.2658792275821832,AC,3.4
0.05199777160723257,0.2736992048640121,AC,3.5
0.05449060681765949,0.28151918214584104,AC,3.6
0.05700683615140695,0.28933915942766997,AC,3.7
0.05954663393219267,0.29715913670949884,AC,3.8
0.06211017487054682,0.30497911399132777,AC,3.9
0.06469763404149675,0.3127990912731567,AC,4
0.06730918686156118,0.32061906855498556,AC,4.1
0.06994500906504103,0.32843904583681455,AC,4.2
0.07260527667959005,0.3362590231186434,AC,4.3
0.07529016600105026,0.3440790004004724,AC,4.4
0.07799985356753758,0.3518989776823013,AC,4.5
0.0807345161327595,0.35971895496413014,AC,4.6
0.08349433063855133,0.3675389322459591,AC,4.7
0.0862794741866118,0.375358909527788,AC,4.8
0.08909012400942262,0.383178886809617,AC,4.9
0.0919264574403349,0.39099886409144585,AC,5
0.09478865188280394,0.3988188413732748,AC,5.1
0.0976768847787553,0.4066388186551037,AC,5.2
0.10059133357606348,0.4144587959369327,AC,5.300000000000001
0.10353217569512568,0.42227877321876156,AC,5.4
0.1064995884945103,0.43009875050059043,AC,5.5
0.10949374923566152,0.43791872778241936,AC,5.6
0.11251483504664184,0.4457387050642483,AC,5.7
0.11556302288489045,0.45355868234607727,AC,5.800000000000001
0.11863848949897815,0.46137865962790614,AC,5.9
0.12174141138933814,0.46919863690973507,AC,6
0.12487196476795193,0.47701861419156394,AC,6.1
0.12803032551696847,0.48483859147339287,AC,6.2
0.13121666914623387,0.49265856875522185,AC,6.300000000000001
0.13443117074971223,0.5004785460370508,AC,6.4
0.13767400496077187,0.5082985233188796,AC,6.5
0.14094534590631458,0.5161185006007085,AC,6.6
0.1442453671597259,0.5239384778825374,AC,6.7
0.14757424169262234,0.5317584551643665,AC,6.800000000000001
0.1509321418253684,0.5395784324461953,AC,6.9
0.1543192391763416,0.5473984097280242,AC,7
0.15773570460992026,0.5552183870098532,AC,7.1000000000000005
0.1611817081831659,0.5630383642916821,AC,7.2
0.16465741909117626,0.5708583415735109,AC,7.3
0.16816300561108144,0.5786783188553399,AC,7.4
0.17169863504465588,0.5864982961371688,AC,7.5
0.17526447365952047,0.5943182734189978,AC,7.6000000000000005
0.17886068662890187,0.6021382507008266,AC,7.7
0.18248743796992695,0.6099582279826556,AC,7.800000000000001
0.18614489048041782,0.6177782052644845,AC,7.9
0.18983320567415984,0.6255981825463134,AC,8
0.19355254371461372,0.6334181598281424,AC,8.100000000000001
0.19730306334703718,0.6412381371099711,AC,8.2
0.20108492182899085,0.6490581143918002,AC,8.3
0.20489827485918755,0.6568780916736291,AC,8.4
0.20874327650466407,0.664698068955458,AC,8.5
0.21262007912623082,0.672518046237287,AC,8.600000000000001
0.2165288333021741,0.6803380235191158,AC,8.7
0.22046968775017295,0.6881580008009448,AC,8.8
0.2244427892473967,0.6959779780827736,AC,8.9
0.22844828254874572,0.7037979553646025,AC,9
0.2324863103032051,0.7116179326464316,AC,9.100000000000001
0.23655701296826537,0.7194379099282603,AC,9.2
0.2406605287223822,0.7272578872100893,AC,9.3
0.24479699337543037,0.7350778644919183,AC,9.4
0.24896654027711662,0.7428978417737472,AC,9.5
0.25316930022330963,0.7507178190555762,AC,9.600000000000001
0.25740540136025003,0.7585377963374049,AC,9.7
0.2616749690865967,0.766357773619234,AC,9.8
0.26597812595326764,0.7741777509010629,AC,9.9
0.27031499156103833,0.7819977281828917,AC,10
0.2746856824558448,0.7898177054647207,AC,10.100000000000001
0.2790903120217558,0.7976376827465496,AC,10.2
0.28352899037157075,0.8054576600283785,AC,10.3
0.2880018242349851,0.8132776373102074,AC,10.4
0.29250891684429403,0.8210976145920363,AC,10.5
0.2970503678175753,0.8289175918738654,AC,10.600000000000001
0.3016262730393071,0.8367375691556941,AC,10.7
0.3062367245383746,0.8445575464375231,AC,10.8
0.3108818103634112,0.852377523719352,AC,10.9
0.31556161445542674,0.8601975010011809,AC,11
0.32027621651767113,0.8680174782830098,AC,11.1
0.32502569188268104,0.8758374555648388,AC,11.200000000000001
0.32981011137645355,0.8836574328466678,AC,11.3
0.3346295411797,0.8914774101284966,AC,11.4
0.33948404268611476,0.8992973874103255,AC,11.5
0.3443736723576123,0.9071173646921544,AC,11.6
0.34929848157647037,0.9149373419739835,AC,11.700000000000001
0.35425851649432016,0.9227573192558123,AC,11.8
0.3592538178779321,0.9305772965376412,AC,11.9
0.3642844209517253,0.9383972738194701,AC,12
0.3693503552369499,0.946217251101299,AC,12.1
0.3744516443874759,0.954037228383128,AC,12.200000000000001
0.379588306022125,0.9618572056649569,AC,12.3
0.3847603515534799,0.9696771829467857,AC,12.4
0.38996778601311055,0.9774971602286147,AC,12.5
0.395210607873145,0.9853171375104437,AC,12.600000000000001
0.4004888088641183,0.9931371147922726,AC,12.700000000000001
0.4058023737890344,1.0009570920741016,AC,12.8
0.41115128033356774,1.0087770693559304,AC,12.9
0.4165354988723291,1.0165970466377592,AC,13
0.42195499227113253,1.0244170239195882,AC,13.100000000000001
0.4274097156851797,1.0322370012014173,AC,13.200000000000001
0.4328996163530947,1.040056978483246,AC,13.3
0.43842463338672677,1.047876955765075,AC,13.4
0.44398469755664416,1.055696933046904,AC,13.5
0.44957973107324345,1.063516910328733,AC,13.600000000000001
0.45520964736339153,1.0713368876105618,AC,13.700000000000001
0.4608743508425137,1.0791568648923906,AC,13.8
0.46657373668205415,1.0869768421742196,AC,13.9
0.4723076905722161,1.0947968194560485,AC,14
0.47807608847989846,1.1026167967378775,AC,14.100000000000001
0.4838787964017377,1.1104367740197063,AC,14.200000000000001
0.48971567011217654,1.1182567513015351,AC,14.3
0.49558655490644954,1.1260767285833642,AC,14.4
0.5014912853384135,1.133896705865193,AC,14.5
0.5074296849531146,1.141716683147022,AC,14.600000000000001
0.5134015660140046,1.1495366604288508,AC,14.700000000000001
0.5194067292246995,1.1573566377106799,AC,14.8
0.5254449634451983,1.1651766149925087,AC,14.9
0.5315160454024406,1.1729965922743375,AC,15
0.5376197393951163,1.1808165695561665,AC,15.100000000000001
0.5437557969926174,1.1886365468379956,AC,15.200000000000001
0.5499239567280236,1.1964565241198244,AC,15.3
0.5561239437850221,1.2042765014016532,AC,15.4
0.5623554696786404,1.2120964786834822,AC,15.5
0.5686182319296911,1.2199164559653113,AC,15.600000000000001
0.5749119137328125,1.22773643324714,AC,15.700000000000001
0.5812361836179805,1.235556410528969,AC,15.8
0.587590695105394,1.243376387810798,AC,15.9
0.5939750863535918,1.2511963650926268,AC,16
0.6003889798006978,1.2590163423744558,AC,16.1
0.6068319817986629,1.2668363196562848,AC,16.200000000000003
0.6133036822403739,1.2746562969381137,AC,16.3
0.6198036541795153,1.2824762742199423,AC,16.4
0.6263314534430426,1.2902962515017713,AC,16.5
0.6328866182361317,1.2981162287836003,AC,16.6
0.6394686687394893,1.3059362060654294,AC,16.700000000000003
0.646077106698866,1.3137561833472582,AC,16.8
0.6527114150066438,1.321576160629087,AC,16.9
0.6593710572753593,1.329396137910916,AC,17
0.6660554774030121,1.337216115192745,AC,17.1
0.6727640991300099,1.345036092474574,AC,17.200000000000003
0.6794963255876214,1.3528560697564027,AC,17.3
0.6862515388377568,1.3606760470382315,AC,17.4
0.6930290994039414,1.3684960243200606,AC,17.5
0.6998283457933276,1.3763160016018896,AC,17.6
0.7066485940095744,1.3841359788837186,AC,17.700000000000003
0.7134891370564311,1.3919559561655472,AC,17.8
0.7203492444318909,1.399775933447376,AC,17.9
0.7272281616127008,1.407595910729205,AC,18
0.7341251095290957,1.4154158880110341,AC,18.1
0.741039284029561,1.4232358652928632,AC,18.200000000000003
0.7479698553354681,1.431055842574692,AC,18.3
0.7549159674853878,1.4388758198565206,AC,18.4
0.7618767377688909,1.4466957971383496,AC,18.5
0.7688512561496927,1.4545157744201787,AC,18.6
0.7758385846779046,1.4623357517020077,AC,18.700000000000003
0.782837756891225,1.4701557289838365,AC,18.8
0.7898477772048871,1.4779757062656653,AC,18.9
0.796867620290135,1.4857956835474944,AC,19
0.8038962304410542,1.4936156608293234,AC,19.1
0.8109325209295362,1.501435638111152,AC,19.2
0.8179753733481903,1.509255615392981,AC,19.3
0.8250236369409487,1.51707559267481,AC,19.400000000000002
0.8320761279212072,1.5248955699566389,AC,19.5
0.839131628777237,1.532715547238468,AC,19.6
0.8461888875646615,1.5405355245202967,AC,19.7
0.8532466171857878,1.5483555018021258,AC,19.8
0.8603034946555299,1.5561754790839548,AC,19.900000000000002
0.867358160353719,1.5639954563657834,AC,20
0.8744092172635587,1.5718154336476124,AC,20.1
0.8814552301959688,1.5796354109294413,AC,20.2
0.8884947249995747,1.5874553882112703,AC,20.3
0.8955261877561305,1.5952753654930993,AC,20.400000000000002
0.9025480639610586,1.6030953427749282,AC,20.5
0.9095587576888913,1.610915320056757,AC,20.6
0.9165566307433619,1.6187352973385858,AC,20.7
0.9235400017918303,1.6265552746204148,AC,20.8
0.9305071454838112,1.6343752519022439,AC,20.900000000000002
0.9374562915533242,1.6421952291840727,AC,21
0.9443856239047848,1.6500152064659017,AC,21.1
0.9512932796821216,1.6578351837477303,AC,21.2
0.9581773483208829,1.6656551610295594,AC,21.3
0.9650358705829989,1.6734751383113884,AC,21.400000000000002
0.9718668375739075,1.6812951155932172,AC,21.5
0.9786681897417573,1.6891150928750462,AC,21.6
0.9854378158583468,1.696935070156875,AC,21.7
0.9921735519815189,1.704755047438704,AC,21.8
0.9988731803986681,1.7125750247205331,AC,21.900000000000002
1.005534428551047,1.7203950020023617,AC,22
1.0121549679385229,1.7282149792841908,AC,22.1
1.0187324130044861,1.7360349565660198,AC,22.200000000000003
1.0252643200005305,1.7438549338478486,AC,22.3
1.0317481858305646,1.7516749111296777,AC,22.400000000000002
1.0381814468740265,1.7594948884115065,AC,22.5
1.0445614777878265,1.7673148656933355,AC,22.6
1.0508855902866365,1.7751348429751646,AC,22.700000000000003
1.0571510319011717,1.7829548202569931,AC,22.8
1.0633549847141133,1.7907747975388222,AC,22.900000000000002
1.0694945640732394,1.798594774820651,AC,23
1.075566817281385,1.80641475210248,AC,23.1
1.0815687222628858,1.814234729384309,AC,23.200000000000003
1.0874971862060363,1.822054706666138,AC,23.3
1.0933490441811857,1.829874683947967,AC,23.400000000000002
1.0991210577340542,1.8376946612297955,AC,23.5
1.1048099134538552,1.8455146385116246,AC,23.6
1.1104122215157535,1.8533346157934536,AC,23.700000000000003
1.1159245141972773,1.8611545930752824,AC,23.8
1.121343244368214,1.8689745703571115,AC,23.900000000000002
1.1266647839535056,1.8767945476389403,AC,24
1.131885422368752,1.884614524920769,AC,24.1
1.1370013649278121,1.8924345022025981,AC,24.200000000000003
1.1420087312220106,1.900254479484427,AC,24.3
1.1469035534705379,1.908074456766256,AC,24.400000000000002
1.151681774841463,1.9158944340480848,AC,24.5
1.1563392477429382,1.9237144113299138,AC,24.6
1.160871732084054,1.9315343886117429,AC,24.700000000000003
1.165274893504825,1.9393543658935715,AC,24.8
1.1695443015747768,1.9471743431754005,AC,24.900000000000002
1.173675427959668,1.9549943204572293,AC,25
1.1776636445557047,1.9628142977390584,AC,25.1
1.1815042215907585,1.9706342750208874,AC,25.200000000000003
1.1851923256920518,1.9784542523027162,AC,25.3
1.1887230179196822,1.9862742295845452,AC,25.400000000000002
1.1920912517654303,1.9940942068663738,AC,25.5
1.1952918711163045,2.001914184148203,AC,25.6
1.19831960818217,2.009734161430032,AC,25.700000000000003
1.201169081386876,2.0175541387118607,AC,25.8
1.2038347932222955,2.0253741159936895,AC,25.900000000000002
1.2063111280645993,2.0331940932755184,AC,26
1.2085923499521707,2.0410140705573476,AC,26.1
1.210672600324477,2.0488340478391764,AC,26.200000000000003
1.2125458957212834,2.0566540251210053,AC,26.3
1.2142061254415282,2.0644740024028345,AC,26.400000000000002
1.2156470491611158,2.072293979684663,AC,26.5
1.2168622945090641,2.080113956966492,AC,26.6
1.217845354601189,2.087933934248321,AC,26.700000000000003
1.2185895855306477,2.09575391153015,AC,26.8
1.2190882038146889,2.103573888811979,AC,26.900000000000002
1.21933428379673,2.111393866093808,AC,27
1.219320755003146,2.1192138433756367,AC,27.1
1.2190403994539363,2.127033820657466,AC,27.200000000000003
1.2184858489265524,2.1348537979392943,AC,27.3
1.2176495821719886,2.1426737752211236,AC,27.400000000000002
1.216523922082489,2.1504937525029524,AC,27.5
1.2151010328099687,2.158313729784781,AC,27.6
1.2133729168342793,2.1661337070666105,AC,27.700000000000003
1.2113314119806535,2.1739536843484393,AC,27.8
1.2089681883852368,2.181773661630268,AC,27.900000000000002
1.2062747454080593,2.189593638912097,AC,28
1.2032424084924678,2.1974136161939257,AC,28.1
1.199862325970063,2.205233593475755,AC,28.200000000000003
1.196125465810356,2.213053570757584,AC,28.3
1.1920226123142044,2.2208735480394126,AC,28.400000000000002
1.1875443627499749,2.2286935253212414,AC,28.5
1.1826811239315358,2.2365135026030702,AC,28.6
1.1774231087372957,2.2443334798848995,AC,28.700000000000003
1.171760332568896,2.2521534571667283,AC,28.8
1.1656826097489894,2.259973434448557,AC,28.900000000000002
1.1591795498567947,2.267793411730386,AC,29
1.152240554000528,2.275613389012215,AC,29.1
1.1448548110256187,2.283433366294044,AC,29.200000000000003
1.137011293657606,2.291253343575873,AC,29.3
1.1286987545787692,2.2990733208577017,AC,29.400000000000002
1.1199057224371511,2.3068932981395305,AC,29.5
1.1106204977871457,2.3147132754213597,AC,29.6
1.1008311489602214,2.3225332527031886,AC,29.700000000000003
1.0905255078648732,2.3303532299850174,AC,29.8
1.079691165714424,2.3381732072668466,AC,29.900000000000002
1.0683154686816163,2.345993184548675,AC,30
1.056385513478725,2.3538131618305043,AC,30.1
1.0438881428619489,2.361633139112333,AC,30.200000000000003
1.0308099410589016,2.369453116394162,AC,30.3
1.0171372291177274,2.377273093675991,AC,30.400000000000002
1.0028560601768675,2.38509307095782,AC,30.5
0.9879522146538378,2.392913048239649,AC,30.6
0.9724111953518815,2.400733025521478,AC,30.700000000000003
0.9562182224830398,2.4085530028033064,AC,30.8
0.9393582286063697,2.4163729800851357,AC,30.900000000000002
0.9218158534797869,2.4241929573669645,AC,31
0.9035754388240296,2.4320129346487933,AC,31.1
0.8846210229977132,2.4398329119306226,AC,31.200000000000003
0.8649363355813726,2.4476528892124514,AC,31.3
0.8445047918695625,2.45547286649428,AC,31.400000000000002
0.8233094872691336,2.463292843776109,AC,31.5
0.8013331916023549,2.471112821057938,AC,31.6
0.7785583433131382,2.478932798339767,AC,31.700000000000003
0.7549670435748883,2.486752775621596,AC,31.8
0.7305410502983722,2.4945727529034247,AC,31.900000000000002
0.7052617720377796,2.5023927301852535,AC,32
0.6791102617936033,2.5102127074670824,AC,32.1
0.652067210710289,2.5180326847489116,AC,32.2
0.6241129416672706,2.52585266203074,AC,32.3
0.5952274027613029,2.5336726393125697,AC,32.400000000000006
0.5653901606785574,2.541492616594398,AC,32.5
0.5345803939546165,2.5493125938762273,AC,32.6
0.5027768861203654,2.557132571158056,AC,32.7
0.469958018732175,2.5649525484398845,AC,32.8
0.436101764284178,2.572772525721714,AC,32.900000000000006
0.4011856790009496,2.5805925030035426,AC,33
0.36518689550852557,2.588412480285372,AC,33.1
0.32808211538172216,2.5962324575672007,AC,33.2
0.2898476015658211,2.604052434849029,AC,33.3
0.25045917067052414,2.6118724121308587,AC,33.400000000000006
0.2098921851339668,2.619692389412687,AC,33.5
0.16812154525489476,2.6275123666945164,AC,33.6
0.125121681090679,2.635332343976345,AC,33.7
0.08086654421895645,2.643152321258174,AC,33.8
0.035329599360746755,2.6509722985400033,AC,33.900000000000006
-0.011516184137139618,2.658792275821832,AC,34
-0.059698340963088015,2.666612253103661,AC,34.1
-0.10924491864681585,2.67443223038549,AC,34.2
-0.1601844865136428,2.6822522076673185,AC,34.3
-0.2125461447888064,2.690072184949148,AC,34.400000000000006
-0.2663595338545619,2.6978921622309766,AC,34.5
-0.3216548436625857,2.7057121395128054,AC,34.6
-0.3784628233040479,2.7135321167946347,AC,34.7
-0.4368147907398985,2.721352094076463,AC,34.8
-0.49674264269446766,2.7291720713582928,AC,34.900000000000006
-0.5582788647140937,2.736992048640121,AC,35
-0.6214565413946573,2.74481202592195,AC,35.1
-0.6863093667797315,2.752632003203779,AC,35.2
-0.7528716549327079,2.760451980485608,AC,35.300000000000004
-0.8211783506856953,2.768271957767437,AC,35.4
-0.8912650405678804,2.7760919350492657,AC,35.5
-0.9631679639161916,2.7839119123310945,AC,35.6
-1.036924024171757,2.7917318896129237,AC,35.7
-1.1125708003646082,2.7995518668947525,AC,35.800000000000004
-1.1901465587898343,2.8073718441765814,AC,35.9
-1.2696902648786832,2.81519182145841,AC,36
-1.351241595267183,2.8230117987402394,AC,36.1
-1.434840950065965,2.8308317760220683,AC,36.2
-1.520529465334338,2.8386517533038975,AC,36.300000000000004
-1.6083490257619069,2.846471730585726,AC,36.4
-1.6983422775614159,2.8542917078675547,AC,36.5
-1.7905526415757897,2.862111685149384,AC,36.6
-1.8850243266030624,2.869931662431213,AC,36.7
-1.981802342943105,2.877751639713042,AC,36.800000000000004
-2.080932516168904,2.8855716169948704,AC,36.9
-2.1824615011268094,2.8933915942766992,AC,37
-2.2864367961692587,2.9012115715585285,AC,37.1
-2.392906757623493,2.9090315488403573,AC,37.2
-2.5019206145001824,2.9168515261221866,AC,37.300000000000004
-2.6135284834464443,2.924671503404015,AC,37.4
-2.7277813839460734,2.932491480685844,AC,37.5
-2.844731253771954,2.940311457967673,AC,37.6
-2.96443096469455,2.9481314352495023,AC,37.7
-3.0869343384500993,2.955951412531331,AC,37.800000000000004
-3.2122961629734306,2.9637713898131595,AC,37.9
-3.340572208899374,2.9715913670949887,AC,38
0.1064222280772521,0.13748924603253387,CH,3
0.1100201641998454,0.14207222090028498,CH,3.1
0.11364787150337563,0.14665519576803612,CH,3.2
0.11730553065550009,0.15123817063578723,CH,3.3
0.12099332211793257,0.15582114550353837,CH,3.4
0.12471142611146546,0.1604041203712895,CH,3.5
0.12846002258012001,0.16498709523904065,CH,3.6
0.13223929115440608,0.16957007010679176,CH,3.7
0.1360494111136763,0.17415304497454287,CH,3.8
0.13989056134755762,0.178736019842294,CH,3.9
0.1437629203164411,0.18331899471004515,CH,4
0.14766666601101142,0.18790196957779626,CH,4.1
0.15160197591080027,0.19248494444554742,CH,4.2
0.15556902694174207,0.19706791931329853,CH,4.3
0.15956799543271583,0.20165089418104967,CH,4.4
0.16359905707104982,0.20623386904880078,CH,4.5
0.167662386856975,0.2108168439165519,CH,4.6
0.17175815905700187,0.21539981878430306,CH,4.7
0.17588654715620267,0.21998279365205417,CH,4.8
0.18004772380938028,0.2245657685198053,CH,4.9
0.1842418607910974,0.22914874338755642,CH,5
0.1884691289445506,0.23373171825530756,CH,5.1
0.19272969812926333,0.2383146931230587,CH,5.2
0.19702373716757737,0.24289766799080986,CH,5.300000000000001
0.20135141378992005,0.24748064285856097,CH,5.4
0.20571289457882325,0.2520636177263121,CH,5.5
0.21010834491167374,0.2566465925940632,CH,5.6
0.21453792890216716,0.26122956746181436,CH,5.7
0.21900180934044378,0.26581254232956547,CH,5.800000000000001
0.22350014763188253,0.2703955171973166,CH,5.9
0.22803310373452612,0.27497849206506775,CH,6
0.23260083609511228,0.27956146693281886,CH,6.1
0.23720350158368642,0.28414444180056997,CH,6.2
0.24184125542676937,0.28872741666832114,CH,6.300000000000001
0.246514251139052,0.29331039153607225,CH,6.4
0.25122264045359033,0.29789336640382336,CH,6.5
0.25596657325047534,0.30247634127157447,CH,6.6
0.260746197483945,0.30705931613932563,CH,6.7
0.26556165910791607,0.3116422910070768,CH,6.800000000000001
0.2704131019999,0.3162252658748279,CH,6.9
0.275300667883279,0.320808240742579,CH,7
0.28022449624790813,0.3253912156103302,CH,7.1000000000000005
0.28518472426901575,0.3299741904780813,CH,7.2
0.29018148672437005,0.3345571653458324,CH,7.3
0.29521491590967897,0.3391401402135835,CH,7.4
0.30028514155219344,0.34372311508133463,CH,7.5
0.3053922907224802,0.3483060899490858,CH,7.6000000000000005
0.3105364877443316,0.3528890648168369,CH,7.7
0.3157178541027761,0.35747203968458807,CH,7.800000000000001
0.32093650835015974,0.3620550145523392,CH,7.9
0.3261925660102595,0.3666379894200903,CH,8
0.3314861394803946,0.37122096428784146,CH,8.100000000000001
0.33681733793149915,0.3758039391555925,CH,8.2
0.3421862672061229,0.38038691402334374,CH,8.3
0.3475930297143136,0.38496988889109485,CH,8.4
0.3530377243273557,0.38955286375884596,CH,8.5
0.3585204462693159,0.3941358386265971,CH,8.600000000000001
0.3640412870063623,0.3987188134943482,CH,8.7
0.369600334133815,0.40330178836209934,CH,8.8
0.37519767126088743,0.40788476322985046,CH,8.9
0.3808333778930799,0.41246773809760157,CH,9
0.3865075293121788,0.4170507129653528,CH,9.100000000000001
0.3922201964538228,0.4216336878331038,CH,9.2
0.39797144578259136,0.426216662700855,CH,9.3
0.4037613391645698,0.4307996375686061,CH,9.4
0.40958993373735,0.43538261243635723,CH,9.5
0.41545728177741625,0.4399655873041084,CH,9.600000000000001
0.42136343056487446,0.44454856217185945,CH,9.7
0.4273084222454757,0.4491315370396106,CH,9.8
0.4332922936898832,0.45371451190736173,CH,9.9
0.43931507635014055,0.45829748677511284,CH,10
0.4453767961132872,0.46288046164286406,CH,10.100000000000001
0.45147747315207054,0.4674634365106151,CH,10.2
0.4576171217727074,0.4720464113783663,CH,10.3
0.4637957502596354,0.4766293862461174,CH,10.4
0.4700133607172142,0.4812123611138685,CH,10.5
0.4762699489083069,0.4857953359816197,CH,10.600000000000001
0.48256550408969934,0.4903783108493707,CH,10.7
0.48890000884429763,0.49496128571712195,CH,10.8
0.49527343891004527,0.49954426058487306,CH,10.9
0.5016857630055062,0.5041272354526242,CH,11
0.5081369426520536,0.5087102103203752,CH,11.1
0.5146269319926058,0.5132931851881265,CH,11.200000000000001
0.5211556776068453,0.5178761600558776,CH,11.3
0.5277231183228683,0.5224591349236287,CH,11.4
0.5343291850251936,0.5270421097913798,CH,11.5
0.5409738004590716,0.5316250846591309,CH,11.6
0.5476568790310294,0.5362080595268821,CH,11.700000000000001
0.5543783266055858,0.5407910343946332,CH,11.8
0.5611380402980681,0.5453740092623843,CH,11.9
0.5679359082634673,0.5499569841301355,CH,12
0.574771809481258,0.5545399589978866,CH,12.1
0.5816456135361182,0.5591229338656377,CH,12.200000000000001
0.5885571803944736,0.5637059087333889,CH,12.3
0.5955063601767965,0.5682888836011399,CH,12.4
0.6024929929255877,0.5728718584688911,CH,12.5
0.609516908368962,0.5774548333366423,CH,12.600000000000001
0.6165779256797663,0.5820378082043934,CH,12.700000000000001
0.6236758532301523,0.5866207830721445,CH,12.8
0.6308104883415224,0.5912037579398957,CH,12.9
0.637981617029775,0.5957867328076467,CH,13
0.6451890137457634,0.6003697076753979,CH,13.100000000000001
0.6524324411108855,0.604952682543149,CH,13.200000000000001
0.6597116496477304,0.6095356574109001,CH,13.3
0.6670263775056822,0.6141186322786513,CH,13.4
0.6743763501814066,0.6187016071464023,CH,13.5
0.6817612802341309,0.6232845820141536,CH,13.600000000000001
0.6891808669956183,0.6278675568819047,CH,13.700000000000001
0.696634796274765,0.6324505317496558,CH,13.8
0.7041227400567067,0.6370335066174069,CH,13.9
0.711644356196357,0.641616481485158,CH,14
0.7191992881062772,0.6461994563529092,CH,14.100000000000001
0.7267871644387771,0.6507824312206604,CH,14.200000000000001
0.7344075987621566,0.6553654060884114,CH,14.3
0.7420601892309822,0.6599483809561626,CH,14.4
0.7497445182503004,0.6645313558239136,CH,14.5
0.7574601521336808,0.6691143306916648,CH,14.600000000000001
0.76520664075499,0.673697305559416,CH,14.700000000000001
0.7729835171937887,0.678280280427167,CH,14.8
0.7807902973742382,0.6828632552949182,CH,14.9
0.7886264796974141,0.6874462301626693,CH,15
0.7964915446669121,0.6920292050304205,CH,15.100000000000001
0.8043849545076296,0.6966121798981716,CH,15.200000000000001
0.8123061527776154,0.7011951547659228,CH,15.3
0.8202545639728638,0.7057781296336738,CH,15.4
0.8282295931249362,0.710361104501425,CH,15.5
0.8362306253912899,0.7149440793691761,CH,15.600000000000001
0.8442570256381883,0.7195270542369272,CH,15.700000000000001
0.8523081380160802,0.7241100291046784,CH,15.8
0.8603832855272935,0.7286930039724294,CH,15.9
0.8684817695859488,0.7332759788401806,CH,16
0.8766028695699366,0.7378589537079318,CH,16.1
0.8847458423648358,0.7424419285756829,CH,16.200000000000003
0.892909921899637,0.747024903443434,CH,16.3
0.9010943186741294,0.751607878311185,CH,16.4
0.9092982192778214,0.7561908531789362,CH,16.5
0.9175207859002321,0.7607738280466875,CH,16.6
0.9257611558324434,0.7653568029144386,CH,16.700000000000003
0.9340184409597256,0.7699397777821897,CH,16.8
0.9422917272451268,0.7745227526499406,CH,16.9
0.9505800742038435,0.7791057275176919,CH,17
0.9588825143682356,0.7836887023854431,CH,17.1
0.9671980527433313,0.7882716772531942,CH,17.200000000000003
0.9755256662526453,0.7928546521209453,CH,17.3
0.9838643031741756,0.7974376269886964,CH,17.4
0.9922128825663905,0.8020206018564475,CH,17.5
1.0005702936840537,0.8066035767241987,CH,17.6
1.0089353953837157,0.8111865515919499,CH,17.700000000000003
1.0173070155186967,0.8157695264597009,CH,17.8
1.025683950323387,0.820352501327452,CH,17.9
1.0340649637866943,0.8249354761952031,CH,18
1.0424487870144437,0.8295184510629543,CH,18.1
1.0508341175805618,0.8341014259307056,CH,18.200000000000003
1.059219618866858,0.8386844007984566,CH,18.3
1.067603919391189,0.8432673756662076,CH,18.4
1.0759856121238656,0.8478503505339589,CH,18.5
1.0843632537920387,0.85243332540171,CH,18.6
1.092735364171939,0.8570163002694612,CH,18.700000000000003
1.1011004253687093,0.8615992751372122,CH,18.8
1.1094568810836516,0.8661822500049633,CH,18.9
1.117803135868693,0.8707652248727145,CH,19
1.1261375543678223,0.8753481997404656,CH,19.1
1.1344584605453294,0.8799311746082167,CH,19.2
1.1427641369005794,0.8845141494759678,CH,19.3
1.1510528236691484,0.889097124343719,CH,19.400000000000002
1.159322718010059,0.8936800992114701,CH,19.5
1.1675719731789065,0.8982630740792212,CH,19.6
1.175798697686639,0.9028460489469723,CH,19.7
1.1840009544437495,0.9074290238147235,CH,19.8
1.1921767598896564,0.9120119986824747,CH,19.900000000000002
1.2003240831070037,0.9165949735502257,CH,20
1.2084408449206627,0.921177948417977,CH,20.1
1.2165249169811623,0.925760923285728,CH,20.2
1.224574120832291,0.9303438981534792,CH,20.3
1.232586226962645,0.9349268730212303,CH,20.400000000000002
1.2405589538408006,0.9395098478889814,CH,20.5
1.248489966933915,0.9440928227567326,CH,20.6
1.2563768777093993,0.9486757976244836,CH,20.7
1.2642172426194822,0.9532587724922348,CH,20.8
1.272008562068304,0.957841747359986,CH,20.900000000000002
1.2797482793612844,0.962424722227737,CH,21
1.2874337796365052,0.9670076970954882,CH,21.1
1.2950623887777541,0.9715906719632392,CH,21.2
1.3026313723089906,0.9761736468309904,CH,21.3
1.31013793426987,0.9807566216987417,CH,21.400000000000002
1.317579216072089,0.9853395965664926,CH,21.5
1.3249522953361677,0.9899225714342439,CH,21.6
1.3322541847083915,0.9945055463019948,CH,21.7
1.3394818306575984,0.9990885211697461,CH,21.8
1.3466321122514278,1.0036714960374973,CH,21.900000000000002
1.3537018399117784,1.0082544709052483,CH,22
1.3606877541490667,1.0128374457729994,CH,22.1
1.3675865242749667,1.0174204206407507,CH,22.200000000000003
1.3743947470933011,1.0220033955085017,CH,22.3
1.3811089455686876,1.026586370376253,CH,22.400000000000002
1.387725567472632,1.031169345244004,CH,22.5
1.3942409840066383,1.035752320111755,CH,22.6
1.400651488402024,1.0403352949795064,CH,22.700000000000003
1.4069532944960277,1.0449182698472574,CH,22.8
1.413142535283829,1.0495012447150085,CH,22.900000000000002
1.4192152614461002,1.0540842195827596,CH,23
1.425167439851684,1.0586671944505108,CH,23.1
1.4309949520350123,1.0632501693182619,CH,23.200000000000003
1.436693592647822,1.067833144186013,CH,23.3
1.4422590678847964,1.0724161190537642,CH,23.400000000000002
1.4476869938826762,1.0769990939215153,CH,23.5
1.4529728950924161,1.0815820687892663,CH,23.6
1.458112202624,1.0861650436570176,CH,23.700000000000003
1.4631002525633647,1.0907480185247687,CH,23.8
1.4679322842611278,1.09533099339252,CH,23.900000000000002
1.4726034385925146,1.099913968260271,CH,24
1.477108756188156,1.104496943128022,CH,24.1
1.4814431756351851,1.1090799179957733,CH,24.200000000000003
1.4856015316481912,1.1136628928635244,CH,24.3
1.4895785532095793,1.1182458677312754,CH,24.400000000000002
1.4933688616787872,1.1228288425990265,CH,24.5
1.4969669688698852,1.1274118174667778,CH,24.6
1.5003672750970427,1.1319947923345288,CH,24.700000000000003
1.5035640671873765,1.1365777672022799,CH,24.8
1.5065515164605987,1.1411607420700312,CH,24.900000000000002
1.509323676674975,1.1457437169377822,CH,25
1.5118744819390368,1.1503266918055333,CH,25.1
1.5141977445885022,1.1549096666732845,CH,25.200000000000003
1.516287153027851,1.1594926415410356,CH,25.3
1.5181362695359564,1.1640756164087869,CH,25.400000000000002
1.5197385280352496,1.1686585912765377,CH,25.5
1.5210872318237945,1.173241566144289,CH,25.6
1.5221755512696626,1.1778245410120403,CH,25.700000000000003
1.5229965214670838,1.1824075158797913,CH,25.8
1.5235430398536405,1.1869904907475424,CH,25.900000000000002
1.5238078637880026,1.1915734656152934,CH,26
1.523783608087487,1.1961564404830447,CH,26.1
1.5234627425248206,1.2007394153507958,CH,26.200000000000003
1.5228375892834976,1.2053223902185468,CH,26.3
1.5219003203709924,1.209905365086298,CH,26.400000000000002
1.520642954989225,1.2144883399540491,CH,26.5
1.5190573568615537,1.2190713148218002,CH,26.6
1.5171352315156117,1.2236542896895515,CH,26.700000000000003
1.5148681235212926,1.2282372645573025,CH,26.8
1.5122474136831494,1.2328202394250538,CH,26.900000000000002
1.5092643161865134,1.2374032142928046,CH,27
1.5059098756965374,1.241986189160556,CH,27.1
1.502174964409484,1.2465691640283072,CH,27.200000000000003
1.498050279055433,1.2511521388960583,CH,27.3
1.4935263378516943,1.2557351137638093,CH,27.400000000000002
1.4885934774060692,1.2603180886315604,CH,27.5
1.4832418495692359,1.2649010634993116,CH,27.6
1.4774614182354,1.2694840383670627,CH,27.700000000000003
1.4712419560903935,1.2740670132348137,CH,27.8
1.4645730413064193,1.278649988102565,CH,27.900000000000002
1.4574440541825604,1.283232962970316,CH,28
1.4498441737301668,1.2878159378380671,CH,28.1
1.4417623742023347,1.2923989127058184,CH,28.200000000000003
1.4331874215664637,1.2969818875735695,CH,28.3
1.424107869919144,1.3015648624413207,CH,28.400000000000002
1.414512057842261,1.3061478373090716,CH,28.5
1.4043881046996072,1.3107308121768229,CH,28.6
1.3937239068728307,1.3153137870445741,CH,28.700000000000003
1.382507133935972,1.3198967619123252,CH,28.8
1.3707252247674564,1.3244797367800762,CH,28.900000000000002
1.3583653835986098,1.3290627116478273,CH,29
1.345414575997701,1.3336456865155786,CH,29.1
1.3318595247885057,1.3382286613833296,CH,29.200000000000003
1.3176867059022719,1.3428116362510807,CH,29.3
1.3028823441621071,1.347394611118832,CH,29.400000000000002
1.2874324089987361,1.351977585986583,CH,29.5
1.2713226100964832,1.356560560854334,CH,29.6
1.25453839296833,1.3611435357220854,CH,29.700000000000003
1.2370649344591236,1.3657265105898364,CH,29.8
1.2188871381755586,1.3703094854575875,CH,29.900000000000002
1.199989629841939,1.3748924603253385,CH,30
1.1803567525804919,1.3794754351930898,CH,30.1
1.1599725621150139,1.384058410060841,CH,30.200000000000003
1.1388208218967293,1.3886413849285921,CH,30.3
1.1168849981509599,1.3932243597963432,CH,30.400000000000002
1.0941482548436596,1.3978073346640942,CH,30.5
1.070593448566111,1.4023903095318455,CH,30.6
1.0462031233369604,1.4069732843995966,CH,30.700000000000003
1.02095950531994,1.4115562592673476,CH,30.8
0.9948444974561106,1.416139234135099,CH,30.900000000000002
0.9678396740092587,1.42072220900285,CH,31
0.939926275023014,1.425305183870601,CH,31.1
0.9110852006884294,1.4298881587383523,CH,31.200000000000003
0.8812970056203966,1.4344711336061033,CH,31.3
0.8505418930417648,1.4390541084738544,CH,31.400000000000002
0.8187997088733887,1.4436370833416055,CH,31.5
0.7860499357288102,1.4482200582093567,CH,31.6
0.7522716868121702,1.452803033077108,CH,31.700000000000003
0.7174436997174549,1.4573860079448588,CH,31.8
0.681544330127986,1.4619689828126101,CH,31.900000000000002
0.64455154541424875,1.4665519576803612,CH,32
0.6064429181286322,1.4711349325481125,CH,32.1
0.567195619395374,1.4757179074158635,CH,32.2
0.5267864121940846,1.4803008822836143,CH,32.3
0.48519164453526287,1.4848838571513658,CH,32.400000000000006
0.4423872425259727,1.489466832019117,CH,32.5
0.3983487033240358,1.494049806886868,CH,32.6
0.3530510879789528,1.4986327817546192,CH,32.7
0.3064690141578783,1.50321575662237,CH,32.8
0.25857664875468345,1.5077987314901216,CH,32.900000000000006
0.209347700380345,1.5123817063578724,CH,33
0.15875541173294394,1.5169646812256237,CH,33.1
0.10677255184503665,1.521547656093375,CH,33.2
0.053371408206961846,1.5261306309611258,CH,33.3
-0.0014762212364196614,1.5307136058288773,CH,33.400000000000006
-0.05779903621698779,1.535296580696628,CH,33.5
-0.11562624240506736,1.5398795555643794,CH,33.6
-0.1749875598033377,1.5444625304321304,CH,33.7
-0.2359132312751413,1.5490455052998813,CH,33.8
-0.29843403120931455,1.5536284801676328,CH,33.900000000000006
-0.3625812743235457,1.5582114550353838,CH,34
-0.42838682460860866,1.5627944299031349,CH,34.1
-0.495883104415487,1.5673774047708862,CH,34.2
-0.5651031036878038,1.571960379638637,CH,34.3
-0.6360803893417,1.5765433545063885,CH,34.400000000000006
-0.7088491147954628,1.5811263293741393,CH,34.5
-0.783444029651374,1.5857093042418906,CH,34.6
-0.8599004895319986,1.5902922791096419,CH,34.7
-0.9382544660734062,1.5948752539773927,CH,34.8
-1.0185425570778612,1.5994582288451442,CH,34.900000000000006
-1.1008019968281424,1.604041203712895,CH,35
-1.1850706665665527,1.6086241785806463,CH,35.1
-1.2713871051406507,1.6132071534483974,CH,35.2
-1.359790519818624,1.6177901283161487,CH,35.300000000000004
-1.450320797276838,1.6223731031838995,CH,35.4
-1.5430185147623234,1.6269560780516508,CH,35.5
-1.6379249514328222,1.6315390529194018,CH,35.6
-1.7350820998772143,1.636122027787153,CH,35.7
-1.8345326778191406,1.6407050026549042,CH,35.800000000000004
-1.9363201400067247,1.6452879775226552,CH,35.9
-2.040488690291191,1.6498709523904063,CH,36
-2.147083293897328,1.6544539272581575,CH,36.1
-2.256149689888897,1.6590369021259086,CH,36.2
-2.3677344038319355,1.6636198769936599,CH,36.300000000000004
-2.4818847606590033,1.6682028518614107,CH,36.4
-2.598648897737565,1.672785826729162,CH,36.5
-2.71807577814576,1.6773688015969133,CH,36.6
-2.840215204158426,1.6819517764646643,CH,36.7
-2.965117830947225,1.6865347513324156,CH,36.800000000000004
-3.092835180497705,1.6911177262001664,CH,36.9
-3.223419655746852,1.6957007010679177,CH,37
-3.3569245549446336,1.7002836759356688,CH,37.1
-3.493404086242762,1.70486665080342,CH,37.2
-3.632913382514694,1.709449625671171,CH,37.300000000000004
-3.775508516409772,1.7140326005389221,CH,37.4
-3.921246515645823,1.7186155754066732,CH,37.5
-4.0701853785434565,1.7231985502744245,CH,37.6
-4.222384089805985,1.7277815251421755,CH,37.7
-4.3779026365488285,1.7323645000099268,CH,37.800000000000004
-4.536802024582027,1.7369474748776776,CH,37.9
-4.699144294950273,1.741530449745429,CH,38
-0.009606818660780336,0.04482195257348816,CS,3
-0.0077296934173231024,0.046316017659271104,CS,3.1
-0.005835388992820878,0.04781008274505404,CS,3.2
-0.003923795380911976,0.049304147830836975,CS,3.3
-0.001994802918183103,0.050798212916619914,CS,3.4
-4.830231630637005e-5,0.05229227800240285,CS,3.5
0.0019158153049748106,0.05378634308818579,CS,3.6
0.003897658383993363,0.05528040817396874,CS,3.7
0.005897334882421168,0.05677447325975167,CS,3.8
0.007914952249628071,0.05826853834553461,CS,3.9
0.009950617386119298,0.05976260343131755,CS,4
0.012004436606031232,0.06125666851710048,CS,4.1
0.014076515598667239,0.06275073360288343,CS,4.2
0.016166959389051827,0.06424479868866637,CS,4.3
0.018275872297485007,0.0657388637744493,CS,4.4
0.02040335789807507,0.06723292886023224,CS,4.5
0.0225495189762287,0.06872699394601517,CS,4.6
0.024714457485077945,0.07022105903179812,CS,4.7
0.026898274500820885,0.07171512411758106,CS,4.8
0.02910107017695579,0.073209189203364,CS,4.9
0.03132294369738359,0.07470325428914694,CS,5
0.0335639932283584,0.07619731937492986,CS,5.1
0.035824315869260825,0.07769138446071282,CS,5.2
0.038104007602169365,0.07918544954649576,CS,5.300000000000001
0.04040316324020965,0.0806795146322787,CS,5.4
0.04272187637465119,0.08217357971806163,CS,5.5
0.04506023932073033,0.08366764480384456,CS,5.6
0.047418343062173296,0.08516170988962751,CS,5.7
0.049796277194390726,0.08665577497541045,CS,5.800000000000001
0.052194129866320216,0.08814984006119339,CS,5.9
0.05461198772088671,0.08964390514697632,CS,6
0.05704993583405582,0.09113797023275926,CS,6.1
0.0595080576524506,0.09263203531854221,CS,6.2
0.06198643492950129,0.09412610040432515,CS,6.300000000000001
0.06448514766010349,0.09562016549010809,CS,6.4
0.06700427401374942,0.09711423057589101,CS,6.5
0.06954389026610641,0.09860829566167395,CS,6.6
0.07210407072900948,0.1001023607474569,CS,6.7
0.07468488767883774,0.10159642583323984,CS,6.800000000000001
0.07728641128323988,0.10309049091902278,CS,6.9
0.07990870952618145,0.1045845560048057,CS,7
0.08255184813127481,0.10607862109058866,CS,7.1000000000000005
0.08521589048336287,0.10757268617637158,CS,7.2
0.08790089754831742,0.10906675126215452,CS,7.3
0.09060692779102297,0.11056081634793748,CS,7.4
0.09333403709150445,0.1120548814337204,CS,7.5
0.09608227865916552,0.11354894651950335,CS,7.6000000000000005
0.09885170294510126,0.11504301160528628,CS,7.7
0.101642357552445,0.11653707669106923,CS,7.800000000000001
0.10445428714471294,0.11803114177685216,CS,7.9
0.10728753335210717,0.1195252068626351,CS,8
0.11014213467573575,0.12101927194841806,CS,8.100000000000001
0.11301812638971098,0.12251333703420096,CS,8.2
0.11591554044108687,0.12400740211998393,CS,8.3
0.11883440534758705,0.12550146720576685,CS,8.4
0.12177474609308692,0.12699553229154978,CS,8.5
0.12473658402080456,0.12848959737733276,CS,8.600000000000001
0.12771993672415372,0.12998366246311566,CS,8.7
0.1307248179352195,0.1314777275488986,CS,8.8
0.13375123741080275,0.13297179263468156,CS,8.9
0.13679920081599328,0.1344658577204645,CS,9
0.13986870960522257,0.13595992280624744,CS,9.100000000000001
0.14295976090074436,0.13745398789203034,CS,9.2
0.1460723473684995,0.13894805297781332,CS,9.3
0.14920645709130798,0.14044211806359624,CS,9.4
0.15236207343934371,0.14193618314937917,CS,9.5
0.15553917493783642,0.14343024823516215,CS,9.600000000000001
0.15873773513194656,0.14492431332094505,CS,9.7
0.16195772244876405,0.146418378406728,CS,9.8
0.16519910005636973,0.14791244349251093,CS,9.9
0.1684618257199103,0.14940650857829388,CS,10
0.17174585165462442,0.15090057366407683,CS,10.100000000000001
0.17505112437576342,0.15239463874985973,CS,10.2
0.1783775845453528,0.1538887038356427,CS,10.3
0.18172516681572393,0.15538276892142563,CS,10.4
0.18509379966976758,0.15687683400720856,CS,10.5
0.18848340525783658,0.1583708990929915,CS,10.600000000000001
0.19189389923124012,0.15986496417877444,CS,10.7
0.19532519057226394,0.1613590292645574,CS,10.8
0.19877718142065026,0.16285309435034032,CS,10.9
0.20224976689647245,0.16434715943612327,CS,11
0.20574283491933454,0.1658412245219062,CS,11.1
0.20925626602382652,0.16733528960768915,CS,11.200000000000001
0.2127899331711668,0.16882935469347207,CS,11.3
0.21634370155696248,0.17032341977925503,CS,11.4
0.2199174284150044,0.17181748486503795,CS,11.5
0.22351096281703886,0.17331154995082088,CS,11.6
0.22712414546842408,0.17480561503660386,CS,11.700000000000001
0.23075680849960567,0.17629968012238678,CS,11.8
0.23440877525333192,0.1777937452081697,CS,11.9
0.23807986006752335,0.17928781029395263,CS,12
0.24176986805371814,0.18078187537973558,CS,12.1
0.2454785948710212,0.18227594046551854,CS,12.200000000000001
0.24920582649544953,0.18377000555130146,CS,12.3
0.2529513389846192,0.18526407063708442,CS,12.4
0.25671489823765814,0.18675813572286734,CS,12.5
0.2604962597502758,0.1882522008086503,CS,12.600000000000001
0.2642951683648955,0.18974626589443322,CS,12.700000000000001
0.26811135801574815,0.19124033098021617,CS,12.8
0.2719445514688499,0.1927343960659991,CS,12.9
0.2757944600567559,0.19422846115178202,CS,13
0.2796607834080018,0.195722526237565,CS,13.100000000000001
0.2835432091711314,0.19721659132334793,CS,13.200000000000001
0.28744141273320967,0.19871065640913085,CS,13.3
0.2913550569327259,0.2002047214949138,CS,13.4
0.2952837917667708,0.20169878658069673,CS,13.5
0.2992272540923995,0.20319285166647968,CS,13.600000000000001
0.3031850673220593,0.2046869167522626,CS,13.700000000000001
0.3071568411129777,0.20618098183804556,CS,13.8
0.3111421710504043,0.2076750469238285,CS,13.9
0.31514063832458983,0.2091691120096114,CS,14
0.3191518094013821,0.2106631770953944,CS,14.100000000000001
0.3231752356863362,0.21215724218117732,CS,14.200000000000001
0.3272104531822062,0.21365130726696024,CS,14.3
0.3312569821397049,0.21514537235274317,CS,14.4
0.33531432670141004,0.21663943743852612,CS,14.5
0.3393819745386828,0.21813350252430908,CS,14.600000000000001
0.3434593964814825,0.219627567610092,CS,14.700000000000001
0.3475460461409403,0.22112163269587495,CS,14.8
0.35164135952456466,0.22261569778165788,CS,14.9
0.35574475464394073,0.2241097628674408,CS,15
0.35985563111479,0.22560382795322376,CS,15.100000000000001
0.36397336974924843,0.2270978930390067,CS,15.200000000000001
0.368097332140231,0.22859195812478963,CS,15.3
0.3722268602377192,0.23008602321057256,CS,15.4
0.3763612759168513,0.2315800882963555,CS,15.5
0.3804998805376494,0.23307415338213847,CS,15.600000000000001
0.38464195449622673,0.2345682184679214,CS,15.700000000000001
0.38878675676734376,0.23606228355370432,CS,15.8
0.39293352443814245,0.23755634863948727,CS,15.9
0.3970814722328868,0.2390504137252702,CS,16
0.40122979202857656,0.24054447881105315,CS,16.1
0.4053776523612471,0.24203854389683613,CS,16.200000000000003
0.40952419792279326,0.24353260898261903,CS,16.3
0.4136685490481524,0.24502667406840192,CS,16.4
0.4178098011926654,0.24652073915418488,CS,16.5
0.42194702439943876,0.24801480423996786,CS,16.6
0.42607926275654195,0.2495088693257508,CS,16.700000000000003
0.4302055338438353,0.2510029344115337,CS,16.8
0.4343248281692622,0.25249699949731663,CS,16.9
0.4384361085944004,0.25399106458309956,CS,17
0.4425383097490978,0.25548512966888254,CS,17.1
0.4466303374349829,0.2569791947546655,CS,17.200000000000003
0.4507110680176467,0.2584732598404484,CS,17.3
0.454779347807321,0.2599673249262313,CS,17.4
0.45883399242780953,0.2614613900120143,CS,17.5
0.46287378617348685,0.2629554550977972,CS,17.6
0.46689748135415776,0.2644495201835802,CS,17.700000000000003
0.47090379762752654,0.2659435852693631,CS,17.8
0.47489142131909645,0.267437650355146,CS,17.9
0.47885900472924803,0.268931715440929,CS,18
0.482805165427278,0.27042578052671196,CS,18.1
0.4867284855321623,0.2719198456124949,CS,18.200000000000003
0.49062751097981083,0.2734139106982778,CS,18.3
0.4945007507765786,0.2749079757840607,CS,18.4
0.49834667623877626,0.27640204086984366,CS,18.5
0.5021637202179305,0.27789610595562664,CS,18.6
0.5059502763115762,0.27939017104140956,CS,18.700000000000003
0.5097046980592634,0.2808842361271925,CS,18.8
0.5134252981235723,0.2823783012129754,CS,18.9
0.5171103474558425,0.28387236629875834,CS,19
0.520758074446352,0.2853664313845413,CS,19.1
0.524366664058665,0.28686049647032424,CS,19.2
0.5279342569478915,0.28835456155610717,CS,19.3
0.5314589485625336,0.28984862664189015,CS,19.400000000000002
0.534938788229673,0.2913426917276731,CS,19.5
0.5383717782231701,0.292836756813456,CS,19.6
0.5417558728145995,0.2943308218992389,CS,19.7
0.5450889773066074,0.29582488698502185,CS,19.8
0.5483689470483655,0.29731895207080483,CS,19.900000000000002
0.5515935864328472,0.29881301715658776,CS,20
0.5547606478755625,0.3003070822423707,CS,20.1
0.5578678307744416,0.3018011473281536,CS,20.2
0.5609127804505589,0.3032952124139366,CS,20.3
0.5638930870693137,0.3047892774997195,CS,20.400000000000002
0.5668062845417587,0.30628334258550244,CS,20.5
0.5696498494057334,0.3077774076712854,CS,20.6
0.5724211996864117,0.3092714727570683,CS,20.7
0.575117693735935,0.31076553784285127,CS,20.8
0.5777366290517554,0.31225960292863425,CS,20.900000000000002
0.5802752410733056,0.3137536680144171,CS,21
0.5827307019566375,0.3152477331002001,CS,21.1
0.5851001193266105,0.31674179818598297,CS,21.2
0.5873805350062851,0.31823586327176595,CS,21.3
0.5895689237230686,0.31972992835754893,CS,21.400000000000002
0.591662191791241,0.3212239934433318,CS,21.5
0.5936571757704536,0.3227180585291148,CS,21.6
0.5955506410997495,0.3242121236148977,CS,21.7
0.5973392807067084,0.32570618870068063,CS,21.8
0.5990197135912565,0.3272002537864636,CS,21.900000000000002
0.600588483383742,0.32869431887224654,CS,22
0.6020420568767655,0.33018838395802946,CS,22.1
0.6033768225303602,0.33168244904381244,CS,22.200000000000003
0.6045890889500392,0.33317651412959537,CS,22.3
0.6056750833372391,0.3346705792153783,CS,22.400000000000002
0.6066309499116649,0.3361646443011612,CS,22.5
0.6074527483050867,0.33765870938694414,CS,22.6
0.6081364519260433,0.3391527744727271,CS,22.700000000000003
0.6086779462949821,0.34064683955851005,CS,22.8
0.6090730273493099,0.342140904644293,CS,22.900000000000002
0.6093173997178427,0.3436349697300759,CS,23
0.6094066749640934,0.3451290348158589,CS,23.1
0.6093363697978953,0.3466230999016418,CS,23.200000000000003
0.6091019042547954,0.34811716498742473,CS,23.3
0.608698599842656,0.3496112300732077,CS,23.400000000000002
0.6081216776548857,0.3511052951589906,CS,23.5
0.6073662564497777,0.35259936024477356,CS,23.6
0.6064273506952844,0.35409342533055654,CS,23.700000000000003
0.6052998685786966,0.3555874904163394,CS,23.8
0.6039786099805964,0.3570815555021224,CS,23.900000000000002
0.6024582644124834,0.35857562058790526,CS,24
0.6007334089173755,0.36006968567368824,CS,24.1
0.5987985059329013,0.3615637507594712,CS,24.200000000000003
0.5966479011160413,0.3630578158452541,CS,24.3
0.594275821129008,0.3645518809310371,CS,24.400000000000002
0.5916763713855167,0.36604594601682,CS,24.5
0.5888435337568136,0.3675400111026029,CS,24.6
0.585771164236716,0.3690340761883859,CS,24.700000000000003
0.5824529905649838,0.37052814127416883,CS,24.8
0.5788826098083417,0.37202220635995176,CS,24.900000000000002
0.5750534858983558,0.3735162714457347,CS,25
0.5709589471254493,0.37501033653151766,CS,25.1
0.5665921835883578,0.3765044016173006,CS,25.200000000000003
0.5619462445981451,0.3779984667030835,CS,25.3
0.5570140360361275,0.37949253178886644,CS,25.400000000000002
0.5517883176647898,0.38098659687464936,CS,25.5
0.5462617003910104,0.38248066196043234,CS,25.6
0.5404266434806742,0.38397472704621527,CS,25.700000000000003
0.5342754517238868,0.3854687921319982,CS,25.8
0.5278002725499613,0.3869628572177812,CS,25.900000000000002
0.5209930930912652,0.38845692230356405,CS,26
0.5138457371950835,0.389950987389347,CS,26.1
0.5063498623826419,0.39144505247513,CS,26.200000000000003
0.49849695675428407,0.3929391175609129,CS,26.3
0.4902783358399976,0.39443318264669586,CS,26.400000000000002
0.481685139394294,0.3959272477324788,CS,26.5
0.47270832813447505,0.3974213128182617,CS,26.6
0.4633386804213764,0.3989153779040447,CS,26.700000000000003
0.45356678888152757,0.4004094429898276,CS,26.8
0.44338305696983227,0.40190350807561054,CS,26.900000000000002
0.432777695471664,0.40339757316139346,CS,27
0.4217407189433384,0.4048916382471764,CS,27.1
0.41026194209000977,0.40638570333295937,CS,27.200000000000003
0.3983309760798388,0.4078797684187423,CS,27.3
0.3859372247933397,0.4093738335045252,CS,27.400000000000002
0.3730698810068649,0.41086789859030814,CS,27.5
0.3597179225090663,0.4123619636760911,CS,27.6
0.3458701081491835,0.41385602876187405,CS,27.700000000000003
0.33151497381603434,0.415350093847657,CS,27.8
0.3166408283464719,0.41684415893343996,CS,27.900000000000002
0.3012357493621707,0.4183382240192228,CS,28
0.2852875790334952,0.4198322891050058,CS,28.1
0.26878391976922344,0.4213263541907888,CS,28.200000000000003
0.2517121298308087,0.42282041927657166,CS,28.3
0.23405931886998133,0.42431448436235464,CS,28.400000000000002
0.21581234338837518,0.4258085494481375,CS,28.5
0.19695780211777958,0.4273026145339205,CS,28.6
0.1774820313197072,0.42879667961970347,CS,28.700000000000003
0.15737110000305243,0.43029074470548634,CS,28.8
0.13661080505816336,0.4317848097912693,CS,28.900000000000002
0.11518666630615648,0.43327887487705224,CS,29
0.09308392146197342,0.43477293996283517,CS,29.1
0.07028752100960212,0.43626700504861815,CS,29.200000000000003
0.04678212298820661,0.4377610701344011,CS,29.3
0.022552087687383704,0.439255135220184,CS,29.400000000000002
-0.0024185277497501545,0.4407492003059669,CS,29.5
-0.028145974817347152,0.4422432653917499,CS,29.6
-0.054646819233033384,0.44373733047753283,CS,29.700000000000003
-0.08193794662111564,0.44523139556331576,CS,29.8
-0.11003656829455188,0.4467254606490987,CS,29.900000000000002
-0.1389602271371153,0.4482195257348816,CS,30
-0.16872680358771142,0.4497135908206646,CS,30.1
-0.19935452172836854,0.4512076559064475,CS,30.200000000000003
-0.23086195547785593,0.45270172099223044,CS,30.3
-0.2632680348924108,0.4541957860780134,CS,30.400000000000002
-0.29659205257569177,0.4556898511637963,CS,30.5
-0.3308536701996374,0.45718391624957927,CS,30.6
-0.36607292513815715,0.45867798133536225,CS,30.700000000000003
-0.4022702372154239,0.4601720464211451,CS,30.8
-0.43946641557094246,0.4616661115069281,CS,30.900000000000002
-0.47768266564307815,0.463160176592711,CS,31
-0.5169405962733489,0.46465424167849395,CS,31.1
-0.557262226933247,0.46614830676427693,CS,31.200000000000003
-0.5986699950756993,0.4676423718500598,CS,31.3
-0.6411867636134261,0.4691364369358428,CS,31.400000000000002
-0.6848358285262357,0.4706305020216257,CS,31.5
-0.7296409265992558,0.47212456710740863,CS,31.6
-0.7756262432945533,0.4736186321931916,CS,31.700000000000003
-0.8228164207584321,0.47511269727897454,CS,31.8
-0.871236565966214,0.47660676236475746,CS,31.900000000000002
-0.9209122590074301,0.4781008274505404,CS,32
-0.9718695615133157,0.47959489253632337,CS,32.1
-1.024135025229274,0.4810889576221063,CS,32.2
-1.0777357007345714,0.48258302270788916,CS,32.3
-1.1326991463117935,0.48407708779367226,CS,32.400000000000006
-1.1890534369686812,0.48557115287945507,CS,32.5
-1.2468271736145518,0.48706521796523805,CS,32.6
-1.306049492394525,0.488559283051021,CS,32.7
-1.366750074183397,0.49005334813680385,CS,32.8
-1.4289591542425555,0.49154741322258694,CS,32.900000000000006
-1.492707532042182,0.49304147830836975,CS,33
-1.5580265812518874,0.49453554339415273,CS,33.1
-1.6249482599020517,0.4960296084799357,CS,33.2
-1.693505120719493,0.4975236735657185,CS,33.3
-1.7637303216396916,0.4990177386515016,CS,33.400000000000006
-1.8356576364987909,0.5005118037372844,CS,33.5
-1.9093214659085938,0.5020058688230674,CS,33.6
-1.9847568483170157,0.5034999339088504,CS,33.7
-2.0619994712579803,0.5049939989946333,CS,33.8
-2.141085682792948,0.5064880640804164,CS,33.900000000000006
-2.2220525031479177,0.5079821291661991,CS,34
-2.3049376365492336,0.5094761942519821,CS,34.1
-2.389779483260817,0.5109702593377651,CS,34.2
-2.476617151826961,0.512464324423548,CS,34.3
-2.565490471523802,0.513958389509331,CS,34.400000000000006
-2.656440005022702,0.5154524545951139,CS,34.5
-2.749507061269483,0.5169465196808968,CS,34.6
-2.8447337085830853,0.5184405847666798,CS,34.7
-2.9421627879767875,0.5199346498524626,CS,34.8
-3.0418379267064353,0.5214287149382457,CS,34.900000000000006
-3.143803552048812,0.5229227800240286,CS,35
-3.248104905314598,0.5244168451098115,CS,35.1
-3.354788056099018,0.5259109101955944,CS,35.2
-3.463899916775091,0.5274049752813774,CS,35.300000000000004
-3.575488257232834,0.5288990403671603,CS,35.4
-3.689601719868449,0.5303931054529433,CS,35.5
-3.806289834828508,0.5318871705387263,CS,35.6
-3.9256030355121503,0.5333812356245091,CS,35.7
-4.047592674336631,0.5348753007102921,CS,35.800000000000004
-4.172311038769973,0.536369365796075,CS,35.9
-4.299811367635517,0.537863430881858,CS,36
-4.430147867692462,0.5393574959676409,CS,36.1
-4.563375730497693,0.5408515610534239,CS,36.2
-4.699551149552477,0.5423456261392068,CS,36.300000000000004
-4.838731337740075,0.5438396912249897,CS,36.4
-4.98097454505811,0.5453337563107726,CS,36.5
-5.126340076650564,0.5468278213965556,CS,36.6
-5.274888311145482,0.5483218864823386,CS,36.7
-5.426680719301842,0.5498159515681215,CS,36.800000000000004
-5.581779882972121,0.5513100166539043,CS,36.9
-5.740249514384935,0.5528040817396873,CS,37
-5.902154475753534,0.5542981468254703,CS,37.1
-6.0675607992149025,0.5557922119112533,CS,37.2
-6.236535707106036,0.5572862769970363,CS,37.300000000000004
-6.409147632581934,0.558780342082819,CS,37.4
-6.58546624058129,0.560274407168602,CS,37.5
-6.765562449145925,0.561768472254385,CS,37.6
-6.94950845109949,0.563262537340168,CS,37.7
-7.137377736091558,0.5647566024259509,CS,37.800000000000004
-7.329245113012888,0.5662506675117337,CS,37.9
-7.525186732788626,0.5677447325975167,CS,38
-0.003239120347039548,0.823753227279532,TT,3
2.095777573720703e-4,0.8512116681888497,TT,3.1
0.003685160418702038,0.8786701090981675,TT,3.2
0.007187767267647693,0.9061285500074852,TT,3.3
0.010717537246437647,0.9335869909168029,TT,3.4
0.014274608569343039,0.9610454318261207,TT,3.5
0.017859118682295616,0.9885038727354384,TT,3.6
0.021471204221593987,1.0159623136447562,TT,3.7
0.025111000971681285,1.043420754554074,TT,3.8
0.028778643821979144,1.0708791954633916,TT,3.9
0.03247426672275766,1.0983376363727093,TT,4
0.036198002640026705,1.125796077282027,TT,4.1
0.0399499835094288,1.1532545181913447,TT,4.2
0.043730340189115924,1.1807129591006624,TT,4.3
0.047539202411590264,1.2081714000099804,TT,4.4
0.051376698734493687,1.235629840919298,TT,4.5
0.055242956490322515,1.2630882818286155,TT,4.6
0.05913810173505074,1.2905467227379335,TT,4.7
0.06306225919564101,1.3180051636472512,TT,4.8
0.06701555221642297,1.345463604556569,TT,4.9
0.07099810270431939,1.3729220454658866,TT,5
0.07501003107289894,1.4003804863752043,TT,5.1
0.07905145618523213,1.4278389272845222,TT,5.2
0.08312249529553406,1.4552973681938401,TT,5.300000000000001
0.08722326398956604,1.4827558091031576,TT,5.4
0.09135387612377832,1.5102142500124753,TT,5.5
0.09551444376316942,1.537672690921793,TT,5.6
0.09970507711783894,1.5651311318311107,TT,5.7
0.10392588447821127,1.5925895727404287,TT,5.800000000000001
0.10817697214890543,1.6200480136497464,TT,5.9
0.11245844438122743,1.647506454559064,TT,6
0.11677040330426236,1.6749648954683816,TT,6.1
0.12111294885453605,1.7024233363776995,TT,6.2
0.1254861787042273,1.7298817772870174,TT,6.300000000000001
0.12989018818790043,1.757340218196335,TT,6.4
0.13432507022773377,1.7847986591056526,TT,6.5
0.13879091525721687,1.8122571000149703,TT,6.6
0.14328781114328837,1.8397155409242882,TT,6.7
0.14781584310689078,1.867173981833606,TT,6.800000000000001
0.15237509364190815,1.8946324227429236,TT,6.9
0.15696564243246347,1.9220908636522414,TT,7
0.16158756626854398,1.9495493045615593,TT,7.1000000000000005
0.16624093895992553,1.9770077454708768,TT,7.2
0.17092583124836735,2.0044661863801942,TT,7.3
0.17564231071804404,2.0319246272895124,TT,7.4
0.18039044170418772,2.05938306819883,TT,7.5
0.18517028519990497,2.086841509108148,TT,7.6000000000000005
0.1899818987611387,2.1142999500174655,TT,7.7
0.19482533640974387,2.141758390926783,TT,7.800000000000001
0.1997006485346412,2.169216831836101,TT,7.9
0.2046078817910152,2.1966752727454186,TT,8
0.2095470789975279,2.2241337136547368,TT,8.100000000000001
0.21451827903150456,2.251592154564054,TT,8.2
0.21952151672206666,2.279050595473372,TT,8.3
0.22455682274116517,2.3065090363826894,TT,8.4
0.2296242234924888,2.333967477292007,TT,8.5
0.23472374099820137,2.3614259182013253,TT,8.600000000000001
0.23985539278347678,2.3888843591106426,TT,8.7
0.24501919175878883,2.4163428000199607,TT,8.8
0.25021514609992135,2.4438012409292784,TT,8.9
0.2554432591256557,2.471259681838596,TT,9
0.26070352917309847,2.4987181227479143,TT,9.100000000000001
0.265995949470605,2.526176563657231,TT,9.2
0.2713205080082628,2.5536350045665492,TT,9.3
0.27667718740588554,2.581093445475867,TT,9.4
0.282065964778484,2.6085518863851846,TT,9.5
0.28748681159916056,2.636010327294503,TT,9.600000000000001
0.2929396935593904,2.66346876820382,TT,9.7
0.2984245704266437,2.690927209113138,TT,9.8
0.30394139589929725,2.7183856500224555,TT,9.9
0.30949011745880006,2.745844090931773,TT,10
0.31507067621903284,2.7733025318410913,TT,10.100000000000001
0.32068300677282446,2.8007609727504086,TT,10.2
0.32632703703557375,2.8282194136597267,TT,10.3
0.33200268808591904,2.8556778545690444,TT,10.4
0.3377098740034208,2.883136295478362,TT,10.5
0.34344850170319385,2.9105947363876803,TT,10.600000000000001
0.34921847076743806,2.938053177296997,TT,10.7
0.3550196732738271,2.9655116182063153,TT,10.8
0.36085199362068265,2.992970059115633,TT,10.9
0.36671530834889654,3.0204285000249507,TT,11
0.37260948596053634,3.0478869409342684,TT,11.1
0.378534386734083,3.0753453818435865,TT,11.200000000000001
0.3844898625362364,3.1028038227529042,TT,11.3
0.39047575663024303,3.1302622636622215,TT,11.4
0.39649190348067176,3.157720704571539,TT,11.5
0.40253812855459237,3.185179145480857,TT,11.6
0.40861424811908753,3.212637586390175,TT,11.700000000000001
0.414720069035033,3.2400960272994928,TT,11.8
0.4208553885470989,3.2675544682088105,TT,11.9
0.4270199940698898,3.295012909118128,TT,12
0.43321366297016906,3.3224713500274454,TT,12.1
0.4394361623451013,3.3499297909367636,TT,12.200000000000001
0.4456872487964434,3.3773882318460813,TT,12.3
0.4519666682006176,3.404846672755399,TT,12.4
0.4582741554745948,3.4323051136647167,TT,12.5
0.4646094343375249,3.459763554574035,TT,12.600000000000001
0.47097221706803216,3.4872219954833525,TT,12.700000000000001
0.47736220425711506,3.51468043639267,TT,12.8
0.4837790845565684,3.5421388773019875,TT,12.9
0.4902225344228561,3.569597318211305,TT,13
0.49669221785635753,3.5970557591206234,TT,13.100000000000001
0.503187786135914,3.624514200029941,TT,13.200000000000001
0.5097088775485901,3.6519726409392588,TT,13.3
0.5162551171145793,3.6794310818485765,TT,13.4
0.522826116307163,3.7068895227578937,TT,13.5
0.5294214727676478,3.734347963667212,TT,13.600000000000001
0.5360407700151988,3.7618064045765296,TT,13.700000000000001
0.5426835771514731,3.7892648454858473,TT,13.8
0.5493494485599812,3.816723286395165,TT,13.9
0.556037923600083,3.8441817273044827,TT,14
0.5627485262955239,3.871640168213801,TT,14.100000000000001
0.5694807650174278,3.8990986091231186,TT,14.200000000000001
0.5762341321616566,3.926557050032436,TT,14.3
0.583008103820434,3.9540154909417535,TT,14.4
0.5898021394481499,3.9814739318510712,TT,14.5
0.5966156815212367,4.008932372760389,TT,14.600000000000001
0.6034481551920325,4.036390813669707,TT,14.700000000000001
0.6102989679365254,4.063849254579025,TT,14.8
0.6171675091958737,4.091307695488342,TT,14.9
0.6240531500116107,4.11876613639766,TT,15
0.6309552426544185,4.146224577306978,TT,15.100000000000001
0.6378731202463752,4.173683018216296,TT,15.200000000000001
0.6448060963765576,4.201141459125614,TT,15.3
0.6517534647098988,4.228599900034931,TT,15.4
0.6587144985891893,4.256058340944248,TT,15.5
0.6656884506300993,4.283516781853566,TT,15.600000000000001
0.672674552309122,4.310975222762885,TT,15.700000000000001
0.6796720135443113,4.338433663672202,TT,15.8
0.6866800222686975,4.36589210458152,TT,15.9
0.6936977439962706,4.393350545490837,TT,16
0.7007243213803882,4.420808986400155,TT,16.1
0.7077588737645106,4.4482674273094736,TT,16.200000000000003
0.7148004967251194,4.475725868218791,TT,16.3
0.7218482616066924,4.503184309128108,TT,16.4
0.7289012150486192,4.530642750037426,TT,16.5
0.7359583785039092,4.558101190946744,TT,16.6
0.7430187477495658,4.5855596318560625,TT,16.700000000000003
0.7500812923884959,4.613018072765379,TT,16.8
0.7571449553428042,4.640476513674696,TT,16.9
0.7642086523383422,4.667934954584014,TT,17
0.7712712713803709,4.6953933954933325,TT,17.1
0.7783316722201776,4.722851836402651,TT,17.200000000000003
0.7853886858125199,4.750310277311968,TT,17.3
0.792441113763737,4.777768718221285,TT,17.4
0.7994877277703698,4.805227159130603,TT,17.5
0.806527269048152,4.832685600039921,TT,17.6
0.8135584477512083,4.86014404094924,TT,17.700000000000003
0.820579942381291,4.887602481858557,TT,17.8
0.8275903991869156,4.915060922767874,TT,17.9
0.8345884315522079,4.942519363677192,TT,18
0.8415726193753126,4.96997780458651,TT,18.1
0.8485415084361887,4.9974362454958285,TT,18.200000000000003
0.855493609753621,5.024894686405145,TT,18.3
0.8624273989312665,5.052353127314462,TT,18.4
0.8693413154925755,5.07981156822378,TT,18.5
0.8762337622043854,5.1072700091330985,TT,18.6
0.883103104389023,5.134728450042417,TT,18.700000000000003
0.8899476692247208,5.162186890951734,TT,18.8
0.8967657450341622,5.189645331861051,TT,18.9
0.9035555805609587,5.217103772770369,TT,19
0.9103153842338685,5.2445622136796874,TT,19.1
0.9170433234185684,5.272020654589005,TT,19.2
0.9237375236567589,5.299479095498323,TT,19.3
0.9303960678924095,5.326937536407641,TT,19.400000000000002
0.9370169956849494,5.354395977316958,TT,19.5
0.9435983024091668,5.381854418226276,TT,19.6
0.9501379384416229,5.409312859135593,TT,19.7
0.9566338083333665,5.436771300044911,TT,19.8
0.9630837699687125,5.464229740954229,TT,19.900000000000002
0.9694856337098687,5.491688181863546,TT,20
0.9758371615271995,5.5191466227728645,TT,20.1
0.9821360661148648,5.546605063682182,TT,20.2
0.9883800099916278,5.5740635045915,TT,20.3
0.9945666045865793,5.601521945500818,TT,20.400000000000002
1.0006934093095463,5.628980386410135,TT,20.5
1.0067579306059247,5.6564388273194535,TT,20.6
1.0127576209957043,5.683897268228771,TT,20.7
1.0186898780964309,5.711355709138089,TT,20.8
1.0245520436298277,5.738814150047407,TT,20.900000000000002
1.0303414024118496,5.766272590956724,TT,21
1.0360551813258776,5.793731031866042,TT,21.1
1.0416905482787864,5.821189472775359,TT,21.2
1.0472446111396394,5.848647913684677,TT,21.3
1.0527144166607032,5.876106354593995,TT,21.400000000000002
1.058096949380503,5.903564795503312,TT,21.5
1.0633891305086536,5.9310232364126305,TT,21.6
1.0685878167921619,5.958481677321948,TT,21.7
1.0736897993628913,5.985940118231266,TT,21.8
1.0786918025659258,6.013398559140584,TT,21.900000000000002
1.0835904827684937,6.040857000049901,TT,22
1.0883824271491571,6.0683154409592195,TT,22.1
1.0930641524669538,6.095773881868538,TT,22.200000000000003
1.0976321038101773,6.123232322777855,TT,22.3
1.1020826533244525,6.150690763687173,TT,22.400000000000002
1.1064120989198027,6.17814920459649,TT,22.5
1.110616662956363,6.2056076455058085,TT,22.6
1.1146924909084008,6.233066086415126,TT,22.700000000000003
1.118635650006282,6.260524527324443,TT,22.8
1.1224421278560905,6.287982968233761,TT,22.900000000000002
1.1261078310364736,6.315441409143078,TT,23
1.1296285836723943,6.3428998500523965,TT,23.1
1.1330001259854345,6.370358290961715,TT,23.200000000000003
1.1362181128202442,6.397816731871032,TT,23.3
1.1392781121467674,6.42527517278035,TT,23.400000000000002
1.1421756035379067,6.452733613689667,TT,23.5
1.1449059766221605,6.4801920545989855,TT,23.6
1.147464529510902,6.507650495508304,TT,23.700000000000003
1.1498464671998736,6.535108936417621,TT,23.8
1.1520468999444855,6.562567377326939,TT,23.900000000000002
1.1540608416085094,6.590025818236256,TT,24
1.1558832079857675,6.617484259145574,TT,24.1
1.1575088150943476,6.644942700054892,TT,24.200000000000003
1.1589323774429507,6.672401140964209,TT,24.3
1.160148506268916,6.699859581873527,TT,24.400000000000002
1.1611517077474778,6.727318022782844,TT,24.5
1.1619363811717918,6.754776463692163,TT,24.6
1.1624968171032943,6.782234904601481,TT,24.700000000000003
1.1628271954919098,6.809693345510798,TT,24.8
1.1629215837656188,6.837151786420116,TT,24.900000000000002
1.162773934888941,6.864610227329433,TT,25
1.162378085389828,6.8920686682387515,TT,25.1
1.1617277533544303,6.91952710914807,TT,25.200000000000003
1.1608165363893148,6.946985550057387,TT,25.3
1.1596379095505496,6.974443990966705,TT,25.400000000000002
1.1581852232391494,7.0019024318760215,TT,25.5
1.156451701062399,7.02936087278534,TT,25.6
1.154430437660463,7.056819313694658,TT,25.700000000000003
1.152114396497768,7.084277754603975,TT,25.8
1.1494964076185745,7.111736195513293,TT,25.900000000000002
1.146569165366249,7.13919463642261,TT,26
1.1433252260655618,7.166653077331929,TT,26.1
1.139757005667513,7.194111518241247,TT,26.200000000000003
1.1358567773560813,7.221569959150564,TT,26.3
1.131616669116279,7.249028400059882,TT,26.400000000000002
1.1270286612629041,7.276486840969199,TT,26.5
1.122084583929424,7.3039452818785175,TT,26.6
1.1167761145163189,7.331403722787836,TT,26.700000000000003
1.111094775098235,7.358862163697153,TT,26.8
1.1050319297893934,7.386320604606471,TT,26.900000000000002
1.0985787820664887,7.4137790455157875,TT,27
1.0917263720484707,7.441237486425106,TT,27.1
1.0844655737325821,7.468695927334424,TT,27.200000000000003
1.0767870921858558,7.496154368243741,TT,27.3
1.0686814606914634,7.523612809153059,TT,27.400000000000002
1.0601390378492033,7.5510712500623764,TT,27.5
1.0511500046293571,7.578529690971695,TT,27.6
1.041704361379253,7.605988131881013,TT,27.700000000000003
1.0317919247817757,7.63344657279033,TT,27.8
1.0214023247650283,7.660905013699648,TT,27.900000000000002
1.0105250013624723,7.688363454608965,TT,28
0.9991492015227008,7.715821895518284,TT,28.1
0.9872639758680739,7.743280336427602,TT,28.200000000000003
0.9748581754014847,7.770738777336919,TT,28.3
0.9619204481603072,7.798197218246237,TT,28.400000000000002
0.9484392358169069,7.8256556591555535,TT,28.5
0.9344027702246525,7.853114100064872,TT,28.6
0.9197990699087741,7.88057254097419,TT,28.700000000000003
0.9046159365011253,7.908030981883507,TT,28.8
0.8888409511179365,7.935489422792825,TT,28.900000000000002
0.8724614706797684,7.9629478637021425,TT,29
0.8554646241727237,7.990406304611461,TT,29.1
0.8378373088499362,8.017864745520779,TT,29.200000000000003
0.819566186372592,8.045323186430096,TT,29.3
0.8006376788893057,8.072781627339413,TT,29.400000000000002
0.781037965053077,8.10024006824873,TT,29.5
0.7607529759748051,8.12769850915805,TT,29.6
0.7397683911123334,8.155156950067367,TT,29.700000000000003
0.7180696340941246,8.182615390976684,TT,29.8
0.695641868476395,8.210073831886003,TT,29.900000000000002
0.6724699934328502,8.23753227279532,TT,30
0.6485386393758681,8.264990713704638,TT,30.1
0.6238321635080943,8.292449154613957,TT,30.200000000000003
0.5983346453034013,8.319907595523274,TT,30.3
0.5720298819160483,8.347366036432591,TT,30.400000000000002
0.5449013835169723,8.374824477341908,TT,30.5
0.5169323685561693,8.402282918251228,TT,30.6
0.4881057589498212,8.429741359160545,TT,30.700000000000003
0.4584041751911858,8.457199800069862,TT,30.8
0.42780993138399737,8.48465824097918,TT,30.900000000000002
0.3963050301971638,8.512116681888497,TT,31
0.36387115773957923,8.539575122797816,TT,31.1
0.33048967835381227,8.567033563707133,TT,31.200000000000003
0.2961416293274173,8.59449200461645,TT,31.3
0.2608077155205315,8.62195044552577,TT,31.400000000000002
0.22446830390858707,8.649408886435086,TT,31.5
0.18710341803874897,8.676867327344404,TT,31.6
0.14869273239868264,8.704325768253723,TT,31.700000000000003
0.10921556669653576,8.73178420916304,TT,31.8
0.06865088005042885,8.759242650072357,TT,31.900000000000002
0.026977265086316038,8.786701090981675,TT,32
-0.015827058057237053,8.814159531890992,TT,32.1
-0.05978424781893921,8.84161797280031,TT,32.2
-0.1049168474005775,8.869076413709626,TT,32.3
-0.1512477910504142,8.896534854618947,TT,32.400000000000006
-0.19880041044546815,8.923993295528263,TT,32.5
-0.24759844117448004,8.951451736437582,TT,32.6
-0.29766602932280684,8.978910177346899,TT,32.7
-0.3490277381609861,9.006368618256216,TT,32.8
-0.40170855493868274,9.033827059165535,TT,32.900000000000006
-0.455733897785251,9.061285500074852,TT,33
-0.5111296227190625,9.08874394098417,TT,33.1
-0.5679220307667947,9.116202381893489,TT,33.2
-0.6261378751947451,9.143660822802804,TT,33.3
-0.6858043688536419,9.171119263712125,TT,33.400000000000006
-0.7469491916387714,9.19857770462144,TT,33.5
-0.8096004980673825,9.226036145530758,TT,33.6
-0.873786924974727,9.253494586440077,TT,33.7
-0.9395375993311035,9.280953027349392,TT,33.8
-1.0068821461813595,9.308411468258713,TT,33.900000000000006
-1.075850696708784,9.335869909168029,TT,34
-1.1464738964256007,9.363328350077348,TT,34.1
-1.2187829134915855,9.390786790986665,TT,34.2
-1.2928094471630978,9.418245231895982,TT,34.3
-1.3685857363743743,9.445703672805301,TT,34.400000000000006
-1.4461445684530467,9.473162113714618,TT,34.5
-1.5255192879722443,9.500620554623936,TT,34.6
-1.6067438057409547,9.528078995533255,TT,34.7
-1.6898526079351832,9.55553743644257,TT,34.8
-1.774880765371698,9.582995877351891,TT,34.900000000000006
-1.8618639429267319,9.610454318261207,TT,35
-1.9508384091020545,9.637912759170524,TT,35.1
-2.0418410457401137,9.665371200079843,TT,35.2
-2.134909357891214,9.69282964098916,TT,35.300000000000004
-2.230081483834489,9.720288081898477,TT,35.4
-2.327396205255397,9.747746522807795,TT,35.5
-2.4268929575819307,9.775204963717114,TT,35.6
-2.5286118404820215,9.802663404626431,TT,35.7
-2.632593628524724,9.83012184553575,TT,35.800000000000004
-2.7388797820073947,9.857580286445065,TT,35.9
-2.8475124579518685,9.885038727354384,TT,36
-2.9585345212716625,9.912497168263702,TT,36.1
-3.0719895561131807,9.93995560917302,TT,36.2
-3.187921877373718,9.967414050082338,TT,36.300000000000004
-3.3063765423983256,9.994872490991654,TT,36.4
-3.4273993628591555,10.022330931900973,TT,36.5
-3.5510369168192852,10.04978937281029,TT,36.6
-3.6773365609842052,10.077247813719609,TT,36.7
-3.806346443144008,10.104706254628926,TT,36.800000000000004
-3.9381155148086613,10.132164695538243,TT,36.9
-4.072693544039993,10.15962313644756,TT,37
-4.2101311284826615,10.18708157735688,TT,37.1
-4.350479708597742,10.214540018266197,TT,37.2
-4.493791581101821,10.241998459175516,TT,37.300000000000004
-4.640119912614438,10.269456900084831,TT,37.4
-4.78951875351774,10.29691534099415,TT,37.5
-4.9420430520308045,10.324373781903468,TT,37.6
-5.0977486685023266,10.351832222812787,TT,37.7
-5.256692389925245,10.379290663722104,TT,37.800000000000004
-5.418931944675851,10.40674910463142,TT,37.9
-5.5845260174819735,10.434207545540739,TT,38
