umax_temp,ks_temp,Species,temp
-0.06417271558648152,0.04265340484766555,AC,3
-0.06186052672285214,0.04554435784289622,AC,3.1
-0.059528720883699704,0.04853009618223281,AC,3.2
-0.05717716751065899,0.051610619865675306,AC,3.3
-0.054805735842768044,0.054785928893223736,AC,3.4
-0.052414294931931116,0.058056023264878104,AC,3.5
-0.05000271365880282,0.06142090298063839,AC,3.6
-0.047570860749101496,0.0648805680405046,AC,3.7
-0.04511860479036284,0.06843501844447672,AC,3.8
-0.042645814249139324,0.07208425419255476,AC,3.9
-0.04015235748865564,0.07582827528473875,AC,4
-0.037638102786929306,0.07966708172102864,AC,4.1
-0.03510291835536328,0.08360067350142447,AC,4.2
-0.03254667235782294,0.08762905062592621,AC,4.3
-0.029969232930203038,0.0917522130945339,AC,4.4
-0.027370468200496822,0.09597016090724747,AC,4.5
-0.024750246309375834,0.10028289406406697,AC,4.6
-0.02210843543128993,0.10469041256499245,AC,4.7
-0.019444903796097313,0.10919271641002379,AC,4.8
-0.016759519711236015,0.1137898055991611,AC,4.9
-0.014052151584444283,0.11848168013240429,AC,5
-0.011322667947044174,0.12326834000975341,AC,5.1
-0.00857093747779436,0.12814978523120849,AC,5.2
-0.005796829027326922,0.1331260157967695,AC,5.300000000000001
-0.0030002116431775416,0.13819703170643638,AC,5.4
-1.8095459541822567e-4,0.14336283296020919,AC,5.5
0.002661072597092473,0.14862341955808792,AC,5.6
0.005526000139832399,0.15397879150007263,AC,5.7
0.008413957935100691,0.15942894878616326,AC,5.800000000000001
0.011325075553850872,0.16497389141635974,AC,5.9
0.014259482206862129,0.1706136193906622,AC,6
0.01721730671523458,0.17634813270907052,AC,6.1
0.020198677480197325,0.18217743137158487,AC,6.2
0.02320372245221669,0.1881015153782051,AC,6.300000000000001
0.026232569099390535,0.19412038472893123,AC,6.4
0.029285344375116318,0.20023403942376325,AC,6.5
0.03236217468501934,0.20644247946270122,AC,6.6
0.03546318585312913,0.21274570484574515,AC,6.7
0.03858850308728701,0.21914371557289503,AC,6.800000000000001
0.041738250943772814,0.22563651164415077,AC,6.9
0.04491255329113841,0.23222409305951242,AC,7
0.048111533273227924,0.23890645981898007,AC,7.1000000000000005
0.051335313271376304,0.24568361192255356,AC,7.2
0.054584014865767805,0.252555549370233,AC,7.3
0.05785775879593824,0.2595222721620184,AC,7.4
0.06115666492040961,0.26658378029790963,AC,7.5
0.06448085217543498,0.2737400737779069,AC,7.6000000000000005
0.06783043853284687,0.2809911526020101,AC,7.7
0.0712055409569814,0.2883370167702191,AC,7.800000000000001
0.07460627536067277,0.2957776662825341,AC,7.9
0.07803275656029307,0.303313101138955,AC,8
0.08148509822982541,0.31094332133948194,AC,8.100000000000001
0.08496341285394982,0.31866832688411456,AC,8.2
0.08846781168012585,0.32648811777285336,AC,8.3
0.09199840466965536,0.3344026940056979,AC,8.4
0.09555530044770233,0.3424120555826484,AC,8.5
0.09913860625225812,0.35051620250370497,AC,8.600000000000001
0.10274842788202687,0.3587151347688672,AC,8.7
0.10638486964321647,0.3670088523781356,AC,8.8
0.11004803429521215,0.3753973553315098,AC,8.9
0.11373802299511804,0.3838806436289899,AC,9
0.11745493524113837,0.39245871727057613,AC,9.100000000000001
0.12119886881478681,0.4011315762562679,AC,9.2
0.12496991972189875,0.4098992205860659,AC,9.3
0.12876818213242336,0.4187616502599698,AC,9.4
0.1325937483189793,0.4277188652779795,AC,9.5
0.13644670859414787,0.4367708656400953,AC,9.600000000000001
0.14032715124648354,0.4459176513463167,AC,9.7
0.14423516247522117,0.4551592223966444,AC,9.8
0.1481708263236492,0.46449557879107783,AC,9.9
0.1521342246111388,0.47392672052961715,AC,10
0.15612543686379066,0.48345264761226264,AC,10.100000000000001
0.16014454024368796,0.49307336003901364,AC,10.2
0.16419160947672373,0.5027888578098709,AC,10.3
0.1682667167789782,0.5125991409248339,AC,10.4
0.17236993178162718,0.522504209383903,AC,10.5
0.17650132145434583,0.532504063187078,AC,10.600000000000001
0.18066095002719185,0.5425987023343586,AC,10.7
0.18484887891093593,0.5527881268257455,AC,10.8
0.1890651666158114,0.5630723366612381,AC,10.9
0.19330986866866473,0.5734513318408367,AC,11
0.19758303752846285,0.5839251123645413,AC,11.1
0.20188472250015121,0.5944936782323519,AC,11.200000000000001
0.2062149696468103,0.6051570294442682,AC,11.3
0.21057382170010208,0.6159151660002905,AC,11.4
0.21496131796896223,0.6267680879004187,AC,11.5
0.2193774942465161,0.6377157951446528,AC,11.6
0.22382238271518573,0.648758287732993,AC,11.700000000000001
0.22829601184995618,0.6598955656654389,AC,11.8
0.232798406319771,0.671127628941991,AC,11.9
0.23732958688702266,0.6824544775626488,AC,12
0.24188957030510982,0.6938761115274125,AC,12.1
0.24647836921402333,0.7053925308362824,AC,12.200000000000001
0.2510959920339304,0.7170037354892579,AC,12.3
0.25574244285672254,0.7287097254863395,AC,12.4
0.2604177213354917,0.7405105008275268,AC,12.5
0.2651218225719014,0.7524060615128204,AC,12.600000000000001
0.26985473700141505,0.7643964075422196,AC,12.700000000000001
0.27461645027634374,0.7764815389157249,AC,12.8
0.27940694314668413,0.7886614556333359,AC,12.9
0.28422619133869786,0.800936157695053,AC,13
0.289074165431205,0.8133056451008762,AC,13.100000000000001
0.29395083072954376,0.8257699178508051,AC,13.200000000000001
0.2988561471371656,0.8383289759448399,AC,13.3
0.30379006902481964,0.8509828193829806,AC,13.4
0.30875254509728833,0.8637314481652273,AC,13.5
0.3137435182576318,0.8765748622915801,AC,13.600000000000001
0.3187629254689026,0.8895130617620386,AC,13.700000000000001
0.3238106976132853,0.9025460465766031,AC,13.8
0.3288867593486158,0.9156738167352734,AC,13.9
0.3339910289622403,0.9288963722380497,AC,14
0.3391234182221723,0.9422137130849321,AC,14.100000000000001
0.3442838322254911,0.9556258392759203,AC,14.200000000000001
0.3494721692439484,0.9691327508110142,AC,14.3
0.35468832056672905,0.9827344476902142,AC,14.4
0.35993217034032,0.9964309299135201,AC,14.5
0.36520359540543934,1.0102221974809322,AC,14.600000000000001
0.37050246513098006,1.02410825039245,AC,14.700000000000001
0.3758286412449112,1.0380890886480736,AC,14.8
0.3811819776620935,1.052164712247803,AC,14.9
0.38656232030895143,1.0663351211916385,AC,15
0.3919695069449587,1.0806003154795802,AC,15.100000000000001
0.3974033669808754,1.0949602951116275,AC,15.200000000000001
0.4028637212936854,1.109415060087781,AC,15.3
0.4083503820381802,1.1239646104080403,AC,15.4
0.4138631524551406,1.1386089460724051,AC,15.5
0.4194018266760453,1.1533480670808764,AC,15.600000000000001
0.4249661895242616,1.1681819734334535,AC,15.700000000000001
0.4305560163126525,1.1831106651301364,AC,15.8
0.4361710726375494,1.198134142170925,AC,15.9
0.4418111141690233,1.21325240455582,AC,16
0.44747588643739356,1.2284654522848208,AC,16.1
0.4531651246159156,1.2437732853579277,AC,16.200000000000003
0.4588785532995918,1.2591759037751398,AC,16.3
0.4646158862800178,1.2746733075364582,AC,16.4
0.47037682631623223,1.2902654966418827,AC,16.5
0.4761610649014798,1.3059524710914134,AC,16.6
0.48196828202582376,1.3217342308850497,AC,16.700000000000003
0.4877981459345586,1.3376107760227915,AC,16.8
0.49365031288232397,1.3535821065046394,AC,16.9
0.49952442688287935,1.3696482223305937,AC,17
0.505420119454449,1.3858091235006538,AC,17.1
0.5113370093605694,1.4020648100148199,AC,17.200000000000003
0.5172747023463755,1.4184152818730913,AC,17.3
0.5232327908702337,1.4348605390754687,AC,17.4
0.5292108538306632,1.4514005816219526,AC,17.5
0.5352084562884611,1.4680354095125423,AC,17.6
0.5412251491839459,1.484765022747238,AC,17.700000000000003
0.5472604690492595,1.5015894213260392,AC,17.8
0.5533139377156298,1.5185086052489463,AC,17.9
0.5593850620155174,1.5355225745159595,AC,18
0.5654733334795645,1.5526313291270792,AC,18.1
0.571578228028268,1.5698348690823045,AC,18.200000000000003
0.5776992056582746,1.5871331943816351,AC,18.3
0.5838357101232352,1.6045263050250715,AC,18.4
0.5899871686090998,1.6220142010126148,AC,18.5
0.5961529914037949,1.6395968823442637,AC,18.6
0.6023325715611725,1.6572743490200188,AC,18.700000000000003
0.6085252845591405,1.6750466010398792,AC,18.8
0.6147304879518893,1.692913638403845,AC,18.9
0.6209475210161108,1.710875461111918,AC,19
0.6271757043911177,1.7289320691640966,AC,19.1
0.6334143397127643,1.7470834625603806,AC,19.2
0.6396627092410676,1.765329641300771,AC,19.3
0.6459200754814245,1.7836706053852676,AC,19.400000000000002
0.6521856807993354,1.8021063548138694,AC,19.5
0.6584587470285115,1.8206368895865777,AC,19.6
0.6647384750722738,1.839262209703391,AC,19.7
0.6710240444981284,1.8579823151643113,AC,19.8
0.6773146131254135,1.8767972059693374,AC,19.900000000000002
0.6836093166059105,1.8957068821184686,AC,20
0.6899072679972842,1.9147113436117065,AC,20.1
0.6962075573292759,1.9338105904490497,AC,20.2
0.7025092511625042,1.9530046226304996,AC,20.3
0.7088113921397547,1.9722934401560552,AC,20.400000000000002
0.7151129985296616,1.9916770430257162,AC,20.5
0.7214130637626375,2.0111554312394837,AC,20.6
0.727710555958935,2.0307286047973565,AC,20.7
0.734004417448729,2.0503965636993358,AC,20.8
0.7402935642840585,2.0701593079454215,AC,20.900000000000002
0.7465768857425381,2.090016837535612,AC,21
0.7528532438226789,2.1099691524699087,AC,21.1
0.7591214727307021,2.1300162527483115,AC,21.2
0.7653803783586985,2.1501581383708204,AC,21.3
0.7716287377540101,2.1703948093374352,AC,21.400000000000002
0.7778652985796755,2.190726265648155,AC,21.5
0.7840887785658208,2.211152507302982,AC,21.6
0.7902978649518273,2.231673534301914,AC,21.7
0.7964912139191576,2.2522893466449525,AC,21.8
0.8026674500146629,2.2729999443320974,AC,21.900000000000002
0.8088251655642402,2.293805327363347,AC,22
0.8149629200766895,2.3147054957387034,AC,22.1
0.8210792396375997,2.335700449458166,AC,22.200000000000003
0.8271726162931095,2.3567901885217335,AC,22.3
0.8332415074234083,2.3779747129294075,AC,22.400000000000002
0.8392843351057704,2.3992540226811867,AC,22.5
0.8452994854669975,2.4206281177770728,AC,22.6
0.8512853080250906,2.442096998217065,AC,22.700000000000003
0.8572401150199567,2.463660664001162,AC,22.8
0.8631621807330321,2.4853191151293657,AC,22.900000000000002
0.8690497407955724,2.507072351601675,AC,23
0.874900991485521,2.52892037341809,AC,23.1
0.8807140890126903,2.550863180578612,AC,23.200000000000003
0.8864871487921291,2.5729007730832385,AC,23.3
0.8922182447054636,2.595033150931972,AC,23.400000000000002
0.8979054083500442,2.617260314124811,AC,23.5
0.9035466282756728,2.6395822626617558,AC,23.6
0.9091398492087648,2.6619989965428075,AC,23.700000000000003
0.9146829712636886,2.684510515767964,AC,23.8
0.9201738491411389,2.707116820337227,AC,23.900000000000002
0.9256102913133146,2.729817910250595,AC,24
0.9309900591956781,2.75261378550807,AC,24.1
0.9363108663051203,2.7755044461096503,AC,24.200000000000003
0.9415703774042976,2.7984898920553363,AC,24.3
0.9467662076319279,2.8215701233451296,AC,24.400000000000002
0.9518959216188279,2.844745139979027,AC,24.5
0.9569570325894743,2.8680149419570315,AC,24.6
0.9619470014488423,2.891379529279142,AC,24.700000000000003
0.9668632358543379,2.914838901945358,AC,24.8
0.9717030892725136,2.93839305995568,AC,24.900000000000002
0.9764638600204236,2.962042003310107,AC,25
0.9811427902913143,2.9857857320086416,AC,25.1
0.9857370651644057,3.0096242460512816,AC,25.200000000000003
0.9902438115985763,3.033557545438027,AC,25.3
0.9946600974096125,3.0575856301688784,AC,25.400000000000002
0.998982930230853,3.0817085002438356,AC,25.5
1.0032092564569206,3.1059261556628996,AC,25.6
1.0073359601702654,3.130238596426069,AC,25.700000000000003
1.0113598620503135,3.1546458225333436,AC,25.8
1.0152777182648887,3.1791478339847252,AC,25.900000000000002
1.0190862193436612,3.203744630780212,AC,26
1.0227819890333567,3.228436212919805,AC,26.1
1.026361583134399,3.253222580403505,AC,26.200000000000003
1.0298214883187446,3.278103733231309,AC,26.3
1.0331581209286131,3.3030796714032205,AC,26.400000000000002
1.0363678257557627,3.3281503949192364,AC,26.5
1.0394468748010937,3.3533159037793596,AC,26.6
1.0423914660142142,3.3785761979835884,AC,26.700000000000003
1.0451977220126683,3.4039312775319224,AC,26.8
1.0478616887805439,3.429381142424363,AC,26.900000000000002
1.0503793343460952,3.454925792660909,AC,27
1.0527465474380984,3.480565228241562,AC,27.1
1.054959136120587,3.5062994491663204,AC,27.200000000000003
1.0570128264056278,3.532128455435184,AC,27.3
1.0589032608438211,3.5580522470481544,AC,27.400000000000002
1.0606259970921812,3.58407082400523,AC,27.5
1.0621765064590134,3.6101841863064124,AC,27.6
1.0635501724254786,3.6363923339517004,AC,27.700000000000003
1.0647422891434504,3.6626952669410935,AC,27.8
1.065748059909322,3.6890929852745935,AC,27.900000000000002
1.0665625956133997,3.7155854889521986,AC,28
1.0671809131644636,3.7421727779739107,AC,28.1
1.0675979338891635,3.7688548523397283,AC,28.200000000000003
1.067808481905847,3.795631712049651,AC,28.3
1.067807282472402,3.822503357103681,AC,28.400000000000002
1.0675889603077637,3.8494697875018153,AC,28.5
1.0671480378866232,3.876531003244057,AC,28.6
1.066478933706982,3.9036870043304046,AC,28.700000000000003
1.065575960530099,3.930937790760857,AC,28.8
1.064433323592417,3.958283362535416,AC,28.900000000000002
1.0630451187890477,3.9857237196540805,AC,29
1.0614053308283697,4.013258862116851,AC,29.1
1.059507831357294,4.040888789923729,AC,29.200000000000003
1.0573463770567555,4.068613503074711,AC,29.3
1.0549146077069613,4.0964330015698,AC,29.400000000000002
1.0522060442219994,4.1243472854089935,AC,29.5
1.0492140866531772,4.152356354592294,AC,29.6
1.0459320121608542,4.180460209119701,AC,29.700000000000003
1.0423529729540064,4.208658848991212,AC,29.8
1.038469994197289,4.236952274206831,AC,29.900000000000002
1.0342759718849646,4.265340484766554,AC,30
1.0297636706811328,4.293823480670385,AC,30.1
1.0249257217259267,4.322401261918321,AC,30.200000000000003
1.0197546204070314,4.351073828510362,AC,30.3
1.0142427240959506,4.37984118044651,AC,30.400000000000002
1.0083822498486867,4.408703317726764,AC,30.5
1.0021652720700054,4.437660240351124,AC,30.6
0.9955837201410063,4.466711948319589,AC,30.700000000000003
0.988629376009305,4.495858441632161,AC,30.8
0.9812938717411583,4.525099720288838,AC,30.900000000000002
0.9735686870352165,4.554435784289621,AC,31
0.9654451466970961,4.583866633634511,AC,31.1
0.9569144180742075,4.613392268323506,AC,31.200000000000003
0.9479675084503931,4.643012688356607,AC,31.3
0.9385952623994953,4.672727893733814,AC,31.400000000000002
0.9287883590975223,4.702537884455126,AC,31.5
0.9185373095925744,4.732442660520546,AC,31.6
0.9078324540319258,4.762442221930071,AC,31.700000000000003
0.8966639588457319,4.7925365686837,AC,31.8
0.8850218138865493,4.8227257007814375,AC,31.900000000000002
0.8728958295240581,4.85300961822328,AC,32
0.8602756336943802,4.883388321009229,AC,32.1
0.8471506689031507,4.913861809139283,AC,32.2
0.8335101891817835,4.944430082613442,AC,32.3
0.8193432569961931,4.975093141431711,AC,32.400000000000006
0.8046387401071389,5.005850985594082,AC,32.5
0.7893853083816023,5.036703615100559,AC,32.6
0.7735714305544352,5.067651029951144,AC,32.7
0.7571853709394247,5.098693230145833,AC,32.8
0.7402151860890935,5.12983021568463,AC,32.900000000000006
0.7226487214025124,5.161061986567531,AC,33
0.7044736076801374,5.192388542794539,AC,33.1
0.6856772576251338,5.223809884365654,AC,33.2
0.6662468622901798,5.2553260112808715,AC,33.3
0.6461693874690049,5.286936923540199,AC,33.400000000000006
0.625431570031866,5.318642621143629,AC,33.5
0.6040199142039615,5.350443104091166,AC,33.6
0.5819206877861429,5.382338372382811,AC,33.7
0.5591199183168793,5.414328426018558,AC,33.8
0.5356033891746641,5.446413264998416,AC,33.900000000000006
0.5113566356199595,5.478592889322375,AC,34
0.486364940775724,5.510867298990442,AC,34.1
0.4606133315456624,5.543236494002615,AC,34.2
0.43408657446923016,5.575700474358892,AC,34.3
0.40676917151243686,5.6082592400592794,AC,34.400000000000006
0.37864535579350544,5.640912791103768,AC,34.5
0.3496990872422838,5.673661127492365,AC,34.6
0.31991404819268077,5.706504249225068,AC,34.7
0.2892736389068169,5.739442156301875,AC,34.8
0.2577609730300541,5.772474848722792,AC,34.900000000000006
0.22535887297584978,5.8056023264878105,AC,35
0.19204986523921974,5.838824589596936,AC,35.1
0.15781617563798989,5.872141638050169,AC,35.2
0.1226397244805355,5.905553471847508,AC,35.300000000000004
0.08650212165905558,5.93906009098895,AC,35.4
0.04938466166710498,5.9726614954745,AC,35.5
0.011268318540498257,6.006357685304157,AC,35.6
-0.027866259279939243,6.040148660477919,AC,35.7
-0.06803875416452954,6.074034420995787,AC,35.800000000000004
-0.10926918459129809,6.108014966857759,AC,35.9
-0.15157791052401848,6.142090298063838,AC,36
-0.19498563887286835,6.176260414614024,AC,36.1
-0.23951342903923845,6.210525316508317,AC,36.2
-0.2851826985455794,6.244885003746714,AC,36.300000000000004
-0.332015228751807,6.2793394763292145,AC,36.4
-0.3800331706595088,6.3138887342558245,AC,36.5
-0.42925905080523563,6.3485327775265405,AC,36.6
-0.4797157772441416,6.383271606141361,AC,36.7
-0.5314266456255936,6.418105220100289,AC,36.800000000000004
-0.5844153453617871,6.45303361940332,AC,36.9
-0.6387059658909315,6.488056804050459,AC,37
-0.694323003036466,6.523174774041704,AC,37.1
-0.7512913654635582,6.558387529377055,AC,37.2
-0.8096363812346397,6.593695070056513,AC,37.300000000000004
-0.8693838044650661,6.629097396080073,AC,37.4
-0.9305598220807454,6.664594507447742,AC,37.5
-0.9931910606790666,6.700186404159517,AC,37.6
-1.0573045934946599,6.735873086215396,AC,37.7
-1.1229279474717693,6.771654553615384,AC,37.800000000000004
-1.1900891104444753,6.807530806359473,AC,37.9
-1.258816538426796,6.843501844447672,AC,38
-1.3291391630137923,6.879567667879976,AC,38.1
-1.4010863988959024,6.915728276656386,AC,38.2
-1.4746881514876797,6.951983670776903,AC,38.300000000000004
-1.5499748246730967,6.988333850241522,AC,38.4
-1.6269773286687474,7.024778815050251,AC,38.5
-1.705727088006892,7.061318565203084,AC,38.6
-1.7862560496402544,7.097953100700025,AC,38.7
-1.8685966911700191,7.13468242154107,AC,38.800000000000004
-1.9527820291993727,7.171506527726219,AC,38.9
-2.0388456278139344,7.2084254192554775,AC,39
-2.126821607191296,7.245439096128841,AC,39.1
-2.2167446523415393,7.282547558346311,AC,39.2
-2.308650021980476,7.319750805907885,AC,39.300000000000004
-2.402573557538016,7.357048838813564,AC,39.4
-2.4985516923031064,7.394441657063352,AC,39.5
-2.5966214607077838,7.431929260657245,AC,39.6
-2.696820507752026,7.469511649595244,AC,39.7
-2.7991870985718066,7.50718882387735,AC,39.800000000000004
-2.9037601281520864,7.544960783503559,AC,39.9
-3.010579131187555,7.582827528473874,AC,40
-3.119684292092373,7.620789058788298,AC,40.1
-3.2311164551620237,7.658845374446826,AC,40.2
-3.3449171348890196,7.6969964754494615,AC,40.300000000000004
-3.461128526434777,7.735242361796199,AC,40.4
-3.5797935162603807,7.7735830334870455,AC,40.5
-3.7009556929179013,7.812018490521998,AC,40.6
-3.824659358005338,7.850548732901056,AC,40.7
-3.950949537287123,7.889173760624221,AC,40.800000000000004
-4.079871991982838,7.927893573691489,AC,40.9
-4.211473230226801,7.966708172102865,AC,41
-4.3458005187005995,8.005617555858347,AC,41.1
-4.482901894441596,8.044621724957935,AC,41.2
-4.622826176829726,8.083720679401628,AC,41.300000000000004
-4.7656229797553635,8.12291441918943,AC,41.400000000000006
-4.9113427239707335,8.162202944321331,AC,41.5
-5.060036649628117,8.201586254797343,AC,41.6
-5.211756829006724,8.241064350617462,AC,41.7
-5.366556179431939,8.280637231781686,AC,41.800000000000004
-5.524488476389173,8.320304898290015,AC,41.900000000000006
-5.685608366835389,8.360067350142447,AC,42
0.003886877788146559,1950.8150137900047,CH,3
0.00550886996978292,1952.4755474016968,CH,3.1
0.007120469847166494,1954.1360810133885,CH,3.2
0.008721755484338206,1955.7966146250806,CH,3.3
0.010312804371432394,1957.4571482367724,CH,3.4
0.01189369342890731,1959.1176818484644,CH,3.5
0.013464499011744874,1960.7782154601562,CH,3.6
0.015025296913619507,1962.4387490718482,CH,3.7
0.016576162371035763,1964.09928268354,CH,3.8
0.018117170067435934,1965.759816295232,CH,3.9
0.019648394137277536,1967.4203499069238,CH,4
0.02116990817007991,1969.0808835186158,CH,4.1
0.022681785214441974,1970.7414171303076,CH,4.2
0.024184097782029707,1972.4019507419996,CH,4.3
0.025676917851534614,1974.0624843536916,CH,4.4
0.027160316872602813,1975.7230179653834,CH,4.5
0.02863436576973527,1977.3835515770752,CH,4.6
0.030099134946159234,1979.0440851887672,CH,4.7
0.03155469428767116,1980.7046188004592,CH,4.8
0.03300111316645157,1982.365152412151,CH,4.9
0.03443846044485094,1984.025686023843,CH,5
0.035866804479148945,1985.6862196355348,CH,5.1
0.0372862131232852,1987.3467532472268,CH,5.2
0.03869675373256229,1989.0072868589186,CH,5.300000000000001
0.040098493167322447,1990.6678204706106,CH,5.4
0.04149149779659608,1992.3283540823024,CH,5.5
0.042875833501724275,1993.9888876939945,CH,5.6
0.044251565679953975,1995.6494213056862,CH,5.7
0.045618759248007096,1997.3099549173783,CH,5.800000000000001
0.04697747864562313,1998.97048852907,CH,5.9
0.04832778783907554,2000.631022140762,CH,6
0.049669750324662726,2002.2915557524539,CH,6.1
0.051003429132172456,2003.9520893641459,CH,6.2
0.05232888682832165,2005.6126229758377,CH,6.300000000000001
0.0536461855201702,2007.2731565875297,CH,6.4
0.054955386858509786,2008.9336901992215,CH,6.5
0.056256552041228036,2010.5942238109135,CH,6.6
0.057549741816647154,2012.2547574226053,CH,6.7
0.05883501648683895,2013.9152910342973,CH,6.800000000000001
0.0601124359109145,2015.575824645989,CH,6.9
0.06138205950829012,2017.236358257681,CH,7
0.06264394626192923,2018.896891869373,CH,7.1000000000000005
0.06389815472155999,2020.557425481065,CH,7.2
0.0651447430068697,2022.2179590927567,CH,7.3
0.06638376881067506,2023.8784927044487,CH,7.4
0.06761528940206993,2025.5390263161405,CH,7.5
0.06883936162954896,2027.1995599278325,CH,7.6000000000000005
0.07005604192410869,2028.8600935395243,CH,7.7
0.07126538630232593,2030.5206271512163,CH,7.800000000000001
0.07246745036941313,2032.1811607629081,CH,7.9
0.07366228932225133,2033.8416943746001,CH,8
0.07484995795240085,2035.502227986292,CH,8.100000000000001
0.07603051064908975,2037.162761597984,CH,8.2
0.07720400140218026,2038.823295209676,CH,8.3
0.07837048380511305,2040.4838288213678,CH,8.4
0.07953001105783078,2042.1443624330595,CH,8.5
0.08068263596967859,2043.8048960447516,CH,8.600000000000001
0.08182841096228469,2045.4654296564433,CH,8.7
0.08296738807241882,2047.1259632681354,CH,8.8
0.08409961895482976,2048.786496879827,CH,8.9
0.0852251548850625,2050.4470304915194,CH,9
0.08634404676225384,2052.107564103211,CH,9.100000000000001
0.08745634511190774,2053.768097714903,CH,9.2
0.08856210008865076,2055.4286313265948,CH,9.3
0.08966136147896603,2057.0891649382866,CH,9.4
0.09075417870390826,2058.749698549979,CH,9.5
0.09184060082179783,2060.4102321616706,CH,9.600000000000001
0.0929206765308957,2062.0707657733624,CH,9.7
0.09399445417205812,2063.7312993850546,CH,9.8
0.09506198173137202,2065.3918329967464,CH,9.9
0.09612330684277107,2067.052366608438,CH,10
0.09717847679063214,2068.71290022013,CH,10.100000000000001
0.09822753851235284,2070.3734338318222,CH,10.2
0.09927053860091029,2072.033967443514,CH,10.3
0.10030752330740025,2073.694501055206,CH,10.4
0.10133853854355872,2075.3550346668976,CH,10.5
0.10236362988426376,2077.01556827859,CH,10.600000000000001
0.10338284257001983,2078.6761018902816,CH,10.7
0.10439622150942317,2080.3366355019734,CH,10.8
0.10540381128160918,2081.997169113665,CH,10.9
0.10640565613868226,2083.6577027253575,CH,11
0.10740180000812688,2085.3182363370493,CH,11.1
0.10839228649520158,2086.978769948741,CH,11.200000000000001
0.10937715888531496,2088.639303560433,CH,11.3
0.1103564601463843,2090.299837172125,CH,11.4
0.11133023293117691,2091.960370783817,CH,11.5
0.11229851957963394,2093.6209043955087,CH,11.6
0.11326136212117725,2095.2814380072004,CH,11.700000000000001
0.11421880227699928,2096.9419716188927,CH,11.8
0.11517088146233605,2098.6025052305845,CH,11.9
0.11611764078872329,2100.2630388422763,CH,12
0.11705912106623613,2101.923572453968,CH,12.1
0.11799536280571211,2103.5841060656603,CH,12.200000000000001
0.11892640622095793,2105.244639677352,CH,12.3
0.11985229123093986,2106.905173289044,CH,12.4
0.12077305746195813,2108.5657069007357,CH,12.5
0.121688744249805,2110.226240512428,CH,12.600000000000001
0.12259939064190752,2111.8867741241197,CH,12.700000000000001
0.12350503539945365,2113.5473077358115,CH,12.8
0.12440571699950352,2115.2078413475033,CH,12.9
0.12530147363708471,2116.8683749591955,CH,13
0.1261923432272721,2118.5289085708873,CH,13.100000000000001
0.1270783634072525,2120.189442182579,CH,13.200000000000001
0.12795957153837417,2121.849975794271,CH,13.3
0.12883600470818074,2123.510509405963,CH,13.4
0.12970769973243101,2125.171043017655,CH,13.5
0.1305746931571029,2126.8315766293467,CH,13.600000000000001
0.1314370212603833,2128.492110241039,CH,13.700000000000001
0.13229472005464313,2130.1526438527308,CH,13.8
0.13314782528839747,2131.8131774644226,CH,13.9
0.133996372448252,2133.4737110761143,CH,14
0.1348403967608341,2135.1342446878066,CH,14.100000000000001
0.13567993319471056,2136.7947782994984,CH,14.200000000000001
0.13651501646229097,2138.45531191119,CH,14.3
0.13734568102171668,2140.115845522882,CH,14.4
0.13817196107873625,2141.776379134574,CH,14.5
0.1389938905885671,2143.436912746266,CH,14.600000000000001
0.13981150325774305,2145.097446357958,CH,14.700000000000001
0.1406248325459486,2146.7579799696496,CH,14.8
0.1414339116678397,2148.418513581342,CH,14.9
0.14223877359485082,2150.0790471930336,CH,15
0.14303945105698906,2151.7395808047254,CH,15.100000000000001
0.14383597654461466,2153.400114416417,CH,15.200000000000001
0.14462838231020875,2155.0606480281094,CH,15.3
0.14541670037012766,2156.721181639801,CH,15.4
0.146200962506345,2158.381715251493,CH,15.5
0.14698120026818007,2160.042248863185,CH,15.600000000000001
0.14775744497401389,2161.702782474877,CH,15.700000000000001
0.14852972771299303,2163.363316086569,CH,15.8
0.14929807934672001,2165.0238496982606,CH,15.9
0.15006253051093194,2166.6843833099524,CH,16
0.15082311161716655,2168.3449169216447,CH,16.1
0.15157985285441583,2170.0054505333364,CH,16.200000000000003
0.15233278419076773,2171.6659841450282,CH,16.3
0.1530819353750355,2173.32651775672,CH,16.4
0.15382733593837541,2174.9870513684123,CH,16.5
0.1545690151958919,2176.647584980104,CH,16.6
0.15530700224823166,2178.308118591796,CH,16.700000000000003
0.15604132598316528,2179.968652203488,CH,16.8
0.15677201507715816,2181.62918581518,CH,16.9
0.1574990979969284,2183.2897194268717,CH,17
0.15822260300099478,2184.9502530385635,CH,17.1
0.1589425581412121,2186.6107866502552,CH,17.200000000000003
0.15965899126429628,2188.2713202619475,CH,17.3
0.16037193001333702,2189.9318538736393,CH,17.4
0.1610814018293006,2191.592387485331,CH,17.5
0.1617874339525205,2193.2529210970233,CH,17.6
0.16249005342417747,2194.913454708715,CH,17.700000000000003
0.16318928708776922,2196.573988320407,CH,17.8
0.16388516159056837,2198.2345219320987,CH,17.9
0.16457770338507005,2199.8950555437905,CH,18
0.1652669387304292,2201.5555891554827,CH,18.1
0.16595289369388644,2203.2161227671745,CH,18.200000000000003
0.16663559415218443,2204.8766563788663,CH,18.3
0.167315065792973,2206.5371899905585,CH,18.4
0.16799133411620423,2208.1977236022503,CH,18.5
0.16866442443551732,2209.858257213942,CH,18.6
0.1693343618796131,2211.518790825634,CH,18.700000000000003
0.17000117139361856,2213.1793244373257,CH,18.8
0.1706648777404412,2214.839858049018,CH,18.9
0.17132550550211348,2216.5003916607097,CH,19
0.17198307908112725,2218.1609252724015,CH,19.1
0.17263762270175853,2219.8214588840938,CH,19.2
0.17328916041138254,2221.4819924957856,CH,19.3
0.17393771608177847,2223.1425261074774,CH,19.400000000000002
0.1745833134104257,2224.803059719169,CH,19.5
0.17522597592178946,2226.4635933308614,CH,19.6
0.17586572696859737,2228.124126942553,CH,19.7
0.17650258973310717,2229.784660554245,CH,19.8
0.17713658722836376,2231.4451941659368,CH,19.900000000000002
0.17776774229944847,2233.105727777629,CH,20
0.17839607762471812,2234.766261389321,CH,20.1
0.17902161571703523,2236.4267950010126,CH,20.2
0.17964437892498936,2238.0873286127044,CH,20.3
0.18026438943410905,2239.7478622243966,CH,20.400000000000002
0.1808816692680655,2241.4083958360884,CH,20.5
0.18149624028986647,2243.06892944778,CH,20.6
0.18210812420304212,2244.729463059472,CH,20.7
0.18271734255282193,2246.3899966711642,CH,20.8
0.18332391672730258,2248.050530282856,CH,20.900000000000002
0.18392786795860777,2249.711063894548,CH,21
0.1845292173240393,2251.3715975062396,CH,21.1
0.18512798574721928,2253.032131117932,CH,21.2
0.18572419399922457,2254.6926647296236,CH,21.3
0.18631786269971246,2256.3531983413154,CH,21.400000000000002
0.18690901231803803,2258.013731953007,CH,21.5
0.18749766317436362,2259.6742655646995,CH,21.6
0.1880838354407596,2261.3347991763912,CH,21.7
0.1886675491422975,2262.995332788083,CH,21.8
0.18924882415813507,2264.655866399775,CH,21.900000000000002
0.18982768022259267,2266.316400011467,CH,22
0.19040413692622296,2267.976933623159,CH,22.1
0.1909782137168713,2269.6374672348506,CH,22.200000000000003
0.19154992990072944,2271.298000846543,CH,22.3
0.19211930464338098,2272.9585344582347,CH,22.400000000000002
0.19268635697083902,2274.6190680699265,CH,22.5
0.1932511057705766,2276.2796016816183,CH,22.6
0.193813569792549,2277.9401352933105,CH,22.700000000000003
0.19437376765020878,2279.6006689050023,CH,22.8
0.19493171782151364,2281.261202516694,CH,22.900000000000002
0.19548743864992624,2282.921736128386,CH,23
0.19604094834540725,2284.582269740078,CH,23.1
0.1965922649854005,2286.24280335177,CH,23.200000000000003
0.1971414065158113,2287.9033369634617,CH,23.3
0.19768839075197758,2289.5638705751535,CH,23.400000000000002
0.19823323537963344,2291.2244041868453,CH,23.5
0.19877595795586622,2292.8849377985375,CH,23.6
0.19931657591006577,2294.5454714102293,CH,23.700000000000003
0.19985510654486743,2296.206005021921,CH,23.8
0.20039156703708777,2297.8665386336133,CH,23.900000000000002
0.20092597443865312,2299.527072245305,CH,24
0.20145834567752208,2301.187605856997,CH,24.1
0.2019886975586002,2302.8481394686887,CH,24.200000000000003
0.20251704676464877,2304.508673080381,CH,24.3
0.20304340985718655,2306.1692066920727,CH,24.400000000000002
0.2035678032773848,2307.8297403037645,CH,24.5
0.20409024334695583,2309.4902739154563,CH,24.6
0.204610746269035,2311.1508075271486,CH,24.700000000000003
0.2051293281290562,2312.8113411388404,CH,24.8
0.20564600489562093,2314.471874750532,CH,24.900000000000002
0.20616079242136098,2316.132408362224,CH,25
0.20667370644379437,2317.792941973916,CH,25.1
0.2071847625861758,2319.453475585608,CH,25.200000000000003
0.20769397635834003,2321.1140091972998,CH,25.3
0.20820136315753937,2322.774542808992,CH,25.400000000000002
0.20870693826927528,2324.435076420684,CH,25.5
0.20921071686812312,2326.0956100323756,CH,25.6
0.20971271401855174,2327.7561436440674,CH,25.700000000000003
0.2102129446757361,2329.416677255759,CH,25.8
0.2107114236863648,2331.0772108674514,CH,25.900000000000002
0.2112081657894408,2332.737744479143,CH,26
0.21170318561707704,2334.398278090835,CH,26.1
0.21219649769528548,2336.0588117025272,CH,26.200000000000003
0.2126881164447608,2337.719345314219,CH,26.3
0.21317805618165847,2339.379878925911,CH,26.400000000000002
0.2136663311183662,2341.0404125376026,CH,26.5
0.21415295536427098,2342.7009461492944,CH,26.6
0.21463794292651914,2344.3614797609866,CH,26.700000000000003
0.21512130771077215,2346.0220133726784,CH,26.8
0.2156030635219556,2347.68254698437,CH,26.900000000000002
0.21608322406500358,2349.3430805960625,CH,27
0.2165618029455971,2351.0036142077543,CH,27.1
0.21703881367089722,2352.664147819446,CH,27.200000000000003
0.21751426965027282,2354.324681431138,CH,27.3
0.2179881841960228,2355.98521504283,CH,27.400000000000002
0.21846057052409326,2357.645748654522,CH,27.5
0.21893144175478918,2359.3062822662137,CH,27.6
0.21940081091348101,2360.9668158779054,CH,27.700000000000003
0.21986869093130565,2362.6273494895977,CH,27.8
0.22033509464586307,2364.2878831012895,CH,27.900000000000002
0.22080003480190682,2365.9484167129813,CH,28
0.22126352405203045,2367.608950324673,CH,28.1
0.2217255749573478,2369.2694839363653,CH,28.200000000000003
0.22218619998816927,2370.930017548057,CH,28.3
0.22264541152467246,2372.590551159749,CH,28.400000000000002
0.22310322185756828,2374.2510847714407,CH,28.5
0.2235596431887618,2375.911618383133,CH,28.6
0.22401468763200824,2377.5721519948247,CH,28.700000000000003
0.2244683672135649,2379.2326856065165,CH,28.8
0.22492069387283675,2380.8932192182083,CH,28.900000000000002
0.2253716794630191,2382.5537528299005,CH,29
0.2258213357517339,2384.2142864415923,CH,29.1
0.22626967442166251,2385.874820053284,CH,29.200000000000003
0.22671670707117308,2387.535353664976,CH,29.3
0.22716244521494394,2389.195887276668,CH,29.400000000000002
0.22760690028458172,2390.85642088836,CH,29.5
0.22805008362923526,2392.5169545000517,CH,29.6
0.2284920065162053,2394.1774881117435,CH,29.700000000000003
0.22893268013154905,2395.8380217234358,CH,29.8
0.22937211558068074,2397.4985553351275,CH,29.900000000000002
0.2298103238889676,2399.1590889468193,CH,30
0.23024731600232157,2400.8196225585116,CH,30.1
0.2306831027877864,2402.4801561702034,CH,30.200000000000003
0.2311176950341207,2404.140689781895,CH,30.3
0.2315511034523765,2405.801223393587,CH,30.400000000000002
0.23198333867647372,2407.4617570052787,CH,30.5
0.2324144112637702,2409.122290616971,CH,30.6
0.23284433169562768,2410.782824228663,CH,30.700000000000003
0.23327311037797369,2412.4433578403546,CH,30.8
0.2337007576418589,2414.103891452047,CH,30.900000000000002
0.234127283744011,2415.7644250637386,CH,31
0.23455269886738395,2417.4249586754304,CH,31.1
0.23497701312170333,2419.085492287122,CH,31.200000000000003
0.2354002365440079,2420.746025898814,CH,31.3
0.23582237909918674,2422.406559510506,CH,31.400000000000002
0.23624345068051306,2424.067093122198,CH,31.5
0.2366634611101733,2425.72762673389,CH,31.6
0.23708242013979308,2427.388160345582,CH,31.700000000000003
0.23750033745095867,2429.048693957274,CH,31.8
0.237917222655735,2430.7092275689656,CH,31.900000000000002
0.23833308529717984,2432.3697611806574,CH,32
0.2387479348498539,2434.030294792349,CH,32.1
0.2391617807203274,2435.6908284040414,CH,32.2
0.23957463224768297,2437.3513620157332,CH,32.3
0.23998649870401462,2439.0118956274255,CH,32.400000000000006
0.24039738929492335,2440.6724292391173,CH,32.5
0.24080731316000867,2442.332962850809,CH,32.6
0.2412162793733569,2443.993496462501,CH,32.7
0.24162429694402565,2445.6540300741926,CH,32.8
0.24203137481652495,2447.314563685885,CH,32.900000000000006
0.24243752187129447,2448.9750972975767,CH,33
0.2428427469251776,2450.6356309092685,CH,33.1
0.24324705873189179,2452.2961645209607,CH,33.2
0.24365046598249565,2453.9566981326525,CH,33.3
0.2440529773058523,2455.6172317443443,CH,33.400000000000006
0.24445460126908952,2457.277765356036,CH,33.5
0.24485534637805662,2458.938298967728,CH,33.6
0.2452552210777777,2460.59883257942,CH,33.7
0.24565423375290146,2462.259366191112,CH,33.8
0.24605239272814844,2463.9198998028037,CH,33.900000000000006
0.24644970626875368,2465.5804334144955,CH,34
0.24684618258090774,2467.2409670261877,CH,34.1
0.2472418298121928,2468.9015006378795,CH,34.2
0.2476366560520169,2470.5620342495713,CH,34.3
0.24803066933204407,2472.222567861263,CH,34.400000000000006
0.24842387762662202,2473.8831014729553,CH,34.5
0.2488162888532058,2475.543635084647,CH,34.6
0.2492079108727795,2477.204168696339,CH,34.7
0.24959875149027358,2478.8647023080307,CH,34.8
0.24998881845498033,2480.525235919723,CH,34.900000000000006
0.25037811946096483,2482.1857695314147,CH,35
0.2507666621474749,2483.8463031431065,CH,35.1
0.2511544540993458,2485.5068367547983,CH,35.2
0.25154150284740356,2487.1673703664906,CH,35.300000000000004
0.2519278158688648,2488.8279039781823,CH,35.4
0.2523134005877335,2490.488437589874,CH,35.5
0.2526982643751946,2492.1489712015664,CH,35.6
0.25308241455000574,2493.809504813258,CH,35.7
0.253465858378885,2495.47003842495,CH,35.800000000000004
0.25384860307689605,2497.1305720366418,CH,35.9
0.2542306558078312,2498.7911056483335,CH,36
0.2546120236845903,2500.451639260026,CH,36.1
0.25499271376955823,2502.1121728717176,CH,36.2
0.2553727330749787,2503.77270648341,CH,36.300000000000004
0.2557520885633255,2505.4332400951016,CH,36.4
0.25613078714767135,2507.0937737067934,CH,36.5
0.25650883569205357,2508.754307318485,CH,36.6
0.2568862410118372,2510.414840930177,CH,36.7
0.25726300987407585,2512.075374541869,CH,36.800000000000004
0.25763914899786905,2513.735908153561,CH,36.9
0.25801466505471793,2515.396441765253,CH,37
0.2583895646688776,2517.0569753769446,CH,37.1
0.258763854417707,2518.717508988637,CH,37.2
0.2591375408320168,2520.3780426003286,CH,37.300000000000004
0.2595106303964136,2522.0385762120204,CH,37.4
0.25988312954964304,2523.699109823712,CH,37.5
0.2602550446849288,2525.359643435404,CH,37.6
0.2606263821503106,2527.0201770470962,CH,37.7
0.2609971482489785,2528.680710658788,CH,37.800000000000004
0.2613673492396054,2530.34124427048,CH,37.9
0.2617369913366774,2532.001777882172,CH,38
0.26210608071082037,2533.662311493864,CH,38.1
0.26247462348912587,2535.3228451055556,CH,38.2
0.2628426257554733,2536.9833787172474,CH,38.300000000000004
0.26321009355085045,2538.643912328939,CH,38.4
0.26357703287367146,2540.3044459406315,CH,38.5
0.263943449680092,2541.9649795523233,CH,38.6
0.26430934988432303,2543.6255131640155,CH,38.7
0.2646747393589417,2545.2860467757073,CH,38.800000000000004
0.26503962393519964,2546.946580387399,CH,38.9
0.2654040094033298,2548.607113999091,CH,39
0.26576790151285046,2550.2676476107827,CH,39.1
0.2661313059728668,2551.928181222475,CH,39.2
0.2664942284523713,2553.5887148341667,CH,39.300000000000004
0.26685667458054024,2555.2492484458585,CH,39.4
0.2672186499470301,2556.9097820575507,CH,39.5
0.2675801601022697,2558.5703156692425,CH,39.6
0.26794121055775155,2560.2308492809343,CH,39.7
0.26830180678632093,2561.891382892626,CH,39.800000000000004
0.26866195422246203,2563.551916504318,CH,39.9
0.26902165826258284,2565.21245011601,CH,40
0.2693809242652977,2566.872983727702,CH,40.1
0.2697397575517074,2568.5335173393937,CH,40.2
0.2700981634056778,2570.194050951086,CH,40.300000000000004
0.2704561470741158,2571.8545845627777,CH,40.4
0.27081371376724406,2573.5151181744695,CH,40.5
0.27117086865887263,2575.1756517861613,CH,40.6
0.27152761688666965,2576.836185397853,CH,40.7
0.2718839635524294,2578.4967190095454,CH,40.800000000000004
0.2722399137223385,2580.157252621237,CH,40.9
0.2725954724272405,2581.817786232929,CH,41
0.2729506446628977,2583.478319844621,CH,41.1
0.27330543539025204,2585.138853456313,CH,41.2
0.2736598495356835,2586.7993870680048,CH,41.300000000000004
0.2740138919912665,2588.4599206796966,CH,41.400000000000006
0.27436756761502484,2590.1204542913883,CH,41.5
0.2747208812311845,2591.7809879030806,CH,41.6
0.27507383763042453,2593.4415215147724,CH,41.7
0.275426441570126,2595.1020551264646,CH,41.800000000000004
0.2757786977746199,2596.7625887381564,CH,41.900000000000006
0.2761306109354318,2598.423122349848,CH,42
0.007094965426474531,0.021381040135983923,CS,3
0.0095677285539022,0.022121504708848955,CS,3.1
0.012059520392913747,0.022863760458165527,CS,3.2
0.014570426276041937,0.02360780738393364,CS,3.3
0.017100530615479226,0.024353645486153295,CS,3.4
0.019649916865318695,0.025101274764824492,CS,3.5
0.022218667482972687,0.025850695219947234,CS,3.6
0.02480686388975295,0.02660190685152151,CS,3.7
0.027414586430595134,0.02735490965954733,CS,3.8
0.030041914332916253,0.028109703644024698,CS,3.9
0.032688925664585144,0.028866288804953604,CS,4
0.03535569729099197,0.02962466514233405,CS,4.1
0.038042304831200524,0.030384832656166046,CS,4.2
0.04074882261316504,0.03114679134644957,CS,4.3
0.04347532362799711,0.03191054121318465,CS,4.4
0.04622187948326273,0.03267608225637127,CS,4.5
0.048988560355293975,0.03344341447600942,CS,4.6
0.05177543494049719,0.034212537872099116,CS,4.7
0.054582570405638076,0.03498345244464036,CS,4.8
0.05741003233708819,0.03575615819363315,CS,4.9
0.06025788468901139,0.03653065511907747,CS,5
0.06312618973047202,0.03730694322097333,CS,5.1
0.06601500799144733,0.03808502249932074,CS,5.2
0.06892439820772112,0.0388648929541197,CS,5.300000000000001
0.07185441726464148,0.03964655458537018,CS,5.4
0.07480512013972174,0.040430007393072225,CS,5.5
0.07777655984406295,0.041215251377225794,CS,5.6
0.0807687873625772,0.04200228653783091,CS,5.7
0.08378185159299145,0.04279111287488758,CS,5.800000000000001
0.08681579928360972,0.04358173038839577,CS,5.9
0.08987067496981072,0.044374139078355516,CS,6
0.09294652090925992,0.0451683389447668,CS,6.1
0.09604337701581189,0.04596432998762963,CS,6.2
0.09916128079208053,0.046762112206944005,CS,6.300000000000001
0.10230026726065444,0.04756168560270991,CS,6.4
0.10546036889393129,0.048363050174927355,CS,6.5
0.10864161554255003,0.04916620592359636,CS,6.6
0.11184403436239132,0.04997115284871689,CS,6.7
0.1150676497401284,0.05077789095028898,CS,6.800000000000001
0.11831248321729404,0.05158642022831259,CS,6.9
0.12157855341284585,0.05239674068278775,CS,7
0.12486587594419807,0.05320885231371446,CS,7.1000000000000005
0.1281744633466939,0.054022755121092704,CS,7.2
0.13150432499149523,0.054838449104922485,CS,7.3
0.13485546700185458,0.05565593426520382,CS,7.4
0.1382278921677491,0.056475210601936686,CS,7.5
0.14162159985884115,0.0572962781151211,CS,7.6000000000000005
0.1450365859357431,0.058119136804757054,CS,7.7
0.1484728426595482,0.05894378667084456,CS,7.800000000000001
0.15193035859960635,0.0597702277133836,CS,7.9
0.15540911853950934,0.06059845993237417,CS,8
0.15890910338125375,0.06142848332781631,CS,8.100000000000001
0.16243029004755372,0.06226029789970995,CS,8.2
0.16597265138226758,0.06309390364805517,CS,8.3
0.16953615604890881,0.06392930057285191,CS,8.4
0.17312076842720625,0.0647664886741002,CS,8.5
0.17672644850768038,0.06560546795180004,CS,8.600000000000001
0.18035315178420241,0.0664462384059514,CS,8.7
0.1840008291445,0.06728880003655432,CS,8.8
0.18766942675857345,0.06813315284360878,CS,8.9
0.19135888596499206,0.06897929682711477,CS,9
0.195069143155025,0.06982723198707233,CS,9.100000000000001
0.19880012965457572,0.07067695832348139,CS,9.2
0.20255177160388604,0.07152847583634203,CS,9.3
0.2063239898349567,0.07238178452565419,CS,9.4
0.21011669974666625,0.07323688439141789,CS,9.5
0.21392981117752818,0.07409377543363316,CS,9.600000000000001
0.21776322827606198,0.07495245765229994,CS,9.7
0.22161684936872872,0.07581293104741829,CS,9.8
0.22549056682539037,0.07667519561898815,CS,9.9
0.229384266922255,0.07753925136700957,CS,10
0.23329782970225987,0.07840509829148254,CS,10.100000000000001
0.2372311288328508,0.07927273639240702,CS,10.2
0.24118403146111622,0.08014216566978308,CS,10.3
0.24515639806622547,0.08101338612361066,CS,10.4
0.24914808230913077,0.08188639775388978,CS,10.5
0.2531589308794817,0.08276120056062046,CS,10.600000000000001
0.25718878333971085,0.08363779454380264,CS,10.7
0.26123747196623737,0.08451617970343642,CS,10.8
0.26530482158774005,0.08539635603952171,CS,10.9
0.26939064942045476,0.08627832355205854,CS,11
0.27349476490044244,0.08716208224104692,CS,11.1
0.2776169695127748,0.08804763210648685,CS,11.200000000000001
0.28175705661759176,0.08893497314837831,CS,11.3
0.28591481127297036,0.08982410536672131,CS,11.4
0.29009001005455914,0.09071502876151584,CS,11.5
0.2942824208719159,0.09160774333276193,CS,11.6
0.2984918027815,0.09250224908045956,CS,11.700000000000001
0.302717905796259,0.09339854600460873,CS,11.8
0.3069604706917519,0.09429663410520944,CS,11.9
0.31121922880875763,0.09519651338226169,CS,12
0.31549390185229687,0.0960981838357655,CS,12.1
0.3197842016870225,0.09700164546572085,CS,12.200000000000001
0.32408983012890613,0.09790689827212773,CS,12.3
0.32841047873316276,0.09881394225498615,CS,12.4
0.3327458285783549,0.0997227774142961,CS,12.5
0.3370955500466015,0.10063340375005762,CS,12.600000000000001
0.3414593025998387,0.10154582126227066,CS,12.700000000000001
0.3458367345520612,0.10246002995093524,CS,12.8
0.3502274828374714,0.10337602981605137,CS,12.9
0.3546311727744831,0.10429382085761904,CS,13
0.35904741782549143,0.10521340307563827,CS,13.100000000000001
0.3634758193523575,0.10613477647010902,CS,13.200000000000001
0.367915966367522,0.10705794104103133,CS,13.3
0.37236743528068317,0.10798289678840517,CS,13.4
0.3768297896409627,0.10890964371223054,CS,13.5
0.38130257987448446,0.10983818181250748,CS,13.600000000000001
0.38578534301729084,0.11076851108923594,CS,13.700000000000001
0.39027760244352194,0.11170063154241594,CS,13.8
0.3947788675887691,0.11263454317204749,CS,13.9
0.39928863366854084,0.11357024597813056,CS,14
0.40380638139173874,0.11450773996066521,CS,14.100000000000001
0.40833157666907915,0.1154470251196514,CS,14.200000000000001
0.41286367031636706,0.1163881014550891,CS,14.3
0.41740209775254167,0.11733096896697837,CS,14.4
0.42194627869240175,0.11827562765531917,CS,14.5
0.4264956168339322,0.11922207752011152,CS,14.600000000000001
0.4310494995401313,0.1201703185613554,CS,14.700000000000001
0.4356072975152616,0.12112035077905083,CS,14.8
0.4401683644754204,0.12207217417319778,CS,14.9
0.4447320368133416,0.12302578874379629,CS,15
0.44929763325733574,0.12398119449084635,CS,15.100000000000001
0.45386445452426916,0.12493839141434794,CS,15.200000000000001
0.4584317829664888,0.12589737951430108,CS,15.3
0.462998882212579,0.12685815879070575,CS,15.4
0.4675649968018778,0.12782072924356197,CS,15.5
0.4721293518126124,0.12878509087286974,CS,15.600000000000001
0.47669115248358507,0.12975124367862906,CS,15.700000000000001
0.48124958382928407,0.1307191876608399,CS,15.8
0.48580381024830843,0.13168892281950226,CS,15.9
0.4903529751250215,0.1326604491546162,CS,16
0.4948962004242843,0.13363376666618168,CS,16.1
0.4994325862792004,0.13460887535419871,CS,16.200000000000003
0.503961210571719,0.13558577521866721,CS,16.3
0.5084811285060018,0.1365644662595873,CS,16.4
0.5129913721744341,0.13754494847695894,CS,16.5
0.5174909501161458,0.13852722187078215,CS,16.6
0.5219788468679396,0.13951128644105687,CS,16.700000000000003
0.5264540225074925,0.14049714218778314,CS,16.8
0.5309154121887014,0.1414847891109609,CS,16.9
0.5353619256690567,0.14247422721059028,CS,17
0.5397924468288995,0.1434654564866712,CS,17.1
0.5442058331824429,0.14445847693920363,CS,17.200000000000003
0.548600915380425,0.14545328856818757,CS,17.3
0.5529764967042372,0.14644989137362308,CS,17.4
0.5573313525514239,0.14744828535551013,CS,17.5
0.5616642299123709,0.14844847051384874,CS,17.6
0.5659738468380877,0.1494504468486389,CS,17.700000000000003
0.5702588918988962,0.15045421435988057,CS,17.8
0.5745180236339067,0.15145977304757377,CS,17.9
0.5787498699911207,0.15246712291171854,CS,18
0.5829530277580073,0.15347626395231487,CS,18.1
0.5871260619824068,0.15448719616936274,CS,18.200000000000003
0.5912675053836032,0.1554999195628621,CS,18.3
0.5953758577534036,0.15651443413281302,CS,18.4
0.5994495853470574,0.1575307398792155,CS,18.5
0.6034871202638681,0.15854883680206952,CS,18.6
0.6074868598173198,0.1595687249013751,CS,18.700000000000003
0.6114471658945471,0.1605904041771322,CS,18.8
0.6153663643049936,0.1616138746293408,CS,18.9
0.6192427441180537,0.162639136258001,CS,19
0.6230745569895562,0.16366618906311273,CS,19.1
0.626860016476884,0.16469503304467598,CS,19.2
0.6305972973425629,0.1657256682026908,CS,19.3
0.6342845348461275,0.16675809453715718,CS,19.400000000000002
0.6379198240240678,0.16779231204807507,CS,19.5
0.6415012189576843,0.16882832073544451,CS,19.6
0.6450267320286427,0.16986612059926548,CS,19.7
0.648494333162037,0.170905711639538,CS,19.8
0.6519019490567595,0.17194709385626208,CS,19.900000000000002
0.6552474624029654,0.17299026724943767,CS,20
0.6585287110864484,0.1740352318190648,CS,20.1
0.6617434873796908,0.17508198756514348,CS,20.2
0.6648895371193939,0.1761305344876737,CS,20.3
0.667964558870267,0.1771808725866555,CS,20.400000000000002
0.6709662030748431,0.1782330018620888,CS,20.5
0.6738920711891234,0.17928692231397364,CS,20.6
0.6767397148038001,0.18034263394231004,CS,20.7
0.6795066347508385,0.18140013674709798,CS,20.8
0.6821902801951918,0.18245943072833748,CS,20.900000000000002
0.6847880477113821,0.18352051588602847,CS,21
0.6872972803447537,0.18458339222017103,CS,21.1
0.6897152666571031,0.18564805973076512,CS,21.2
0.6920392397564754,0.18671451841781078,CS,21.3
0.694266376310865,0.187782768281308,CS,21.400000000000002
0.6963937955455348,0.1888528093212567,CS,21.5
0.698418558223751,0.18992464153765698,CS,21.6
0.7003376656106162,0.1909982649305088,CS,21.7
0.7021480584197528,0.19207367949981216,CS,21.8
0.7038466157425818,0.1931508852455671,CS,21.900000000000002
0.7054301539598837,0.19422988216777348,CS,22
0.7068954256353828,0.1953106702664315,CS,22.1
0.7082391183910755,0.19639324954154103,CS,22.200000000000003
0.7094578537639928,0.19747761999310207,CS,22.3
0.7105481860441318,0.19856378162111468,CS,22.400000000000002
0.7115066010932014,0.19965173442557882,CS,22.5
0.7123295151439581,0.20074147840649453,CS,22.6
0.713013273579755,0.20183301356386177,CS,22.700000000000003
0.7135541496940205,0.20292633989768052,CS,22.8
0.7139483434293683,0.20402145740795086,CS,22.900000000000002
0.7141919800959524,0.20511836609467268,CS,23
0.7142811090688204,0.20621706595784609,CS,23.1
0.7142117024638686,0.20731755699747106,CS,23.200000000000003
0.713979653792093,0.2084198392135475,CS,23.3
0.7135807765917956,0.20952391260607556,CS,23.400000000000002
0.7130108030383564,0.2106297771750551,CS,23.5
0.7122653825312808,0.21173743292048622,CS,23.6
0.7113400802581147,0.21284687984236889,CS,23.700000000000003
0.7102303757348754,0.21395811794070305,CS,23.8
0.7089316613226471,0.2150711472154888,CS,23.900000000000002
0.707439240719923,0.21618596766672604,CS,24
0.7057483274303582,0.21730257929441488,CS,24.1
0.7038540432055198,0.21842098209855526,CS,24.200000000000003
0.7017514164622405,0.21954117607914717,CS,24.3
0.699435380674192,0.22066316123619062,CS,24.400000000000002
0.6969007727372363,0.2217869375696856,CS,24.5
0.6941423313082131,0.22291250507963212,CS,24.6
0.6911546951166443,0.22403986376603022,CS,24.700000000000003
0.6879324012490269,0.2251690136288798,CS,24.8
0.6844698834052343,0.22629995466818098,CS,24.900000000000002
0.6807614701265718,0.22743268688393364,CS,25
0.676801382995091,0.22856721027613788,CS,25.1
0.672583734803677,0.22970352484479367,CS,25.200000000000003
0.6681025276964512,0.23084163058990098,CS,25.3
0.6633516512790472,0.23198152751145984,CS,25.400000000000002
0.6583248806982462,0.23312321560947022,CS,25.5
0.653015874690535,0.2342666948839322,CS,25.6
0.6474181735990783,0.2354119653348457,CS,25.700000000000003
0.6415251973586029,0.2365590269622107,CS,25.8
0.6353302434477159,0.23770787976602728,CS,25.900000000000002
0.6288264848081102,0.23885852374629538,CS,26
0.6220069677301803,0.24001095890301505,CS,26.1
0.6148646097044956,0.24116518523618624,CS,26.200000000000003
0.6073921972385952,0.24232120274580898,CS,26.3
0.5995823836385954,0.24347901143188327,CS,26.400000000000002
0.5914276867550035,0.2446386112944091,CS,26.5
0.582920486692224,0.24580000233338647,CS,26.6
0.5740530234811958,0.24696318454881538,CS,26.700000000000003
0.5648173947145265,0.24812815794069581,CS,26.8
0.5552055531436126,0.24929492250902782,CS,26.900000000000002
0.5452093042370851,0.2504634782538113,CS,27
0.5348203037000312,0.2516338251750464,CS,27.1
0.5240300549533421,0.2528059632727331,CS,27.200000000000003
0.5128299065725885,0.2539798925468712,CS,27.3
0.5012110496857858,0.2551556129974609,CS,27.400000000000002
0.48916451532938954,0.2563331246245021,CS,27.5
0.4766811717619017,0.2575124274279949,CS,27.6
0.46375172173441737,0.2586935214079392,CS,27.700000000000003
0.45036669971741183,0.2598764065643351,CS,27.8
0.4365164690831609,0.2610610828971825,CS,27.900000000000002
0.42219121924298175,0.2622475504064814,CS,28
0.4073809627387348,0.26343580909223197,CS,28.1
0.39207553228775005,0.264625858954434,CS,28.200000000000003
0.37626457778056643,0.2658176999930875,CS,28.3
0.35993756323063497,0.2670113322081927,CS,28.400000000000002
0.34308376367531146,0.2682067555997493,CS,28.5
0.32569226202739543,0.2694039701677575,CS,28.6
0.3077519458764115,0.27060297591221727,CS,28.700000000000003
0.28925150423879664,0.27180377283312857,CS,28.8
0.2701794242563782,0.2730063609304914,CS,28.900000000000002
0.25052398784212393,0.27421074020430575,CS,29
0.23027326827249084,0.2754169106545717,CS,29.1
0.20941512672549756,0.2766248722812892,CS,29.200000000000003
0.18793720876368702,0.2778346250844581,CS,29.3
0.1658269407611339,0.27904616906407864,CS,29.400000000000002
0.14307152627354114,0.2802595042201507,CS,29.5
0.11965794235073623,0.28147463055267435,CS,29.6
0.09557293579047155,0.28269154806164953,CS,29.700000000000003
0.07080301933270938,0.2839102567470762,CS,29.8
0.04533446779353412,0.2851307566089545,CS,29.900000000000002
0.019153314137634325,0.28635304764728425,CS,30
-0.007754654511591852,0.2875771298620656,CS,30.1
-0.035403900925055964,0.2888030032532985,CS,30.200000000000003
-0.06380914188545361,0.29003066782098286,CS,30.3
-0.09298535236985828,0.2912601235651188,CS,30.400000000000002
-0.12294776979866917,0.2924913704857063,CS,30.5
-0.1537118983518191,0.29372440858274534,CS,30.6
-0.18529351335332933,0.29495923785623596,CS,30.700000000000003
-0.2177086657252243,0.29619585830617806,CS,30.8
-0.25097368651192653,0.2974342699325717,CS,30.900000000000002
-0.2851051914762479,0.2986744727354169,CS,31
-0.32012008576792894,0.2999164667147137,CS,31.1
-0.35603556866602126,0.301160251870462,CS,31.200000000000003
-0.39286913839620574,0.3024058282026618,CS,31.3
-0.4306385970240747,0.3036531957113132,CS,31.400000000000002
-0.46936205542576914,0.3049023543964161,CS,31.5
-0.5090579383369622,0.30615330425797055,CS,31.6
-0.5497449894815531,0.3074060452959766,CS,31.700000000000003
-0.5914422767811214,0.3086605775104341,CS,31.8
-0.6341691976465906,0.30991690090134316,CS,31.900000000000002
-0.6779454843532591,0.3111750154687038,CS,32
-0.7227912095004019,0.312434921212516,CS,32.1
-0.7687267915569134,0.3136966181327797,CS,32.2
-0.8157730004942483,0.3149601062294949,CS,32.3
-0.8639509635079143,0.31622538550266177,CS,32.400000000000006
-0.91328217082898,0.31749245595228004,CS,32.5
-0.9637884816270379,0.3187613175783499,CS,32.6
-1.0154921300057946,0.3200319703808714,CS,32.7
-1.0684157310930367,0.32130441435984425,CS,32.8
-1.1225822872260487,0.3225786495152688,CS,32.900000000000006
-1.1780151942343924,0.32385467584714484,CS,33
-1.2347382478210491,0.32513249335547245,CS,33.1
-1.2927756500439163,0.32641210204025156,CS,33.2
-1.3521520158987599,0.32769350190148216,CS,33.3
-1.4128923800055713,0.3289766929391645,CS,33.400000000000006
-1.4750222033995808,0.3302616751532982,CS,33.5
-1.5385673804288658,0.3315484485438835,CS,33.6
-1.6035542457597511,0.33283701311092034,CS,33.7
-1.6700095814922165,0.33412736885440864,CS,33.8
-1.737960624386389,0.3354195157743487,CS,33.900000000000006
-1.8074350732024254,0.3367134538707401,CS,34
-1.8784610961549326,0.3380091831435831,CS,34.1
-1.9510673384842363,0.3393067035928776,CS,34.2
-2.0252829301457993,0.34060601521862366,CS,34.3
-2.101137493620005,0.3419071180208214,CS,34.400000000000006
-2.1786611518438015,0.3432100119994705,CS,34.5
-2.257884536266431,0.3445146971545712,CS,34.6
-2.3388387950307603,0.3458211734861235,CS,34.7
-2.4215556012823853,0.34712944099412724,CS,34.8
-2.506067161608506,0.3484394996785827,CS,34.900000000000006
-2.5924062246082578,0.3497513495394895,CS,35
-2.6806060895969495,0.3510649905768479,CS,35.1
-2.770700615445705,0.3523804227906579,CS,35.2
-2.862724229559234,0.3536976461809194,CS,35.300000000000004
-2.9567119369931056,0.3550166607476324,CS,35.4
-3.0526993297134872,0.356337466490797,CS,35.5
-3.15072259600057,0.3576600634104132,CS,35.6
-3.250818529998895,0.35898445150648084,CS,35.7
-3.3530245414158912,0.3603106307790001,CS,35.800000000000004
-3.457378665371632,0.36163860122797076,CS,35.9
-3.563919572401499,0.36296836285339307,CS,36
-3.6726865786147087,0.364299915655267,CS,36.1
-3.783719656010419,0.3656332596335924,CS,36.2
-3.8970594429544683,0.3669683947883693,CS,36.300000000000004
-4.012747254818599,0.3683053211195977,CS,36.4
-4.1308250947851946,0.3696440386272777,CS,36.5
-4.251335664819528,0.3709845473114093,CS,36.6
-4.374322376812543,0.3723268471719924,CS,36.7
-4.499829363896428,0.373670938209027,CS,36.800000000000004
-4.62790149193582,0.37501682042251316,CS,36.9
-4.758584371197241,0.37636449381245085,CS,37
-4.891924368199277,0.37771395837884014,CS,37.1
-5.027968617746847,0.379065214121681,CS,37.2
-5.166765035151524,0.38041826104097337,CS,37.300000000000004
-5.3083623286416,0.38177309913671714,CS,37.4
-5.45281001196399,0.3831297284089126,CS,37.5
-5.6001584171815715,0.38448814885755955,CS,37.6
-5.750458707668432,0.38584836048265814,CS,37.7
-5.9037628913064495,0.3872103632842082,CS,37.800000000000004
-6.060123833885715,0.3885741572622097,CS,37.9
-6.219595272712677,0.38993974241666285,CS,38
-6.382231830428246,0.3913071187475676,CS,38.1
-6.54808902904,0.3926762862549238,CS,38.2
-6.717223304170815,0.39404724493873156,CS,38.300000000000004
-6.889692019528123,0.3954199947989908,CS,38.4
-7.065553481596222,0.3967945358357017,CS,38.5
-7.244866954555967,0.39817086804886404,CS,38.6
-7.4276926754343044,0.399548991438478,CS,38.7
-7.614091869488256,0.40092890600454345,CS,38.800000000000004
-7.804126765825718,0.4023106117470604,CS,38.9
-7.997860613267736,0.40369410866602906,CS,39
-8.195357696455154,0.4050793967614491,CS,39.1
-8.396683352203667,0.4064664760333208,CS,39.2
-8.601903986111285,0.407855346481644,CS,39.300000000000004
-8.8110870894213,0.40924600810641865,CS,39.4
-9.024301256145687,0.4106384609076449,CS,39.5
-9.241616200451542,0.41203270488532273,CS,39.6
-9.463102774316209,0.41342874003945207,CS,39.7
-9.688832985453367,0.414826566370033,CS,39.800000000000004
-9.918880015515786,0.41622618387706534,CS,39.9
-10.15331823857769,0.4176275925605494,CS,40
-10.392223239901988,0.4190307924204849,CS,40.1
-10.635671834995694,0.42043578345687194,CS,40.2
-10.88374208895895,0.42184256566971057,CS,40.300000000000004
-11.136513336130982,0.42325113905900064,CS,40.4
-11.394066200038715,0.4246615036247423,CS,40.5
-11.656482613651228,0.4260736593669356,CS,40.6
-11.923845839946118,0.42748760628558036,CS,40.7
-12.196240492791233,0.4289033443806767,CS,40.800000000000004
-12.473752558147602,0.4303208736522245,CS,40.9
-12.756469415597408,0.4317401941002239,CS,41
-13.04447986020297,0.4331613057246748,CS,41.1
-13.337874124700605,0.43458420852557733,CS,41.2
-13.636743902035732,0.43600890250293134,CS,41.300000000000004
-13.941182368242906,0.43743538765673695,CS,41.400000000000006
-14.251284205677536,0.438863663986994,CS,41.5
-14.567145626603185,0.44029373149370266,CS,41.6
-14.888864397140736,0.44172559017686286,CS,41.7
-15.216539861584877,0.44315924003647456,CS,41.800000000000004
-15.550272967092553,0.4445946810725379,CS,41.900000000000006
-15.890166288750386,0.4460319132850526,CS,42
-0.03532455601000717,2.1588625926677554,TT,3
-0.03258946477164304,2.305185501726348,TT,3.1
-0.029838221567620615,2.4563058832130906,TT,3.2
-0.027070731358973865,2.6122237371279833,TT,3.3
-0.024286898549094604,2.7729390634710276,TT,3.4
-0.021486626980467882,2.938451862242222,TT,3.5
-0.018669819931387388,3.1087621334415676,TT,3.6
-0.015836380112653203,3.2838698770690633,TT,3.7
-0.012986209664249126,3.4637750931247093,TT,3.8
-0.010119210152000568,3.648477781608506,TT,3.9
-0.007235282564213685,3.8379779425204537,TT,4
-0.004334327308294084,4.0322755758605515,TT,4.1
-0.0014162442073462067,4.231370681628801,TT,4.2
0.0015190675032471512,4.435263259825199,TT,4.3
0.004471709179265981,4.643953310449749,TT,4.4
0.007441782771112848,4.857440833502449,TT,4.5
0.01042939082729466,5.075725828983299,TT,4.6
0.013434636497923647,5.298808296892302,TT,4.7
0.01645762353823854,5.526688237229453,TT,4.8
0.019498456312148416,5.759365649994757,TT,4.9
0.022557239795793604,5.996840535188209,TT,5
0.025634079581131286,6.239112892809812,TT,5.1
0.02872908187953971,6.486182722859567,TT,5.2
0.031842353525443734,6.738050025337473,TT,5.300000000000001
0.03497400197996203,6.9947148002435275,TT,5.4
0.03812413533457537,7.256177047577733,TT,5.5
0.04129286231481699,7.522436767340088,TT,5.6
0.0444802922839832,7.793493959530597,TT,5.7
0.047686535246866835,8.069348624149256,TT,5.800000000000001
0.050911701853511904,8.350000761196062,TT,5.9
0.05415590340299026,8.635450370671022,TT,6
0.05741925184720109,8.925697452574129,TT,6.1
0.060701859794691226,9.220742006905391,TT,6.2
0.06400384051449914,9.520584033664804,TT,6.300000000000001
0.0673253079400199,9.825223532852362,TT,6.4
0.07066637667289488,10.134660504468073,TT,6.5
0.07402716198692205,10.448894948511933,TT,6.6
0.07740777983198999,10.767926864983949,TT,6.7
0.0808083468380354,11.091756253884114,TT,6.800000000000001
0.0842289803190227,11.420383115212427,TT,6.9
0.08766979827694732,11.753807448968889,TT,7
0.0911309194058636,12.092029255153507,TT,7.1000000000000005
0.0946124630959333,12.43504853376627,TT,7.2
0.09811454943750098,12.782865284807185,TT,7.3
0.10163729922519138,13.135479508276253,TT,7.4
0.1051808339620307,13.49289120417347,TT,7.5
0.10874527586359306,13.855100372498839,TT,7.6000000000000005
0.11233074786217012,14.222107013252357,TT,7.7
0.11593737361096501,14.593911126434028,TT,7.800000000000001
0.11956527748831247,14.970512712043845,TT,7.9
0.12321458460192114,15.351911770081815,TT,8
0.12688542079314258,15.738108300547943,TT,8.100000000000001
0.13057791264126417,16.129102303442206,TT,8.2
0.1342921874678279,16.524893778764632,TT,8.3
0.1380283733409733,16.925482726515202,TT,8.4
0.14178659907980706,17.330869146693924,TT,8.5
0.14556699425879716,17.7410530393008,TT,8.600000000000001
0.14936968921219285,18.156034404335816,TT,8.7
0.15319481503847143,18.575813241798997,TT,8.8
0.15704250360480865,19.000389551690322,TT,8.9
0.16091288755157884,19.429763334009795,TT,9
0.16480610029687726,19.86393458875743,TT,9.100000000000001
0.16872227604107237,20.302903315933197,TT,9.2
0.17266154977138282,20.74666951553713,TT,9.3
0.17662405726648078,21.195233187569208,TT,9.4
0.180609935101124,21.648594332029433,TT,9.5
0.18461932065081332,22.10675294891782,TT,9.600000000000001
0.18865235209647813,22.56970903823434,TT,9.7
0.19270916842918895,23.03746259997903,TT,9.8
0.1967899094548976,23.510013634151854,TT,9.9
0.20089471579920504,23.987362140752836,TT,10
0.20502372891215748,24.469508119781974,TT,10.100000000000001
0.20917709107306914,24.95645157123925,TT,10.2
0.21335494539537592,25.448192495124687,TT,10.3
0.2175574358315131,25.94473089143827,TT,10.4
0.22178470717782672,26.446066760180003,TT,10.5
0.2260369050795097,26.95220010134989,TT,10.600000000000001
0.23031417603556759,27.463130914947918,TT,10.7
0.2346166674038157,27.97885920097411,TT,10.8
0.23894452740590144,28.499384959428443,TT,10.9
0.24329790513235983,29.024708190310932,TT,11
0.24767695054769567,29.55482889362157,TT,11.1
0.2520818144954977,30.089747069360364,TT,11.200000000000001
0.25651264870358037,30.6294627175273,TT,11.3
0.2609696057891575,31.173975838122388,TT,11.4
0.26545283926404517,31.723286431145624,TT,11.5
0.2699625035398957,32.27739449659702,TT,11.6
0.2744987539334611,32.83630003447656,TT,11.700000000000001
0.2790617466718883,33.40000304478425,TT,11.8
0.283651638898045,33.96850352752009,TT,11.9
0.28826858867587646,34.541801482684086,TT,12
0.29291275499579406,35.119896910276225,TT,12.1
0.29758429778009443,35.70278981029653,TT,12.200000000000001
0.30228337788841086,36.29048018274497,TT,12.3
0.30701015712319635,36.882968027621565,TT,12.4
0.31176479823524017,37.480253344926304,TT,12.5
0.31654746492921326,38.082336134659215,TT,12.600000000000001
0.3213583218692486,38.68921639682025,TT,12.700000000000001
0.3261975346845548,39.30089413140945,TT,12.8
0.33106526997506025,39.917369338426795,TT,12.9
0.33596169531709086,40.53864201787229,TT,13
0.3408869792690823,41.164712169745954,TT,13.100000000000001
0.34584129137732433,41.79557979404775,TT,13.200000000000001
0.35082480218173895,42.43124489077769,TT,13.3
0.3558376832216922,43.071707459935794,TT,13.4
0.3608801070418405,43.71696750152204,TT,13.5
0.3659522471980101,44.367025015536456,TT,13.600000000000001
0.3710542782631121,45.021880001979,TT,13.700000000000001
0.376186375833091,45.68153246084971,TT,13.8
0.3813487165329088,46.34598239214856,TT,13.9
0.3865414780225628,47.015229795875555,TT,14
0.39176483900313996,47.68927467203072,TT,14.100000000000001
0.39701897922290574,48.36811702061403,TT,14.200000000000001
0.4023040794834293,49.051756841625476,TT,14.3
0.4076203216457438,49.74019413506508,TT,14.4
0.4129678886365423,50.43342890093284,TT,14.5
0.4183469644544102,51.131461139228755,TT,14.600000000000001
0.42375773417609575,51.83429084995281,TT,14.700000000000001
0.4292003839628141,52.54191803310501,TT,14.8
0.43467510106659046,53.25434268868538,TT,14.9
0.4401820738366393,53.97156481669388,TT,15
0.44572149172578135,54.69358441713055,TT,15.100000000000001
0.4512935452968977,55.420401489995356,TT,15.200000000000001
0.45689842622942134,56.15201603528832,TT,15.3
0.46253632732586836,56.88842805300943,TT,15.4
0.46820744251840307,57.62963754315869,TT,15.5
0.4739119668754481,58.37564450573611,TT,15.600000000000001
0.47965009660832547,59.126448940741675,TT,15.700000000000001
0.4854220290779433,59.88205084817538,TT,15.8
0.4912279628015159,60.64245022803724,TT,15.9
0.4970680974593287,61.40764708032726,TT,16
0.502942633901537,62.177641405045435,TT,16.1
0.5088517741550082,62.95243320219177,TT,16.200000000000003
0.514795721430203,63.73202247176621,TT,16.3
0.5207746801280966,64.51640921376882,TT,16.4
0.5267888558471409,65.3055934281996,TT,16.5
0.5328384553902652,66.09957511505853,TT,16.6
0.5389236867719215,66.8983542743456,TT,16.700000000000003
0.5450447592251674,67.70193090606081,TT,16.8
0.5512018832087923,68.51030501020416,TT,16.9
0.5573952704144857,69.3234765867757,TT,17
0.5636251337740439,70.14144563577537,TT,17.1
0.5698916874666241,70.9642121572032,TT,17.200000000000003
0.5761951469260357,71.79177615105917,TT,17.3
0.5825357288480786,72.62413761734327,TT,17.4
0.5889136511979206,73.46129655605556,TT,17.5
0.5953291332175203,74.30325296719599,TT,17.6
0.6017823954330923,75.15000685076457,TT,17.700000000000003
0.6082736596626156,76.00155820676129,TT,17.8
0.6148031490233887,76.85790703518616,TT,17.9
0.6213710879396238,77.71905333603918,TT,18
0.6279777021500894,78.58499710932038,TT,18.1
0.6346232187157973,79.45573835502972,TT,18.200000000000003
0.641307866027731,80.33127707316719,TT,18.3
0.6480318738146245,81.21161326373279,TT,18.4
0.6547954731507812,82.09674692672658,TT,18.5
0.6615988964639422,82.98667806214851,TT,18.6
0.6684423775431988,83.88140666999861,TT,18.700000000000003
0.6753261515469522,84.78093275027683,TT,18.8
0.6822504550109183,85.68525630298319,TT,18.9
0.6892155258561814,86.59437732811773,TT,19
0.6962216033972918,87.50829582568043,TT,19.1
0.7032689283504131,88.42701179567125,TT,19.2
0.7103577428415178,89.35052523809024,TT,19.3
0.7174882904146279,90.27883615293739,TT,19.400000000000002
0.7246608160401038,91.21194454021266,TT,19.5
0.7318755661229871,92.14985039991612,TT,19.6
0.739132788511383,93.09255373204768,TT,19.7
0.7464327325048998,94.04005453660741,TT,19.8
0.7537756488631326,94.99235281359533,TT,19.900000000000002
0.7611617898141996,95.94944856301134,TT,20
0.7685914090633262,96.91134178485554,TT,20.1
0.7760647618014791,97.87803247912787,TT,20.2
0.7835821047140544,98.84952064582836,TT,20.3
0.7911436959896101,99.82580628495703,TT,20.400000000000002
0.7987497953286553,100.8068893965138,TT,20.5
0.806400663952489,101.79276998049875,TT,20.6
0.8140965646120876,102.7834480369118,TT,20.7
0.8218377615970497,103.77892356575308,TT,20.8
0.8296245207445878,104.77919656702248,TT,20.900000000000002
0.8374571094485759,105.78426704072001,TT,21
0.8453357966686496,106.7941349868457,TT,21.1
0.8532608529393555,107.80880040539954,TT,21.2
0.8612325503793622,108.82826329638155,TT,21.3
0.869251162700714,109.8525236597917,TT,21.400000000000002
0.8773169652181495,110.88158149562999,TT,21.5
0.8854302348584664,111.91543680389644,TT,21.6
0.8935912501699458,112.95408958459102,TT,21.7
0.9018002913318303,113.99753983771377,TT,21.8
0.9100576401638553,115.0457875632647,TT,21.900000000000002
0.918363580135839,116.09883276124373,TT,22
0.9267183963773274,117.15667543165094,TT,22.1
0.9351223756872937,118.2193155744863,TT,22.200000000000003
0.9435758065438966,119.28675318974977,TT,22.3
0.9520789791142968,120.35898827744145,TT,22.400000000000002
0.9606321852645248,121.43602083756123,TT,22.5
0.9692357185694136,122.5178508701092,TT,22.6
0.9778898743225855,123.60447837508531,TT,22.700000000000003
0.9865949495464961,124.69590335248955,TT,22.8
0.9953512430025413,125.79212580232196,TT,22.900000000000002
1.0041590552012176,126.8931457245825,TT,23
1.0130186884123482,127.99896311927121,TT,23.1
1.021930446675362,129.1095779863881,TT,23.200000000000003
1.030894635809637,130.22499032593308,TT,23.3
1.0399115634249045,131.34520013790623,TT,23.400000000000002
1.0489815389317096,132.47020742230754,TT,23.5
1.0581048735519392,133.600012179137,TT,23.6
1.0672818803294044,134.73461440839463,TT,23.700000000000003
1.0765128741404892,135.87401411008037,TT,23.8
1.0857981717048633,137.0182112841943,TT,23.900000000000002
1.0951380915962488,138.16720593073634,TT,24
1.1045329542532611,139.32099804970656,TT,24.1
1.1139830819903027,140.47958764110493,TT,24.200000000000003
1.1234887990085285,141.64297470493142,TT,24.3
1.133050431406869,142.81115924118612,TT,24.400000000000002
1.1426683071931232,143.98414124986888,TT,24.5
1.1523427562951132,145.1619207309799,TT,24.6
1.1620741105719024,146.344497684519,TT,24.700000000000003
1.1718627038250822,147.53187211048626,TT,24.8
1.1817088718101265,148.7240440088817,TT,24.900000000000002
1.1916129522478034,149.92101337970522,TT,25
1.2015752848356644,151.12278022295698,TT,25.1
1.2115962112595964,152.32934453863686,TT,25.200000000000003
1.2216760752054343,153.54070632674484,TT,25.3
1.2318152223706553,154.756865587281,TT,25.400000000000002
1.2420140004761286,155.9778223202453,TT,25.5
1.2522727592779426,157.2035765256378,TT,25.6
1.2625918505792924,158.43412820345844,TT,25.700000000000003
1.2729716282424461,159.66947735370718,TT,25.8
1.2834124482007754,160.9096239763841,TT,25.900000000000002
1.2939146684708551,162.15456807148917,TT,26
1.3044786491646398,163.4043096390224,TT,26.1
1.3151047525017028,164.65884867898382,TT,26.200000000000003
1.3257933428215538,165.9181851913733,TT,26.3
1.3365447865960265,167.182319176191,TT,26.400000000000002
1.3473594524417343,168.45125063343679,TT,26.5
1.358237711132606,169.72497956311076,TT,26.6
1.3691799356124883,171.00350596521292,TT,26.700000000000003
1.3801865010078243,172.28682983974318,TT,26.8
1.3912577846404077,173.5749511867016,TT,26.900000000000002
1.4023941660402077,174.86787000608817,TT,27
1.4135960269582721,176.1655862979029,TT,27.1
1.4248637513797031,177.46810006214582,TT,27.200000000000003
1.436197725536711,178.77541129881683,TT,27.3
1.447598337921745,180.087520007916,TT,27.400000000000002
1.4590659793006928,181.4044261894433,TT,27.5
1.4706010427261702,182.72612984339884,TT,27.6
1.4822039235508768,184.05263096978248,TT,27.700000000000003
1.4938750194410342,185.38392956859423,TT,27.8
1.5056147303899061,186.72002563983418,TT,27.900000000000002
1.5174234587313884,188.06091918350222,TT,28
1.5293016091536873,189.4066101995985,TT,28.1
1.541249588713073,190.75709868812288,TT,28.200000000000003
1.5532678068477135,192.11238464907538,TT,28.3
1.5653566753915924,193.47246808245612,TT,28.400000000000002
1.5775166085885022,194.8373489882649,TT,28.5
1.5897480231061256,196.2070273665019,TT,28.6
1.6020513380501933,197.58150321716707,TT,28.700000000000003
1.6144269749787277,198.96077654026033,TT,28.8
1.6268753579163726,200.3448473357818,TT,28.900000000000002
1.639396913368796,201.73371560373135,TT,29
1.6519920703371915,203.1273813441091,TT,29.1
1.6646612603328501,204.52584455691502,TT,29.200000000000003
1.677404917391828,205.929105242149,TT,29.3
1.6902234780896948,207.33716339981123,TT,29.400000000000002
1.7031173815563656,208.75001902990155,TT,29.5
1.7160870694910266,210.16767213242005,TT,29.6
1.729132986177142,211.59012270736673,TT,29.700000000000003
1.742255578497549,213.0173707547415,TT,29.8
1.7554552959496443,214.44941627454446,TT,29.900000000000002
1.7687325906606546,215.8862592667755,TT,30
1.782087917403002,217.3278997314348,TT,30.1
1.7955217336097515,218.7743376685222,TT,30.200000000000003
1.8090344993901561,220.2255730780377,TT,30.3
1.8226266775452873,221.68160595998143,TT,30.400000000000002
1.836298733583759,223.14243631435326,TT,30.5
1.8500511357375449,224.60806414115328,TT,30.6
1.8638843549778827,226.07848944038142,TT,30.700000000000003
1.877798865031275,227.5537122120377,TT,30.8
1.8917951423955874,229.03373245612218,TT,30.900000000000002
1.9058736663562312,230.51855017263475,TT,31
1.9200349190024488,232.00816536157552,TT,31.1
1.9342793852436881,233.50257802294445,TT,31.200000000000003
1.9486075528260758,235.00178815674147,TT,31.3
1.9630199123489895,236.5057957629667,TT,31.400000000000002
1.977516957281717,238.01460084162,TT,31.5
1.9920991839802267,239.52820339270153,TT,31.6
2.0067670917040177,241.0466034162112,TT,31.700000000000003
2.0215211826330894,242.56980091214896,TT,31.8
2.0363619618849924,244.09779588051495,TT,31.900000000000002
2.0512899375319864,245.63058832130903,TT,32
2.0663056206183024,247.1681782345313,TT,32.1
2.081409525177493,248.71056562018174,TT,32.2
2.0966021682498956,250.2577504782602,TT,32.3
2.1118840699002,251.80973280876708,TT,32.400000000000006
2.1272557532350946,253.36651261170184,TT,32.5
2.1427177444210526,254.92808988706483,TT,32.6
2.1582705727021887,256.49446463485606,TT,32.7
2.173914770418239,258.0656368550753,TT,32.8
2.189650873022643,259.64160654772286,TT,32.900000000000006
2.205479419100717,261.2223737127984,TT,33
2.2214009503879613,262.80793835030215,TT,33.1
2.2374160117884436,264.3983004602341,TT,33.2
2.253525151393311,265.9934600425941,TT,33.3
2.269728920499403,267.5934170973824,TT,33.400000000000006
2.2860278736279662,269.1981716245987,TT,33.5
2.3024225685434945,270.80772362424324,TT,33.6
2.3189135662726623,272.42207309631596,TT,33.7
2.3355014311233773,274.04122004081665,TT,33.8
2.352186730703948,275.6651644577458,TT,33.900000000000006
2.3689700359423425,277.2939063471028,TT,34
2.385851921105594,278.92744570888806,TT,34.1
2.4028329638192876,280.5657825431015,TT,34.2
2.419913745087173,282.208916849743,TT,34.3
2.4370948493109026,283.8568486288128,TT,34.400000000000006
2.4543768643098574,285.50957788031064,TT,34.5
2.4717603813411237,287.16710460423667,TT,34.6
2.4892459951195525,288.82942880059085,TT,34.7
2.506834303837959,290.49655046937306,TT,34.8
2.5245259091874344,292.1684696105837,TT,34.900000000000006
2.542321416377759,293.84518622422223,TT,35
2.5602214341579743,295.526700310289,TT,35.1
2.578226574837025,297.21301186878395,TT,35.2
2.596337454304562,298.9041208997071,TT,35.300000000000004
2.6145546920518443,300.6000274030582,TT,35.4
2.6328789111927753,302.3007313788376,TT,35.5
2.6513107384850487,304.00623282704515,TT,35.6
2.669850804351432,305.71653174768085,TT,35.7
2.688499742901164,307.4316281407447,TT,35.800000000000004
2.7072581919514755,309.15152200623663,TT,35.9
2.7261267930492554,310.8762133441567,TT,36
2.745106191492813,312.605702154505,TT,36.1
2.7641970363537887,314.33998843728153,TT,36.2
2.783399980499185,316.0790721924861,TT,36.300000000000004
2.8027156806135296,317.8229534201187,TT,36.4
2.822144797221165,319.57163212017963,TT,36.5
2.8416879947086624,321.32510829266874,TT,36.6
2.8613459413473827,323.0833819375859,TT,36.7
2.8811193093161487,324.84645305493126,TT,36.800000000000004
2.901008774724065,326.61432164470466,TT,36.9
2.921015017633469,328.3869877069063,TT,37
2.9411387220830014,330.16445124153614,TT,37.1
2.961380576110835,331.94671224859405,TT,37.2
2.9817412717780156,333.73377072808023,TT,37.300000000000004
3.0022215051919545,335.52562667999433,TT,37.4
3.022821976530058,337.32228010433676,TT,37.5
3.0435433900634763,339.12373100110733,TT,37.6
3.064386454181018,340.929979370306,TT,37.7
3.085351881413182,342.7410252119329,TT,37.800000000000004
3.1064403884563423,344.5568685259878,TT,37.9
3.127652696197071,346.3775093124709,TT,38
3.1489895297365944,348.20294757138225,TT,38.1
3.1704516184154046,350.03318330272174,TT,38.2
3.19203969583801,351.8682165064893,TT,38.300000000000004
3.213754499897824,353.708047182685,TT,38.4
3.2355967728022113,355.5526753313089,TT,38.5
3.2575672610976665,357.40210095236097,TT,38.6
3.2796667156951482,359.2563240458412,TT,38.7
3.301895891895558,361.11534461174955,TT,38.800000000000004
3.32425554941537,362.9791626500859,TT,38.9
3.346746452412412,364.8477781608506,TT,39
3.3693693695117863,366.7211911440435,TT,39.1
3.39212507383195,368.5994015996645,TT,39.2
3.4150143430109527,370.4824095277135,TT,39.300000000000004
3.438037959232813,372.3702149281907,TT,39.4
3.461196709254062,374.2628178010961,TT,39.5
3.4844913844304353,376.16021814642966,TT,39.6
3.5079227807437183,378.0624159641914,TT,39.7
3.5314916988287557,379.9694112543813,TT,39.800000000000004
3.5551989440006064,381.8812040169992,TT,39.9
3.5790453262818795,383.7977942520454,TT,40
3.6030316604301964,385.71918195951974,TT,40.1
3.6271587659658433,387.64536713942215,TT,40.2
3.651427467199569,389.5763497917528,TT,40.300000000000004
3.6758385932605453,391.51212991651147,TT,40.4
3.7003929781245066,393.4527075136984,TT,40.5
3.725091460642023,395.39808258331345,TT,40.6
3.7499348845669678,397.3482551253567,TT,40.7
3.774924098585137,399.3032251398281,TT,40.800000000000004
3.8000599563430333,401.2629926267275,TT,40.9
3.8253433164768356,403.2275575860552,TT,41
3.8507750426415033,405.19692001781095,TT,41.1
3.8763560035400935,407.171079921995,TT,41.2
3.902087072953207,409.1500372986071,TT,41.300000000000004
3.927969129768644,411.1337921476474,TT,41.400000000000006
3.9540030580112,413.1223444691157,TT,41.5
3.980189746872665,415.1156942630123,TT,41.6
4.0065300907419665,417.11384152933704,TT,41.7
4.033024989235518,419.1167862680899,TT,41.800000000000004
4.05967534722772,421.12452847927096,TT,41.900000000000006
4.086482074881657,423.13706816288004,TT,42
