umax_temp,ks_temp,Species,temp
0.017561252149106588,1.8339308664241034,AC,3
0.019171301297726484,1.8339308664241034,AC,3.1
0.02079947227234885,1.8339308664241034,AC,3.2
0.02244594069709227,1.8339308664241034,AC,3.3
0.024110883292426555,1.8339308664241034,AC,3.4
0.025794477866986742,1.8339308664241034,AC,3.5
0.02749690330886756,1.8339308664241034,AC,3.6
0.029218339576387586,1.8339308664241034,AC,3.7
0.03095896768830536,1.8339308664241034,AC,3.8
0.03271896971347549,1.8339308664241034,AC,3.9
0.03449852875992748,1.8339308664241034,AC,4
0.036297828963353373,1.8339308664241034,AC,4.1
0.03811705547498773,1.8339308664241034,AC,4.2
0.03995639444886412,1.8339308664241034,AC,4.3
0.04181603302843112,1.8339308664241034,AC,4.4
0.04369615933251203,1.8339308664241034,AC,4.5
0.04559696244059064,1.8339308664241034,AC,4.6
0.04751863237740439,1.8339308664241034,AC,4.7
0.049461360096829,1.8339308664241034,AC,4.8
0.05142533746503475,1.8339308664241034,AC,4.9
0.05341075724289662,1.8339308664241034,AC,5
0.05541781306763799,1.8339308664241034,AC,5.1
0.057446699433689186,1.8339308664241034,AC,5.2
0.05949761167274176,1.8339308664241034,AC,5.300000000000001
0.06157074593297507,1.8339308664241034,AC,5.4
0.06366629915743893,1.8339308664241034,AC,5.5
0.06578446906156571,1.8339308664241034,AC,5.6
0.06792545410979511,1.8339308664241034,AC,5.7
0.07008945349128559,1.8339308664241034,AC,5.800000000000001
0.07227666709469227,1.8339308664241034,AC,5.9
0.07448729548198657,1.8339308664241034,AC,6
0.07672153986129521,1.8339308664241034,AC,6.1
0.07897960205873195,1.8339308664241034,AC,6.2
0.0812616844892014,1.8339308664241034,AC,6.300000000000001
0.08356799012614591,1.8339308664241034,AC,6.4
0.08589872247021113,1.8339308664241034,AC,6.5
0.08825408551680519,1.8339308664241034,AC,6.6
0.0906342837225218,1.8339308664241034,AC,6.7
0.09303952197040355,1.8339308664241034,AC,6.800000000000001
0.09547000553401297,1.8339308664241034,AC,6.9
0.09792594004028754,1.8339308664241034,AC,7
0.10040753143114556,1.8339308664241034,AC,7.1000000000000005
0.10291498592381476,1.8339308664241034,AC,7.2
0.10544850996985322,1.8339308664241034,AC,7.3
0.10800831021283186,1.8339308664241034,AC,7.4
0.1105945934446445,1.8339308664241034,AC,7.5
0.11320756656041697,1.8339308664241034,AC,7.6000000000000005
0.11584743651197849,1.8339308664241034,AC,7.7
0.11851441025986331,1.8339308664241034,AC,7.800000000000001
0.12120869472380891,1.8339308664241034,AC,7.9
0.12393049673171364,1.8339308664241034,AC,8
0.1266800229670184,1.8339308664241034,AC,8.100000000000001
0.12945747991447776,1.8339308664241034,AC,8.2
0.13226307380428048,1.8339308664241034,AC,8.3
0.13509701055448187,1.8339308664241034,AC,8.4
0.13795949571171007,1.8339308664241034,AC,8.5
0.1408507343901061,1.8339308664241034,AC,8.600000000000001
0.14377093120845463,1.8339308664241034,AC,8.7
0.14672029022547084,1.8339308664241034,AC,8.8
0.14969901487318904,1.8339308664241034,AC,8.9
0.15270730788842568,1.8339308664241034,AC,9
0.15574537124225785,1.8339308664241034,AC,9.100000000000001
0.15881340606748007,1.8339308664241034,AC,9.2
0.161911612583996,1.8339308664241034,AC,9.3
0.1650401900220877,1.8339308664241034,AC,9.4
0.16819933654352826,1.8339308664241034,AC,9.5
0.17138924916047715,1.8339308664241034,AC,9.600000000000001
0.17461012365211637,1.8339308664241034,AC,9.7
0.17786215447897102,1.8339308664241034,AC,9.8
0.18114553469487016,1.8339308664241034,AC,9.9
0.18446045585648463,1.8339308664241034,AC,10
0.18780710793039734,1.8339308664241034,AC,10.100000000000001
0.1911856791976465,1.8339308664241034,AC,10.2
0.19459635615568538,1.8339308664241034,AC,10.3
0.19803932341770414,1.8339308664241034,AC,10.4
0.2015147636092519,1.8339308664241034,AC,10.5
0.205022857262103,1.8339308664241034,AC,10.600000000000001
0.20856378270530118,1.8339308664241034,AC,10.7
0.21213771595333042,1.8339308664241034,AC,10.8
0.21574483059133331,1.8339308664241034,AC,10.9
0.21938529765732806,1.8339308664241034,AC,11
0.22305928552134735,1.8339308664241034,AC,11.1
0.22676695976144,1.8339308664241034,AC,11.200000000000001
0.2305084830364571,1.8339308664241034,AC,11.3
0.2342840149555646,1.8339308664241034,AC,11.4
0.23809371194440154,1.8339308664241034,AC,11.5
0.24193772710781558,1.8339308664241034,AC,11.6
0.24581621008910082,1.8339308664241034,AC,11.700000000000001
0.24972930692566297,1.8339308664241034,AC,11.8
0.2536771599010337,1.8339308664241034,AC,11.9
0.2576599073931545,1.8339308664241034,AC,12
0.2616776837188546,1.8339308664241034,AC,12.1
0.2657306189744333,1.8339308664241034,AC,12.200000000000001
0.26981883887227287,1.8339308664241034,AC,12.3
0.27394246457338656,1.8339308664241034,AC,12.4
0.27810161251582377,1.8339308664241034,AC,12.5
0.28229639423883834,1.8339308664241034,AC,12.600000000000001
0.28652691620273396,1.8339308664241034,AC,12.700000000000001
0.2907932796042878,1.8339308664241034,AC,12.8
0.29509558018766846,1.8339308664241034,AC,12.9
0.29943390805074177,1.8339308664241034,AC,13
0.3038083474466764,1.8339308664241034,AC,13.100000000000001
0.3082189765807435,1.8339308664241034,AC,13.200000000000001
0.3126658674022085,1.8339308664241034,AC,13.3
0.31714908539121933,1.8339308664241034,AC,13.4
0.32166868934057624,1.8339308664241034,AC,13.5
0.32622473113227746,1.8339308664241034,AC,13.600000000000001
0.33081725550873875,1.8339308664241034,AC,13.700000000000001
0.3354462998385668,1.8339308664241034,AC,13.8
0.34011189387676866,1.8339308664241034,AC,13.9
0.34481405951930144,1.8339308664241034,AC,14
0.34955281055181,1.8339308664241034,AC,14.100000000000001
0.3543281523924726,1.8339308664241034,AC,14.200000000000001
0.35914008182878976,1.8339308664241034,AC,14.3
0.3639885867482251,1.8339308664241034,AC,14.4
0.36887364586254745,1.8339308664241034,AC,14.5
0.3737952284257591,1.8339308664241034,AC,14.600000000000001
0.378753293945457,1.8339308664241034,AC,14.700000000000001
0.3837477918875234,1.8339308664241034,AC,14.8
0.3887786613739672,1.8339308664241034,AC,14.9
0.39384583087381264,1.8339308664241034,AC,15
0.39894921788686544,1.8339308664241034,AC,15.100000000000001
0.4040887286202206,1.8339308664241034,AC,15.200000000000001
0.40926425765736263,1.8339308664241034,AC,15.3
0.41447568761971,1.8339308664241034,AC,15.4
0.4197228888204232,1.8339308664241034,AC,15.5
0.4250057189103653,1.8339308664241034,AC,15.600000000000001
0.43032402251600343,1.8339308664241034,AC,15.700000000000001
0.4356776308691175,1.8339308664241034,AC,15.8
0.44106636142814826,1.8339308664241034,AC,15.9
0.4464900174909876,1.8339308664241034,AC,16
0.4519483877990771,1.8339308664241034,AC,16.1
0.4574412461325974,1.8339308664241034,AC,16.200000000000003
0.46296835089659427,1.8339308664241034,AC,16.3
0.4685294446978503,1.8339308664241034,AC,16.4
0.47412425391230406,1.8339308664241034,AC,16.5
0.4797524882428412,1.8339308664241034,AC,16.6
0.4854138402672534,1.8339308664241034,AC,16.700000000000003
0.49110798497616015,1.8339308664241034,AC,16.8
0.4968345793007054,1.8339308664241034,AC,16.9
0.5025932616298134,1.8339308664241034,AC,17
0.5083836513167901,1.8339308664241034,AC,17.1
0.5142053481750635,1.8339308664241034,AC,17.200000000000003
0.5200579319628393,1.8339308664241034,AC,17.3
0.5259409618564472,1.8339308664241034,AC,17.4
0.5318539759121634,1.8339308664241034,AC,17.5
0.537796490516246,1.8339308664241034,AC,17.6
0.5437679998229923,1.8339308664241034,AC,17.700000000000003
0.5497679751805453,1.8339308664241034,AC,17.8
0.5557958645442072,1.8339308664241034,AC,17.9
0.5618510918770219,1.8339308664241034,AC,18
0.567933056537369,1.8339308664241034,AC,18.1
0.5740411326532966,1.8339308664241034,AC,18.200000000000003
0.5801746684833526,1.8339308664241034,AC,18.3
0.5863329857636219,1.8339308664241034,AC,18.4
0.5925153790407083,1.8339308664241034,AC,18.5
0.5987211149903788,1.8339308664241034,AC,18.6
0.6049494317215833,1.8339308664241034,AC,18.700000000000003
0.611199538065561,1.8339308664241034,AC,18.8
0.6174706128497394,1.8339308664241034,AC,18.9
0.6237618041561213,1.8339308664241034,AC,19
0.630072228563852,1.8339308664241034,AC,19.1
0.6364009703756586,1.8339308664241034,AC,19.2
0.6427470808278395,1.8339308664241034,AC,19.3
0.6491095772834798,1.8339308664241034,AC,19.400000000000002
0.6554874424085568,1.8339308664241034,AC,19.5
0.6618796233306083,1.8339308664241034,AC,19.6
0.6682850307796118,1.8339308664241034,AC,19.7
0.6747025382107301,1.8339308664241034,AC,19.8
0.6811309809085584,1.8339308664241034,AC,19.900000000000002
0.6875691550725209,1.8339308664241034,AC,20
0.6940158168830393,1.8339308664241034,AC,20.1
0.7004696815480886,1.8339308664241034,AC,20.2
0.7069294223297855,1.8339308664241034,AC,20.3
0.7133936695505705,1.8339308664241034,AC,20.400000000000002
0.7198610095786333,1.8339308664241034,AC,20.5
0.7263299837921444,1.8339308664241034,AC,20.6
0.7327990875218848,1.8339308664241034,AC,20.7
0.7392667689718642,1.8339308664241034,AC,20.8
0.7457314281174727,1.8339308664241034,AC,20.900000000000002
0.7521914155807679,1.8339308664241034,AC,21
0.7586450314824109,1.8339308664241034,AC,21.1
0.7650905242698185,1.8339308664241034,AC,21.2
0.7715260895210614,1.8339308664241034,AC,21.3
0.7779498687240531,1.8339308664241034,AC,21.400000000000002
0.7843599480305166,1.8339308664241034,AC,21.5
0.7907543569842828,1.8339308664241034,AC,21.6
0.797131067223372,1.8339308664241034,AC,21.7
0.8034879911554071,1.8339308664241034,AC,21.8
0.8098229806057873,1.8339308664241034,AC,21.900000000000002
0.8161338254381469,1.8339308664241034,AC,22
0.8224182521464938,1.8339308664241034,AC,22.1
0.8286739224185844,1.8339308664241034,AC,22.200000000000003
0.8348984316698633,1.8339308664241034,AC,22.3
0.8410893075474801,1.8339308664241034,AC,22.400000000000002
0.8472440084037851,1.8339308664241034,AC,22.5
0.8533599217386962,1.8339308664241034,AC,22.6
0.8594343626103678,1.8339308664241034,AC,22.700000000000003
0.8654645720135221,1.8339308664241034,AC,22.8
0.8714477152248508,1.8339308664241034,AC,22.900000000000002
0.8773808801148268,1.8339308664241034,AC,23
0.8832610754252945,1.8339308664241034,AC,23.1
0.8890852290121893,1.8339308664241034,AC,23.200000000000003
0.894850186052703,1.8339308664241034,AC,23.3
0.9005527072162058,1.8339308664241034,AC,23.400000000000002
0.9061894667982644,1.8339308664241034,AC,23.5
0.9117570508170223,1.8339308664241034,AC,23.6
0.9172519550712126,1.8339308664241034,AC,23.700000000000003
0.9226705831591104,1.8339308664241034,AC,23.8
0.9280092444576393,1.8339308664241034,AC,23.900000000000002
0.9332641520608824,1.8339308664241034,AC,24
0.9384314206772482,1.8339308664241034,AC,24.1
0.9435070644844314,1.8339308664241034,AC,24.200000000000003
0.9484869949414776,1.8339308664241034,AC,24.3
0.953367018557028,1.8339308664241034,AC,24.400000000000002
0.9581428346129561,1.8339308664241034,AC,24.5
0.962810032842552,1.8339308664241034,AC,24.6
0.9673640910623975,1.8339308664241034,AC,24.700000000000003
0.9718003727569693,1.8339308664241034,AC,24.8
0.9761141246152594,1.8339308664241034,AC,24.900000000000002
0.9803004740182484,1.8339308664241034,AC,25
0.9843544264765205,1.8339308664241034,AC,25.1
0.9882708630169548,1.8339308664241034,AC,25.200000000000003
0.9920445375175895,1.8339308664241034,AC,25.3
0.9956700739895723,1.8339308664241034,AC,25.400000000000002
0.9991419638053642,1.8339308664241034,AC,25.5
1.0024545628720425,1.8339308664241034,AC,25.6
1.0056020887486952,1.8339308664241034,AC,25.700000000000003
1.00857861770689,1.8339308664241034,AC,25.8
1.0113780817331008,1.8339308664241034,AC,25.900000000000002
1.0139942654720286,1.8339308664241034,AC,26
1.0164208031096926,1.8339308664241034,AC,26.1
1.0186511751950942,1.8339308664241034,AC,26.200000000000003
1.0206787053994244,1.8339308664241034,AC,26.3
1.0224965572115092,1.8339308664241034,AC,26.400000000000002
1.0240977305683767,1.8339308664241034,AC,26.5
1.0254750584197154,1.8339308664241034,AC,26.6
1.026621203224897,1.8339308664241034,AC,26.700000000000003
1.027528653381415,1.8339308664241034,AC,26.8
1.0281897195834073,1.8339308664241034,AC,26.900000000000002
1.0285965311088905,1.8339308664241034,AC,27
1.0287410320344392,1.8339308664241034,AC,27.1
1.0286149773759572,1.8339308664241034,AC,27.200000000000003
1.028209929154082,1.8339308664241034,AC,27.3
1.027517252382891,1.8339308664241034,AC,27.400000000000002
1.026528110980415,1.8339308664241034,AC,27.5
1.0252334635994735,1.8339308664241034,AC,27.6
1.023624059377502,1.8339308664241034,AC,27.700000000000003
1.0216904336036503,1.8339308664241034,AC,27.8
1.0194229033016757,1.8339308664241034,AC,27.900000000000002
1.0168115627271632,1.8339308664241034,AC,28
1.01384627877726,1.8339308664241034,AC,28.1
1.0105166863116146,1.8339308664241034,AC,28.200000000000003
1.0068121833824346,1.8339308664241034,AC,28.3
1.0027219263723666,1.8339308664241034,AC,28.400000000000002
0.9982348250382707,1.8339308664241034,AC,28.5
0.9933395374591392,1.8339308664241034,AC,28.6
0.9880244648864824,1.8339308664241034,AC,28.700000000000003
0.9822777464952548,1.8339308664241034,AC,28.8
0.9760872540335495,1.8339308664241034,AC,28.900000000000002
0.969440586369096,1.8339308664241034,AC,29
0.9623250639308019,1.8339308664241034,AC,29.1
0.954727723043133,1.8339308664241034,AC,29.200000000000003
0.9466353101515583,1.8339308664241034,AC,29.3
0.9380342759371043,1.8339308664241034,AC,29.400000000000002
0.9289107693175662,1.8339308664241034,AC,29.5
0.9192506313337319,1.8339308664241034,AC,29.6
0.9090393889182398,1.8339308664241034,AC,29.700000000000003
0.8982622485449347,1.8339308664241034,AC,29.8
0.8869040897565199,1.8339308664241034,AC,29.900000000000002
0.8749494585682882,1.8339308664241034,AC,30
0.8623825607455586,1.8339308664241034,AC,30.1
0.849187254952593,1.8339308664241034,AC,30.200000000000003
0.835347045770483,1.8339308664241034,AC,30.3
0.820845076581719,1.8339308664241034,AC,30.400000000000002
0.8056641223188876,1.8339308664241034,AC,30.5
0.7897865820750027,1.8339308664241034,AC,30.6
0.7731944715730528,1.8339308664241034,AC,30.700000000000003
0.7558694154918157,1.8339308664241034,AC,30.8
0.737792639645722,1.8339308664241034,AC,30.900000000000002
0.7189449630158578,1.8339308664241034,AC,31
0.6993067896293432,1.8339308664241034,AC,31.1
0.6788581002842626,1.8339308664241034,AC,31.200000000000003
0.657578444117533,1.8339308664241034,AC,31.3
0.6354469300125167,1.8339308664241034,AC,31.400000000000002
0.6124422178437179,1.8339308664241034,AC,31.5
0.5885425095553742,1.8339308664241034,AC,31.6
0.5637255400708483,1.8339308664241034,AC,31.700000000000003
0.537968568029946,1.8339308664241034,AC,31.8
0.511248366350749,1.8339308664241034,AC,31.900000000000002
0.4835412126130798,1.8339308664241034,AC,32
0.45482287925972287,1.8339308664241034,AC,32.1
0.4250686236128125,1.8339308664241034,AC,32.2
0.3942531777013798,1.8339308664241034,AC,32.3
0.36235073789694994,1.8339308664241034,AC,32.400000000000006
0.32933495435355553,1.8339308664241034,AC,32.5
0.2951789202485777,1.8339308664241034,AC,32.6
0.25985516082075577,1.8339308664241034,AC,32.7
0.22333562220175196,1.8339308664241034,AC,32.8
0.18559166003733907,1.8339308664241034,AC,32.900000000000006
0.14659402789462916,1.8339308664241034,AC,33
0.10631286545088159,1.8339308664241034,AC,33.1
0.06471768646072107,1.8339308664241034,AC,33.2
0.0217773664970764,1.8339308664241034,AC,33.3
-0.02253986953838094,1.8339308664241034,AC,33.400000000000006
-0.06826646013859161,1.8339308664241034,AC,33.5
-0.11543552015379888,1.8339308664241034,AC,33.6
-0.16408085399693562,1.8339308664241034,AC,33.7
-0.214236969096536,1.8339308664241034,AC,33.8
-0.2659390896017335,1.8339308664241034,AC,33.900000000000006
-0.31922317034376846,1.8339308664241034,AC,34
-0.37412591105880466,1.8339308664241034,AC,34.1
-0.4306847708766952,1.8339308664241034,AC,34.2
-0.4889379830806888,1.8339308664241034,AC,34.3
-0.5489245701428516,1.8339308664241034,AC,34.400000000000006
-0.6106843590403273,1.8339308664241034,AC,34.5
-0.6742579968574987,1.8339308664241034,AC,34.6
-0.7396869666792298,1.8339308664241034,AC,34.7
-0.807013603780554,1.8339308664241034,AC,34.8
-0.8762811121179368,1.8339308664241034,AC,34.900000000000006
-0.9475335811282761,1.8339308664241034,AC,35
-1.0208160028400997,1.8339308664241034,AC,35.1
-1.0961742893037112,1.8339308664241034,AC,35.2
-1.1736552903455006,1.8339308664241034,AC,35.300000000000004
-1.2533068116523864,1.8339308664241034,AC,35.4
-1.335177633192366,1.8339308664241034,AC,35.5
-1.4193175279774692,1.8339308664241034,AC,35.6
-1.5057772811750567,1.8339308664241034,AC,35.7
-1.5946087095736416,1.8339308664241034,AC,35.800000000000004
-1.6858646814104645,1.8339308664241034,AC,35.9
-1.7795991365661123,1.8339308664241034,AC,36
-1.8758671071338213,1.8339308664241034,AC,36.1
-1.9747247383700426,1.8339308664241034,AC,36.2
-2.076229310032737,1.8339308664241034,AC,36.300000000000004
-2.180439258114859,1.8339308664241034,AC,36.4
-2.287414196979988,1.8339308664241034,AC,36.5
-2.3972149419073716,1.8339308664241034,AC,36.6
-2.5099035320538334,1.8339308664241034,AC,36.7
-2.6255432538399788,1.8339308664241034,AC,36.800000000000004
-2.7441986647684615,1.8339308664241034,AC,36.9
-2.865935617682041,1.8339308664241034,AC,37
-2.990821285469316,1.8339308664241034,AC,37.1
-3.1189241862263515,1.8339308664241034,AC,37.2
-3.2503142088822656,1.8339308664241034,AC,37.300000000000004
-3.385062639297182,1.8339308664241034,AC,37.4
-3.523242186841209,1.8339308664241034,AC,37.5
-3.664927011462723,1.8339308664241034,AC,37.6
-3.8101927512552294,1.8339308664241034,AC,37.7
-3.9591165505314834,1.8339308664241034,AC,37.800000000000004
-4.111777088414051,1.8339308664241034,AC,37.9
-4.268254607951583,1.8339308664241034,AC,38
-4.428630945770408,1.8339308664241034,AC,38.1
-4.5929895622707875,1.8339308664241034,AC,38.2
-4.761415572377992,1.8339308664241034,AC,38.300000000000004
-4.933995776857479,1.8339308664241034,AC,38.4
-5.11081869420574,1.8339308664241034,AC,38.5
-5.2919745931249835,1.8339308664241034,AC,38.6
-5.477555525594049,1.8339308664241034,AC,38.7
-5.667655360545666,1.8339308664241034,AC,38.800000000000004
-5.862369818160332,1.8339308664241034,AC,38.9
-6.061796504788731,1.8339308664241034,AC,39
-6.2660349485131945,1.8339308664241034,AC,39.1
-6.475186635360458,1.8339308664241034,AC,39.2
-6.6893550461768,1.8339308664241034,AC,39.300000000000004
-6.90864569417738,1.8339308664241034,AC,39.4
-7.133166163182466,1.8339308664241034,AC,39.5
-7.363026146552102,1.8339308664241034,AC,39.6
-7.598337486832278,1.8339308664241034,AC,39.7
-7.839214216125015,1.8339308664241034,AC,39.800000000000004
-8.085772597195458,1.8339308664241034,AC,39.9
-8.338131165329116,1.8339308664241034,AC,40
-8.596410770952758,1.8339308664241034,AC,40.1
-8.860734623032258,1.8339308664241034,AC,40.2
-9.131228333261902,1.8339308664241034,AC,40.300000000000004
-9.4080199610586,1.8339308664241034,AC,40.4
-9.691240059376014,1.8339308664241034,AC,40.5
-9.981021721352633,1.8339308664241034,AC,40.6
-10.277500627809317,1.8339308664241034,AC,40.7
-10.580815095610888,1.8339308664241034,AC,40.800000000000004
-10.89110612690753,1.8339308664241034,AC,40.9
-11.208517459271704,1.8339308664241034,AC,41
-11.533195616746212,1.8339308664241034,AC,41.1
-11.865289961820295,1.8339308664241034,AC,41.2
-12.2049527483491,1.8339308664241034,AC,41.300000000000004
-12.552339175435407,1.8339308664241034,AC,41.400000000000006
-12.907607442288182,1.8339308664241034,AC,41.5
-13.270918804077482,1.8339308664241034,AC,41.6
-13.642437628802227,1.8339308664241034,AC,41.7
-14.02233145518943,1.8339308664241034,AC,41.800000000000004
-14.410771051643053,1.8339308664241034,AC,41.900000000000006
-14.807930476261262,1.8339308664241034,AC,42
0.09083062187932628,0.02130943119212341,CH,3
0.0922201646242845,0.02130943119212341,CH,3.1
0.09362983297986538,0.02130943119212341,CH,3.2
0.0950598921124931,0.02130943119212341,CH,3.3
0.09651061003558947,0.02130943119212341,CH,3.4
0.09798225762267643,0.02130943119212341,CH,3.5
0.09947510861995962,0.02130943119212341,CH,3.6
0.10098943965836932,0.02130943119212341,CH,3.7
0.10252553026503369,0.02130943119212341,CH,3.8
0.10408366287415882,0.02130943119212341,CH,3.9
0.10566412283728893,0.02130943119212341,CH,4
0.10726719843291854,0.02130943119212341,CH,4.1
0.10889318087543093,0.02130943119212341,CH,4.2
0.11054236432333114,0.02130943119212341,CH,4.3
0.11221504588674636,0.02130943119212341,CH,4.4
0.11391152563416002,0.02130943119212341,CH,4.5
0.11563210659835177,0.02130943119212341,CH,4.6
0.11737709478150798,0.02130943119212341,CH,4.7
0.11914679915947057,0.02130943119212341,CH,4.8
0.12094153168508937,0.02130943119212341,CH,4.9
0.12276160729064378,0.02130943119212341,CH,5
0.12460734388929562,0.02130943119212341,CH,5.1
0.12647906237553702,0.02130943119212341,CH,5.2
0.12837708662459513,0.02130943119212341,CH,5.300000000000001
0.13030174349075274,0.02130943119212341,CH,5.4
0.1322533628045452,0.02130943119212341,CH,5.5
0.13423227736879195,0.02130943119212341,CH,5.6
0.1362388229534186,0.02130943119212341,CH,5.7
0.13827333828902733,0.02130943119212341,CH,5.800000000000001
0.1403361650591663,0.02130943119212341,CH,5.9
0.142427647891257,0.02130943119212341,CH,6
0.1445481343461265,0.02130943119212341,CH,6.1
0.1466979749060976,0.02130943119212341,CH,6.2
0.14887752296158546,0.02130943119212341,CH,6.300000000000001
0.15108713479614938,0.02130943119212341,CH,6.4
0.1533271695699463,0.02130943119212341,CH,6.5
0.15559798930152802,0.02130943119212341,CH,6.6
0.1578999588479303,0.02130943119212341,CH,6.7
0.1602334458829926,0.02130943119212341,CH,6.800000000000001
0.16259882087384936,0.02130943119212341,CH,6.9
0.16499645705553168,0.02130943119212341,CH,7
0.1674267304036171,0.02130943119212341,CH,7.1000000000000005
0.16989001960486172,0.02130943119212341,CH,7.2
0.1723867060257489,0.02130943119212341,CH,7.3
0.17491717367888715,0.02130943119212341,CH,7.4
0.17748180918718381,0.02130943119212341,CH,7.5
0.1800810017457295,0.02130943119212341,CH,7.6000000000000005
0.1827151430813091,0.02130943119212341,CH,7.7
0.18538462740947625,0.02130943119212341,CH,7.800000000000001
0.1880898513891004,0.02130943119212341,CH,7.9
0.19083121407431813,0.02130943119212341,CH,8
0.19360911686379845,0.02130943119212341,CH,8.100000000000001
0.19642396344724178,0.02130943119212341,CH,8.2
0.19927615974902635,0.02130943119212341,CH,8.3
0.20216611386891115,0.02130943119212341,CH,8.4
0.20509423601970722,0.02130943119212341,CH,8.5
0.2080609384618205,0.02130943119212341,CH,8.600000000000001
0.21106663543457482,0.02130943119212341,CH,8.7
0.21411174308421344,0.02130943119212341,CH,8.8
0.21719667938847598,0.02130943119212341,CH,8.9
0.22032186407765597,0.02130943119212341,CH,9
0.22348771855202287,0.02130943119212341,CH,9.100000000000001
0.22669466579550546,0.02130943119212341,CH,9.2
0.22994313028552282,0.02130943119212341,CH,9.3
0.23323353789884893,0.02130943119212341,CH,9.4
0.23656631581339327,0.02130943119212341,CH,9.5
0.23994189240577557,0.02130943119212341,CH,9.600000000000001
0.24336069714457298,0.02130943119212341,CH,9.7
0.24682316047911124,0.02130943119212341,CH,9.8
0.2503297137236691,0.02130943119212341,CH,9.9
0.2538807889369642,0.02130943119212341,CH,10
0.25747681879678486,0.02130943119212341,CH,10.100000000000001
0.2611182364696202,0.02130943119212341,CH,10.2
0.264805475475155,0.02130943119212341,CH,10.3
0.26853896954547274,0.02130943119212341,CH,10.4
0.27231915247882044,0.02130943119212341,CH,10.5
0.27614645798777904,0.02130943119212341,CH,10.600000000000001
0.2800213195416794,0.02130943119212341,CH,10.7
0.2839441702030998,0.02130943119212341,CH,10.8
0.2879154424582826,0.02130943119212341,CH,10.9
0.29193556804129006,0.02130943119212341,CH,11
0.2960049777517366,0.02130943119212341,CH,11.1
0.30012410126589795,0.02130943119212341,CH,11.200000000000001
0.3042933669410348,0.02130943119212341,CH,11.3
0.3085132016127248,0.02130943119212341,CH,11.4
0.3127840303850158,0.02130943119212341,CH,11.5
0.31710627641320155,0.02130943119212341,CH,11.6
0.3214803606790122,0.02130943119212341,CH,11.700000000000001
0.3259067017580204,0.02130943119212341,CH,11.8
0.3303857155790302,0.02130943119212341,CH,11.9
0.33491781517525565,0.02130943119212341,CH,12
0.3395034104270358,0.02130943119212341,CH,12.1
0.3441429077958813,0.02130943119212341,CH,12.200000000000001
0.3488367100495955,0.02130943119212341,CH,12.3
0.353585215978246,0.02130943119212341,CH,12.4
0.35838882010072637,0.02130943119212341,CH,12.5
0.36324791236165477,0.02130943119212341,CH,12.600000000000001
0.36816287781835966,0.02130943119212341,CH,12.700000000000001
0.37313409631767347,0.02130943119212341,CH,12.8
0.3781619421622777,0.02130943119212341,CH,12.9
0.38324678376628674,0.02130943119212341,CH,13
0.38838898329983107,0.02130943119212341,CH,13.100000000000001
0.39358889632230043,0.02130943119212341,CH,13.200000000000001
0.3988468714039888,0.02130943119212341,CH,13.3
0.4041632497357852,0.02130943119212341,CH,13.4
0.4095383647266395,0.02130943119212341,CH,13.5
0.41497254158845664,0.02130943119212341,CH,13.600000000000001
0.4204660969080902,0.02130943119212341,CH,13.700000000000001
0.4260193382061024,0.02130943119212341,CH,13.8
0.431632563481934,0.02130943119212341,CH,13.9
0.43730606074513867,0.02130943119212341,CH,14
0.4430401075323127,0.02130943119212341,CH,14.100000000000001
0.44883497040934905,0.02130943119212341,CH,14.200000000000001
0.45469090445862026,0.02130943119212341,CH,14.3
0.46060815275072775,0.02130943119212341,CH,14.4
0.46658694580038285,0.02130943119212341,CH,14.5
0.4726275010060421,0.02130943119212341,CH,14.600000000000001
0.478730022072845,0.02130943119212341,CH,14.700000000000001
0.484894698418449,0.02130943119212341,CH,14.8
0.491121704561309,0.02130943119212341,CH,14.9
0.4974111994909478,0.02130943119212341,CH,15
0.5037633260197816,0.02130943119212341,CH,15.100000000000001
0.510178210115968,0.02130943119212341,CH,15.200000000000001
0.5166559602168723,0.02130943119212341,CH,15.3
0.5231966665225847,0.02130943119212341,CH,15.4
0.5298004002690408,0.02130943119212341,CH,15.5
0.536467212980158,0.02130943119212341,CH,15.600000000000001
0.5431971356985303,0.02130943119212341,CH,15.700000000000001
0.5499901781940824,0.02130943119212341,CH,15.8
0.5568463281501534,0.02130943119212341,CH,15.9
0.5637655503264201,0.02130943119212341,CH,16
0.5707477856980936,0.02130943119212341,CH,16.1
0.5777929505707831,0.02130943119212341,CH,16.200000000000003
0.5849009356704165,0.02130943119212341,CH,16.3
0.5920716052075883,0.02130943119212341,CH,16.4
0.5993047959156921,0.02130943119212341,CH,16.5
0.6066003160621896,0.02130943119212341,CH,16.6
0.6139579444323466,0.02130943119212341,CH,16.700000000000003
0.621377429284721,0.02130943119212341,CH,16.8
0.6288584872777401,0.02130943119212341,CH,16.9
0.6364008023666137,0.02130943119212341,CH,17
0.6440040246698642,0.02130943119212341,CH,17.1
0.651667769304713,0.02130943119212341,CH,17.200000000000003
0.6593916151905397,0.02130943119212341,CH,17.3
0.667175103819662,0.02130943119212341,CH,17.4
0.6750177379945681,0.02130943119212341,CH,17.5
0.6829189805308395,0.02130943119212341,CH,17.6
0.6908782529248496,0.02130943119212341,CH,17.700000000000003
0.6988949339854464,0.02130943119212341,CH,17.8
0.7069683584286652,0.02130943119212341,CH,17.9
0.7150978154345999,0.02130943119212341,CH,18
0.7232825471654971,0.02130943119212341,CH,18.1
0.7315217472441233,0.02130943119212341,CH,18.200000000000003
0.7398145591914327,0.02130943119212341,CH,18.3
0.7481600748225299,0.02130943119212341,CH,18.4
0.7565573325999324,0.02130943119212341,CH,18.5
0.7650053159430845,0.02130943119212341,CH,18.6
0.7735029514930192,0.02130943119212341,CH,18.700000000000003
0.7820491073311615,0.02130943119212341,CH,18.8
0.7906425911510571,0.02130943119212341,CH,18.9
0.7992821483819705,0.02130943119212341,CH,19
0.807966460263124,0.02130943119212341,CH,19.1
0.8166941418674449,0.02130943119212341,CH,19.2
0.8254637400735039,0.02130943119212341,CH,19.3
0.834273731484533,0.02130943119212341,CH,19.400000000000002
0.8431225202930923,0.02130943119212341,CH,19.5
0.8520084360902027,0.02130943119212341,CH,19.6
0.8609297316175182,0.02130943119212341,CH,19.7
0.8698845804612354,0.02130943119212341,CH,19.8
0.8788710746862769,0.02130943119212341,CH,19.900000000000002
0.8878872224093897,0.02130943119212341,CH,20
0.896930945309621,0.02130943119212341,CH,20.1
0.9060000760746982,0.02130943119212341,CH,20.2
0.9150923557818329,0.02130943119212341,CH,20.3
0.9242054312112735,0.02130943119212341,CH,20.400000000000002
0.933336852091113,0.02130943119212341,CH,20.5
0.9424840682716242,0.02130943119212341,CH,20.6
0.951644426827503,0.02130943119212341,CH,20.7
0.96081516908629,0.02130943119212341,CH,20.8
0.9699934275811701,0.02130943119212341,CH,20.900000000000002
0.9791762229264158,0.02130943119212341,CH,21
0.9883604606136522,0.02130943119212341,CH,21.1
0.9975429277269257,0.02130943119212341,CH,21.2
1.0067202895748526,0.02130943119212341,CH,21.3
1.0158890862377632,0.02130943119212341,CH,21.400000000000002
1.0250457290278128,0.02130943119212341,CH,21.5
1.034186496860098,0.02130943119212341,CH,21.6
1.043307532532637,0.02130943119212341,CH,21.7
1.052404838912972,0.02130943119212341,CH,21.8
1.0614742750294077,0.02130943119212341,CH,21.900000000000002
1.070511552064378,0.02130943119212341,CH,22
1.0795122292479107,0.02130943119212341,CH,22.1
1.088471709648573,0.02130943119212341,CH,22.200000000000003
1.097385235859731,0.02130943119212341,CH,22.3
1.1062478855784779,0.02130943119212341,CH,22.400000000000002
1.1150545670749121,0.02130943119212341,CH,22.5
1.1238000145489533,0.02130943119212341,CH,22.6
1.132478783372317,0.02130943119212341,CH,22.700000000000003
1.1410852452127695,0.02130943119212341,CH,22.8
1.1496135830380325,0.02130943119212341,CH,22.900000000000002
1.1580577859964816,0.02130943119212341,CH,23
1.1664116441717187,0.02130943119212341,CH,23.1
1.1746687432082634,0.02130943119212341,CH,23.200000000000003
1.182822458805104,0.02130943119212341,CH,23.3
1.1908659510742083,0.02130943119212341,CH,23.400000000000002
1.1987921587608685,0.02130943119212341,CH,23.5
1.2065937933225168,0.02130943119212341,CH,23.6
1.2142633328629433,0.02130943119212341,CH,23.700000000000003
1.2217930159183457,0.02130943119212341,CH,23.8
1.2291748350919445,0.02130943119212341,CH,23.900000000000002
1.2364005305335972,0.02130943119212341,CH,24
1.2434615832607374,0.02130943119212341,CH,24.1
1.2503492083172212,0.02130943119212341,CH,24.200000000000003
1.257054347766033,0.02130943119212341,CH,24.3
1.2635676635121786,0.02130943119212341,CH,24.400000000000002
1.26987952995192,0.02130943119212341,CH,24.5
1.2759800264442056,0.02130943119212341,CH,24.6
1.281858929600137,0.02130943119212341,CH,24.700000000000003
1.2875057053866499,0.02130943119212341,CH,24.8
1.2929095010396914,0.02130943119212341,CH,24.900000000000002
1.2980591367827472,0.02130943119212341,CH,25
1.3029430973463398,0.02130943119212341,CH,25.1
1.3075495232836225,0.02130943119212341,CH,25.200000000000003
1.3118662020777485,0.02130943119212341,CH,25.3
1.3158805590359854,0.02130943119212341,CH,25.400000000000002
1.3195796479657247,0.02130943119212341,CH,25.5
1.3229501416276719,0.02130943119212341,CH,25.6
1.325978321960644,0.02130943119212341,CH,25.700000000000003
1.3286500700730883,0.02130943119212341,CH,25.8
1.330950855996111,0.02130943119212341,CH,25.900000000000002
1.3328657281920542,0.02130943119212341,CH,26
1.3343793028136837,0.02130943119212341,CH,26.1
1.33547575270779,0.02130943119212341,CH,26.200000000000003
1.3361387961575737,0.02130943119212341,CH,26.3
1.3363516853581814,0.02130943119212341,CH,26.400000000000002
1.3360971946185707,0.02130943119212341,CH,26.5
1.3353576082841876,0.02130943119212341,CH,26.6
1.3341147083739777,0.02130943119212341,CH,26.700000000000003
1.3323497619247604,0.02130943119212341,CH,26.8
1.3300435080370931,0.02130943119212341,CH,26.900000000000002
1.3271761446151586,0.02130943119212341,CH,27
1.3237273147941018,0.02130943119212341,CH,27.1
1.319676093047832,0.02130943119212341,CH,27.200000000000003
1.315000970969681,0.02130943119212341,CH,27.3
1.3096798427188503,0.02130943119212341,CH,27.400000000000002
1.303689990124962,0.02130943119212341,CH,27.5
1.2970080674428708,0.02130943119212341,CH,27.6
1.2896100857502724,0.02130943119212341,CH,27.700000000000003
1.2814713969794163,0.02130943119212341,CH,27.8
1.2725666775750568,0.02130943119212341,CH,27.900000000000002
1.2628699117704087,0.02130943119212341,CH,28
1.2523543744719028,0.02130943119212341,CH,28.1
1.240992613744499,0.02130943119212341,CH,28.200000000000003
1.2287564328882894,0.02130943119212341,CH,28.3
1.2156168720971081,0.02130943119212341,CH,28.400000000000002
1.2015441896902388,0.02130943119212341,CH,28.5
1.1865078429068703,0.02130943119212341,CH,28.6
1.1704764682542859,0.02130943119212341,CH,28.700000000000003
1.1534178613990846,0.02130943119212341,CH,28.8
1.135298956591562,0.02130943119212341,CH,28.900000000000002
1.1160858056129257,0.02130943119212341,CH,29
1.0957435562340692,0.02130943119212341,CH,29.1
1.0742364301755956,0.02130943119212341,CH,29.200000000000003
1.051527700557621,0.02130943119212341,CH,29.3
1.0275796688277836,0.02130943119212341,CH,29.400000000000002
1.002353641156347,0.02130943119212341,CH,29.5
0.9758099042858888,0.02130943119212341,CH,29.6
0.9479077008235706,0.02130943119212341,CH,29.700000000000003
0.9186052039639421,0.02130943119212341,CH,29.8
0.8878594916288165,0.02130943119212341,CH,29.900000000000002
0.8556265200120166,0.02130943119212341,CH,30
0.8218610965153061,0.02130943119212341,CH,30.1
0.7865168520614958,0.02130943119212341,CH,30.200000000000003
0.7495462127721453,0.02130943119212341,CH,30.3
0.7109003709943096,0.02130943119212341,CH,30.400000000000002
0.6705292556626432,0.02130943119212341,CH,30.5
0.6283815019820835,0.02130943119212341,CH,30.6
0.5844044204154244,0.02130943119212341,CH,30.700000000000003
0.5385439649612067,0.02130943119212341,CH,30.8
0.49074470070551257,0.02130943119212341,CH,30.900000000000002
0.4409497706313701,0.02130943119212341,CH,31
0.38910086167040703,0.02130943119212341,CH,31.1
0.3351381699786842,0.02130943119212341,CH,31.200000000000003
0.27900036542003903,0.02130943119212341,CH,31.3
0.22062455523987978,0.02130943119212341,CH,31.400000000000002
0.159946246910323,0.02130943119212341,CH,31.5
0.09689931012971442,0.02130943119212341,CH,31.6
0.03141593795671582,0.02130943119212341,CH,31.700000000000003
-0.03657339293991413,0.02130943119212341,CH,31.8
-0.1071399629342693,0.02130943119212341,CH,31.900000000000002
-0.1803568510212017,0.02130943119212341,CH,32
-0.25629897733739426,0.02130943119212341,CH,32.1
-0.3350431466473509,0.02130943119212341,CH,32.2
-0.41666809281609574,0.02130943119212341,CH,32.3
-0.5012545242887967,0.02130943119212341,CH,32.400000000000006
-0.5888851706018556,0.02130943119212341,CH,32.5
-0.6796448299455307,0.02130943119212341,CH,32.6
-0.7736204178032153,0.02130943119212341,CH,32.7
-0.8709010166904676,0.02130943119212341,CH,32.8
-0.9715779270177052,0.02130943119212341,CH,32.900000000000006
-1.0757447191013512,0.02130943119212341,CH,33
-1.183497286349521,0.02130943119212341,CH,33.1
-1.2949338996463808,0.02130943119212341,CH,33.2
-1.4101552629633716,0.02130943119212341,CH,33.3
-1.5292645702229777,0.02130943119212341,CH,33.400000000000006
-1.6523675634431783,0.02130943119212341,CH,33.5
-1.7795725921899077,0.02130943119212341,CH,33.6
-1.9109906743673974,0.02130943119212341,CH,33.7
-2.04673555837455,0.02130943119212341,CH,33.8
-2.1869237866584257,0.02130943119212341,CH,33.900000000000006
-2.33167476069373,0.02130943119212341,CH,34
-2.481110807422212,0.02130943119212341,CH,34.1
-2.6353572471804654,0.02130943119212341,CH,34.2
-2.7945424631522258,0.02130943119212341,CH,34.3
-2.958797972375777,0.02130943119212341,CH,34.400000000000006
-3.1282584983423334,0.02130943119212341,CH,34.5
-3.3030620452183257,0.02130943119212341,CH,34.6
-3.4833499737292186,0.02130943119212341,CH,34.7
-3.669267078739111,0.02130943119212341,CH,34.8
-3.860961668565224,0.02130943119212341,CH,34.900000000000006
-4.058585646062284,0.02130943119212341,CH,35
-4.262294591518412,0.02130943119212341,CH,35.1
-4.472247847400737,0.02130943119212341,CH,35.2
-4.6886086049898665,0.02130943119212341,CH,35.300000000000004
-4.911543992946491,0.02130943119212341,CH,35.4
-5.141225167851047,0.02130943119212341,CH,35.5
-5.377827406759181,0.02130943119212341,CH,35.6
-5.621530201818047,0.02130943119212341,CH,35.7
-5.87251735698635,0.02130943119212341,CH,35.800000000000004
-6.130977086906,0.02130943119212341,CH,35.9
-6.397102117971144,0.02130943119212341,CH,36
-6.6710897916415774,0.02130943119212341,CH,36.1
-6.953142170050825,0.02130943119212341,CH,36.2
-7.243466143958074,0.02130943119212341,CH,36.300000000000004
-7.5422735430937,0.02130943119212341,CH,36.4
-7.849781248953548,0.02130943119212341,CH,36.5
-8.166211310090034,0.02130943119212341,CH,36.6
-8.491791059959269,0.02130943119212341,CH,36.7
-8.826753237377488,0.02130943119212341,CH,36.800000000000004
-9.171336109641572,0.02130943119212341,CH,36.9
-9.525783598374773,0.02130943119212341,CH,37
-9.89034540815453,0.02130943119212341,CH,37.1
-10.265277157982723,0.02130943119212341,CH,37.2
-10.65084051566103,0.02130943119212341,CH,37.300000000000004
-11.047303335132199,0.02130943119212341,CH,37.4
-11.454939796854433,0.02130943119212341,CH,37.5
-11.874030551270693,0.02130943119212341,CH,37.6
-12.304862865443056,0.02130943119212341,CH,37.7
-12.747730772919596,0.02130943119212341,CH,37.800000000000004
-13.202935226901872,0.02130943119212341,CH,37.9
-13.670784256786646,0.02130943119212341,CH,38
-14.151593128153706,0.02130943119212341,CH,38.1
-14.645684506274023,0.02130943119212341,CH,38.2
-15.153388623213885,0.02130943119212341,CH,38.300000000000004
-15.675043448614133,0.02130943119212341,CH,38.4
-16.210994864221504,0.02130943119212341,CH,38.5
-16.761596842253965,0.02130943119212341,CH,38.6
-17.327211627683766,0.02130943119212341,CH,38.7
-17.908209924520463,0.02130943119212341,CH,38.800000000000004
-18.50497108618265,0.02130943119212341,CH,38.9
-19.11788331004172,0.02130943119212341,CH,39
-19.747343836235018,0.02130943119212341,CH,39.1
-20.393759150831954,0.02130943119212341,CH,39.2
-21.057545193452142,0.02130943119212341,CH,39.300000000000004
-21.739127569430565,0.02130943119212341,CH,39.4
-22.438941766623884,0.02130943119212341,CH,39.5
-23.157433376964036,0.02130943119212341,CH,39.6
-23.895058322853345,0.02130943119212341,CH,39.7
-24.652283088512604,0.02130943119212341,CH,39.800000000000004
-25.429584956382655,0.02130943119212341,CH,39.9
-26.227452248691748,0.02130943119212341,CH,40
-27.046384574296724,0.02130943119212341,CH,40.1
-27.886893080914263,0.02130943119212341,CH,40.2
-28.74950071285315,0.02130943119212341,CH,40.300000000000004
-29.634742474370967,0.02130943119212341,CH,40.4
-30.543165698771645,0.02130943119212341,CH,40.5
-31.475330323368155,0.02130943119212341,CH,40.6
-32.4318091704377,0.02130943119212341,CH,40.7
-33.41318823429282,0.02130943119212341,CH,40.800000000000004
-34.42006697460573,0.02130943119212341,CH,40.9
-35.453058616116095,0.02130943119212341,CH,41
-36.51279045485637,0.02130943119212341,CH,41.1
-37.599904171041544,0.02130943119212341,CH,41.2
-38.71505614875673,0.02130943119212341,CH,41.300000000000004
-39.858917802595556,0.02130943119212341,CH,41.400000000000006
-41.03217591139355,0.02130943119212341,CH,41.5
-42.23553295920908,0.02130943119212341,CH,41.6
-43.46970748370785,0.02130943119212341,CH,41.7
-44.7354344321069,0.02130943119212341,CH,41.800000000000004
-46.03346552484072,0.02130943119212341,CH,41.900000000000006
-47.36456962711509,0.02130943119212341,CH,42
0.04736833344740232,1.9100679754027938e-5,CS,3
0.04813397151869686,1.9100679754027938e-5,CS,3.1
0.04891128884083107,1.9100679754027938e-5,CS,3.2
0.049700446344015714,1.9100679754027938e-5,CS,3.3
0.05050160672416104,1.9100679754027938e-5,CS,3.4
0.051314934449134375,1.9100679754027938e-5,CS,3.5
0.0521405957645622,1.9100679754027938e-5,CS,3.6
0.05297875869915347,1.9100679754027938e-5,CS,3.7
0.053829593069527615,1.9100679754027938e-5,CS,3.8
0.05469327048452033,1.9100679754027938e-5,CS,3.9
0.05556996434894579,1.9100679754027938e-5,CS,4
0.056459849866796086,1.9100679754027938e-5,CS,4.1
0.05736310404384559,1.9100679754027938e-5,CS,4.2
0.05827990568964303,1.9100679754027938e-5,CS,4.3
0.059210435418861174,1.9100679754027938e-5,CS,4.4
0.060154875651979633,1.9100679754027938e-5,CS,4.5
0.061113410615271535,1.9100679754027938e-5,CS,4.6
0.062086226340070216,1.9100679754027938e-5,CS,4.7
0.06307351066127953,1.9100679754027938e-5,CS,4.8
0.06407545321510788,1.9100679754027938e-5,CS,4.9
0.06509224543598569,1.9100679754027938e-5,CS,5
0.0661240805526424,1.9100679754027938e-5,CS,5.1
0.0671711535833045,1.9100679754027938e-5,CS,5.2
0.06823366132998532,1.9100679754027938e-5,CS,5.300000000000001
0.06931180237183021,1.9100679754027938e-5,CS,5.4
0.07040577705748163,1.9100679754027938e-5,CS,5.5
0.07151578749642862,1.9100679754027938e-5,CS,5.6
0.07264203754930165,1.9100679754027938e-5,CS,5.7
0.07378473281707532,1.9100679754027938e-5,CS,5.800000000000001
0.07494408062913871,1.9100679754027938e-5,CS,5.9
0.0761202900301916,1.9100679754027938e-5,CS,6
0.0773135717659259,1.9100679754027938e-5,CS,6.1
0.07852413826744908,1.9100679754027938e-5,CS,6.2
0.07975220363440094,1.9100679754027938e-5,CS,6.300000000000001
0.08099798361672361,1.9100679754027938e-5,CS,6.4
0.08226169559503549,1.9100679754027938e-5,CS,6.5
0.08354355855955542,1.9100679754027938e-5,CS,6.6
0.08484379308753764,1.9100679754027938e-5,CS,6.7
0.08616262131915531,1.9100679754027938e-5,CS,6.800000000000001
0.08750026693178592,1.9100679754027938e-5,CS,6.9
0.08885695511264613,1.9100679754027938e-5,CS,7
0.09023291252970966,1.9100679754027938e-5,CS,7.1000000000000005
0.09162836730086577,1.9100679754027938e-5,CS,7.2
0.09304354896124711,1.9100679754027938e-5,CS,7.3
0.09447868842867102,1.9100679754027938e-5,CS,7.4
0.09593401796713374,1.9100679754027938e-5,CS,7.5
0.09740977114828864,1.9100679754027938e-5,CS,7.6000000000000005
0.09890618281084396,1.9100679754027938e-5,CS,7.7
0.10042348901782105,1.9100679754027938e-5,CS,7.800000000000001
0.10196192701158235,1.9100679754027938e-5,CS,7.9
0.1035217351665858,1.9100679754027938e-5,CS,8
0.10510315293976547,1.9100679754027938e-5,CS,8.100000000000001
0.10670642081848092,1.9100679754027938e-5,CS,8.2
0.10833178026595047,1.9100679754027938e-5,CS,8.3
0.10997947366408645,1.9100679754027938e-5,CS,8.4
0.11164974425365726,1.9100679754027938e-5,CS,8.5
0.1133428360716866,1.9100679754027938e-5,CS,8.600000000000001
0.11505899388600427,1.9100679754027938e-5,CS,8.7
0.11679846312686126,1.9100679754027938e-5,CS,8.8
0.1185614898155174,1.9100679754027938e-5,CS,8.9
0.12034832048970379,1.9100679754027938e-5,CS,9
0.12215920212587439,1.9100679754027938e-5,CS,9.100000000000001
0.12399438205813307,1.9100679754027938e-5,CS,9.2
0.12585410789374718,1.9100679754027938e-5,CS,9.3
0.12773862742513442,1.9100679754027938e-5,CS,9.4
0.12964818853822457,1.9100679754027938e-5,CS,9.5
0.13158303911707825,1.9100679754027938e-5,CS,9.600000000000001
0.13354342694465093,1.9100679754027938e-5,CS,9.7
0.13552959959959265,1.9100679754027938e-5,CS,9.8
0.13754180434895735,1.9100679754027938e-5,CS,9.9
0.1395802880367012,1.9100679754027938e-5,CS,10
0.1416452969678479,1.9100679754027938e-5,CS,10.100000000000001
0.14373707678818493,1.9100679754027938e-5,CS,10.2
0.14585587235937192,1.9100679754027938e-5,CS,10.3
0.1480019276293012,1.9100679754027938e-5,CS,10.4
0.15017548549760695,1.9100679754027938e-5,CS,10.5
0.15237678767613927,1.9100679754027938e-5,CS,10.600000000000001
0.15460607454429098,1.9100679754027938e-5,CS,10.7
0.15686358499900388,1.9100679754027938e-5,CS,10.8
0.1591495562993135,1.9100679754027938e-5,CS,10.9
0.16146422390526505,1.9100679754027938e-5,CS,11
0.16380782131103588,1.9100679754027938e-5,CS,11.1
0.16618057987211765,1.9100679754027938e-5,CS,11.200000000000001
0.16858272862635548,1.9100679754027938e-5,CS,11.3
0.17101449410868552,1.9100679754027938e-5,CS,11.4
0.1734761001594034,1.9100679754027938e-5,CS,11.5
0.17596776772574385,1.9100679754027938e-5,CS,11.6
0.17848971465662222,1.9100679754027938e-5,CS,11.700000000000001
0.181042155490295,1.9100679754027938e-5,CS,11.8
0.18362530123479592,1.9100679754027938e-5,CS,11.9
0.1862393591408935,1.9100679754027938e-5,CS,12
0.18888453246738113,1.9100679754027938e-5,CS,12.1
0.19156102023849053,1.9100679754027938e-5,CS,12.200000000000001
0.1942690169931871,1.9100679754027938e-5,CS,12.3
0.19700871252613172,1.9100679754027938e-5,CS,12.4
0.19978029162008593,1.9100679754027938e-5,CS,12.5
0.20258393376949657,1.9100679754027938e-5,CS,12.600000000000001
0.2054198128950282,1.9100679754027938e-5,CS,12.700000000000001
0.20828809704880946,1.9100679754027938e-5,CS,12.8
0.21118894811009836,1.9100679754027938e-5,CS,12.9
0.21412252147112465,1.9100679754027938e-5,CS,13
0.21708896571283942,1.9100679754027938e-5,CS,13.100000000000001
0.22008842227030012,1.9100679754027938e-5,CS,13.200000000000001
0.2231210250873561,1.9100679754027938e-5,CS,13.3
0.22618690026042865,1.9100679754027938e-5,CS,13.4
0.22928616567100413,1.9100679754027938e-5,CS,13.5
0.2324189306065758,1.9100679754027938e-5,CS,13.600000000000001
0.2355852953697033,1.9100679754027938e-5,CS,13.700000000000001
0.23878535087488384,1.9100679754027938e-5,CS,13.8
0.24201917823288355,1.9100679754027938e-5,CS,13.9
0.24528684832218417,1.9100679754027938e-5,CS,14
0.24858842134723425,1.9100679754027938e-5,CS,14.100000000000001
0.25192394638310134,1.9100679754027938e-5,CS,14.200000000000001
0.2552934609061861,1.9100679754027938e-5,CS,14.3
0.25869699031061266,1.9100679754027938e-5,CS,14.4
0.2621345474099259,1.9100679754027938e-5,CS,14.5
0.26560613192366933,1.9100679754027938e-5,CS,14.600000000000001
0.2691117299484702,1.9100679754027938e-5,CS,14.700000000000001
0.2726513134131965,1.9100679754027938e-5,CS,14.8
0.276224839517786,1.9100679754027938e-5,CS,14.9
0.27983225015525814,1.9100679754027938e-5,CS,15
0.28347347131653855,1.9100679754027938e-5,CS,15.100000000000001
0.2871484124775776,1.9100679754027938e-5,CS,15.200000000000001
0.2908569659683016,1.9100679754027938e-5,CS,15.3
0.29459900632295355,1.9100679754027938e-5,CS,15.4
0.2983743896112907,1.9100679754027938e-5,CS,15.5
0.30218295275013407,1.9100679754027938e-5,CS,15.600000000000001
0.3060245127947896,1.9100679754027938e-5,CS,15.700000000000001
0.3098988662097728,1.9100679754027938e-5,CS,15.8
0.31380578811830784,1.9100679754027938e-5,CS,15.9
0.3177450315300243,1.9100679754027938e-5,CS,16
0.32171632654633964,1.9100679754027938e-5,CS,16.1
0.3257193795428517,1.9100679754027938e-5,CS,16.200000000000003
0.32975387232821607,1.9100679754027938e-5,CS,16.3
0.3338194612788694,1.9100679754027938e-5,CS,16.4
0.33791577644895554,1.9100679754027938e-5,CS,16.5
0.34204242065480805,1.9100679754027938e-5,CS,16.6
0.3461989685333826,1.9100679754027938e-5,CS,16.700000000000003
0.350384965573876,1.9100679754027938e-5,CS,16.8
0.3545999271218765,1.9100679754027938e-5,CS,16.9
0.3588433373553972,1.9100679754027938e-5,CS,17
0.36311464823194584,1.9100679754027938e-5,CS,17.1
0.36741327840594096,1.9100679754027938e-5,CS,17.200000000000003
0.37173861211576664,1.9100679754027938e-5,CS,17.3
0.3760899980395731,1.9100679754027938e-5,CS,17.4
0.3804667481191011,1.9100679754027938e-5,CS,17.5
0.3848681363506632,1.9100679754027938e-5,CS,17.6
0.3892933975424846,1.9100679754027938e-5,CS,17.700000000000003
0.3937417260374705,1.9100679754027938e-5,CS,17.8
0.398212274400624,1.9100679754027938e-5,CS,17.9
0.4027041520700507,1.9100679754027938e-5,CS,18
0.40721642397080693,1.9100679754027938e-5,CS,18.1
0.4117481090904693,1.9100679754027938e-5,CS,18.200000000000003
0.4162981790156195,1.9100679754027938e-5,CS,18.3
0.42086555642804413,1.9100679754027938e-5,CS,18.4
0.42544911355985526,1.9100679754027938e-5,CS,18.5
0.4300476706062888,1.9100679754027938e-5,CS,18.6
0.43465999409527,1.9100679754027938e-5,CS,18.700000000000003
0.43928479521245656,1.9100679754027938e-5,CS,18.8
0.4439207280809132,1.9100679754027938e-5,CS,18.9
0.44856638799391746,1.9100679754027938e-5,CS,19
0.4532203096000984,1.9100679754027938e-5,CS,19.1
0.457880965039303,1.9100679754027938e-5,CS,19.2
0.462546762028321,1.9100679754027938e-5,CS,19.3
0.467216041894968,1.9100679754027938e-5,CS,19.400000000000002
0.4718870775592645,1.9100679754027938e-5,CS,19.5
0.4765580714604969,1.9100679754027938e-5,CS,19.6
0.481227153428641,1.9100679754027938e-5,CS,19.7
0.48589237849889244,1.9100679754027938e-5,CS,19.8
0.49055172466774977,1.9100679754027938e-5,CS,19.900000000000002
0.49520309058933165,1.9100679754027938e-5,CS,20
0.49984429321031065,1.9100679754027938e-5,CS,20.1
0.504473065341978,1.9100679754027938e-5,CS,20.2
0.5090870531678888,1.9100679754027938e-5,CS,20.3
0.5136838136854145,1.9100679754027938e-5,CS,20.400000000000002
0.5182608120797294,1.9100679754027938e-5,CS,20.5
0.5228154190282304,1.9100679754027938e-5,CS,20.6
0.5273449079340189,1.9100679754027938e-5,CS,20.7
0.5318464520864907,1.9100679754027938e-5,CS,20.8
0.5363171217471461,1.9100679754027938e-5,CS,20.900000000000002
0.5407538811589916,1.9100679754027938e-5,CS,21
0.5451535854774825,1.9100679754027938e-5,CS,21.1
0.5495129776211556,1.9100679754027938e-5,CS,21.2
0.5538286850397576,1.9100679754027938e-5,CS,21.3
0.5580972163981563,1.9100679754027938e-5,CS,21.400000000000002
0.5623149581737295,1.9100679754027938e-5,CS,21.5
0.566478171165187,1.9100679754027938e-5,CS,21.6
0.5705829869105052,1.9100679754027938e-5,CS,21.7
0.5746254040119538,1.9100679754027938e-5,CS,21.8
0.5786012843658526,1.9100679754027938e-5,CS,21.900000000000002
0.5825063492945155,1.9100679754027938e-5,CS,22
0.5863361755782961,1.9100679754027938e-5,CS,22.1
0.5900861913851756,1.9100679754027938e-5,CS,22.200000000000003
0.5937516720951237,1.9100679754027938e-5,CS,22.3
0.5973277360170783,1.9100679754027938e-5,CS,22.400000000000002
0.6008093399957026,1.9100679754027938e-5,CS,22.5
0.6041912749050589,1.9100679754027938e-5,CS,22.6
0.6074681610267589,1.9100679754027938e-5,CS,22.700000000000003
0.6106344433096922,1.9100679754027938e-5,CS,22.8
0.6136843865080728,1.9100679754027938e-5,CS,22.900000000000002
0.6166120701954441,1.9100679754027938e-5,CS,23
0.6194113836512152,1.9100679754027938e-5,CS,23.1
0.6220760206165821,1.9100679754027938e-5,CS,23.200000000000003
0.6245994739169447,1.9100679754027938e-5,CS,23.3
0.626975029947527,1.9100679754027938e-5,CS,23.400000000000002
0.6291957630184228,1.9100679754027938e-5,CS,23.5
0.6312545295563403,1.9100679754027938e-5,CS,23.6
0.6331439621591102,1.9100679754027938e-5,CS,23.700000000000003
0.6348564634995668,1.9100679754027938e-5,CS,23.8
0.6363842000749607,1.9100679754027938e-5,CS,23.900000000000002
0.6377190957984951,1.9100679754027938e-5,CS,24
0.6388528254288346,1.9100679754027938e-5,CS,24.1
0.6397768078340107,1.9100679754027938e-5,CS,24.200000000000003
0.6404821990852341,1.9100679754027938e-5,CS,24.3
0.6409598853770149,1.9100679754027938e-5,CS,24.400000000000002
0.6412004757692955,1.9100679754027938e-5,CS,24.5
0.641194294746839,1.9100679754027938e-5,CS,24.6
0.6409313745921779,1.9100679754027938e-5,CS,24.700000000000003
0.6404014475672071,1.9100679754027938e-5,CS,24.8
0.6395939378987663,1.9100679754027938e-5,CS,24.900000000000002
0.6384979535637711,1.9100679754027938e-5,CS,25
0.6371022778690545,1.9100679754027938e-5,CS,25.1
0.6353953608205529,1.9100679754027938e-5,CS,25.200000000000003
0.6333653102774122,1.9100679754027938e-5,CS,25.3
0.6309998828855754,1.9100679754027938e-5,CS,25.400000000000002
0.6282864747851846,1.9100679754027938e-5,CS,25.5
0.6252121120872403,1.9100679754027938e-5,CS,25.6
0.6217634411132096,1.9100679754027938e-5,CS,25.700000000000003
0.6179267183922406,1.9100679754027938e-5,CS,25.8
0.6136878004101689,1.9100679754027938e-5,CS,25.900000000000002
0.6090321331046624,1.9100679754027938e-5,CS,26
0.6039447410995038,1.9100679754027938e-5,CS,26.1
0.5984102166731873,1.9100679754027938e-5,CS,26.200000000000003
0.5924127084546171,1.9100679754027938e-5,CS,26.3
0.5859359098387387,1.9100679754027938e-5,CS,26.400000000000002
0.5789630471174192,1.9100679754027938e-5,CS,26.5
0.5714768673170525,1.9100679754027938e-5,CS,26.6
0.5634596257362219,1.9100679754027938e-5,CS,26.700000000000003
0.5548930731770838,1.9100679754027938e-5,CS,26.8
0.5457584428624926,1.9100679754027938e-5,CS,26.900000000000002
0.5360364370312567,1.9100679754027938e-5,CS,27
0.5257072132049387,1.9100679754027938e-5,CS,27.1
0.514750370116758,1.9100679754027938e-5,CS,27.200000000000003
0.5031449332962907,1.9100679754027938e-5,CS,27.3
0.4908693403008897,1.9100679754027938e-5,CS,27.400000000000002
0.4779014255851024,1.9100679754027938e-5,CS,27.5
0.4642184050006506,1.9100679754027938e-5,CS,27.6
0.4497968599175266,1.9100679754027938e-5,CS,27.700000000000003
0.43461272095686354,1.9100679754027938e-5,CS,27.8
0.4186412513273581,1.9100679754027938e-5,CS,27.900000000000002
0.40185702975557547,1.9100679754027938e-5,CS,28
0.3842339329996065,1.9100679754027938e-5,CS,28.1
0.36574511793780573,1.9100679754027938e-5,CS,28.200000000000003
0.3463630032217253,1.9100679754027938e-5,CS,28.3
0.32605925048258655,1.9100679754027938e-5,CS,28.400000000000002
0.30480474508182454,1.9100679754027938e-5,CS,28.5
0.28256957639413827,1.9100679754027938e-5,CS,28.6
0.2593230176122887,1.9100679754027938e-5,CS,28.700000000000003
0.23503350506302922,1.9100679754027938e-5,CS,28.8
0.20966861702102335,1.9100679754027938e-5,CS,28.900000000000002
0.18319505201091602,1.9100679754027938e-5,CS,29
0.15557860658469735,1.9100679754027938e-5,CS,29.1
0.12678415256117148,1.9100679754027938e-5,CS,29.200000000000003
0.09677561371664467,1.9100679754027938e-5,CS,29.3
0.06551594191284948,1.9100679754027938e-5,CS,29.400000000000002
0.032967092648789276,1.9100679754027938e-5,CS,29.5
-9.099999763435562e-4,1.9100679754027938e-5,CS,29.6
-0.036155448902817966,1.9100679754027938e-5,CS,29.700000000000003
-0.0728104403679879,1.9100679754027938e-5,CS,29.8
-0.11091726079487785,1.9100679754027938e-5,CS,29.900000000000002
-0.15051932432668025,1.9100679754027938e-5,CS,30
-0.1916612010237202,1.9100679754027938e-5,CS,30.1
-0.23438864573628848,1.9100679754027938e-5,CS,30.200000000000003
-0.2787486276700548,1.9100679754027938e-5,CS,30.3
-0.3247893606612138,1.9100679754027938e-5,CS,30.400000000000002
-0.3725603341759154,1.9100679754027938e-5,CS,30.5
-0.4221123450520565,1.9100679754027938e-5,CS,30.6
-0.4734975300012678,1.9100679754027938e-5,CS,30.700000000000003
-0.5267693988873248,1.9100679754027938e-5,CS,30.8
-0.5819828687996846,1.9100679754027938e-5,CS,30.900000000000002
-0.6391942989418453,1.9100679754027938e-5,CS,31
-0.6984615263511103,1.9100679754027938e-5,CS,31.1
-0.7598439024713173,1.9100679754027938e-5,CS,31.200000000000003
-0.8234023305967924,1.9100679754027938e-5,CS,31.3
-0.8891993042086028,1.9100679754027938e-5,CS,31.400000000000002
-0.9572989462237729,1.9100679754027938e-5,CS,31.5
-1.0277670491784079,1.9100679754027938e-5,CS,31.6
-1.1006711163656746,1.9100679754027938e-5,CS,31.700000000000003
-1.1760804039529944,1.9100679754027938e-5,CS,31.8
-1.2540659640985155,1.9100679754027938e-5,CS,31.900000000000002
-1.3347006890910222,1.9100679754027938e-5,CS,32
-1.4180593565386346,1.9100679754027938e-5,CS,32.1
-1.5042186756274987,1.9100679754027938e-5,CS,32.2
-1.5932573344769025,1.9100679754027938e-5,CS,32.3
-1.685256048617589,1.9100679754027938e-5,CS,32.400000000000006
-1.7802976106160315,1.9100679754027938e-5,CS,32.5
-1.8784669408728405,1.9100679754027938e-5,CS,32.6
-1.9798511396241167,1.9100679754027938e-5,CS,32.7
-2.084539540169942,1.9100679754027938e-5,CS,32.8
-2.1926237633606434,1.9100679754027938e-5,CS,32.900000000000006
-2.304197773370248,1.9100679754027938e-5,CS,33
-2.4193579347851255,1.9100679754027938e-5,CS,33.1
-2.5382030710385095,1.9100679754027938e-5,CS,33.2
-2.6608345242238727,1.9100679754027938e-5,CS,33.3
-2.787356216316226,1.9100679754027938e-5,CS,33.400000000000006
-2.9178747118341164,1.9100679754027938e-5,CS,33.5
-3.052499281979607,1.9100679754027938e-5,CS,33.6
-3.1913419702825934,1.9100679754027938e-5,CS,33.7
-3.33451765979072,1.9100679754027938e-5,CS,33.8
-3.4821441418391146,1.9100679754027938e-5,CS,33.900000000000006
-3.6343421864320646,1.9100679754027938e-5,CS,34
-3.791235614280083,1.9100679754027938e-5,CS,34.1
-3.952951370524829,1.9100679754027938e-5,CS,34.2
-4.11961960019417,1.9100679754027938e-5,CS,34.3
-4.291373725424222,1.9100679754027938e-5,CS,34.400000000000006
-4.468350524493246,1.9100679754027938e-5,CS,34.5
-4.650690212702614,1.9100679754027938e-5,CS,34.6
-4.838536525154325,1.9100679754027938e-5,CS,34.7
-5.032036801462198,1.9100679754027938e-5,CS,34.8
-5.23134207244442,1.9100679754027938e-5,CS,34.900000000000006
-5.436607148843336,1.9100679754027938e-5,CS,35
-5.647990712117007,1.9100679754027938e-5,CS,35.1
-5.865655407348697,1.9100679754027938e-5,CS,35.2
-6.089767938328578,1.9100679754027938e-5,CS,35.300000000000004
-6.320499164850332,1.9100679754027938e-5,CS,35.4
-6.558024202275874,1.9100679754027938e-5,CS,35.5
-6.802522523424443,1.9100679754027938e-5,CS,35.6
-7.0541780628302035,1.9100679754027938e-5,CS,35.7
-7.313179323430404,1.9100679754027938e-5,CS,35.800000000000004
-7.5797194857361205,1.9100679754027938e-5,CS,35.9
-7.85399651954242,1.9100679754027938e-5,CS,36
-8.136213298235134,1.9100679754027938e-5,CS,36.1
-8.42657771575648,1.9100679754027938e-5,CS,36.2
-8.725302806286493,1.9100679754027938e-5,CS,36.300000000000004
-9.03260686670194,1.9100679754027938e-5,CS,36.4
-9.348713581884965,1.9100679754027938e-5,CS,36.5
-9.673852152928362,1.9100679754027938e-5,CS,36.6
-10.008257428323816,1.9100679754027938e-5,CS,36.7
-10.352170038185761,1.9100679754027938e-5,CS,36.800000000000004
-10.705836531587806,1.9100679754027938e-5,CS,36.9
-11.069509517078075,1.9100679754027938e-5,CS,37
-11.443447806452014,1.9100679754027938e-5,CS,37.1
-11.827916561846735,1.9100679754027938e-5,CS,37.2
-12.223187446243912,1.9100679754027938e-5,CS,37.300000000000004
-12.629538777448943,1.9100679754027938e-5,CS,37.4
-13.047255685629636,1.9100679754027938e-5,CS,37.5
-13.476630274497609,1.9100679754027938e-5,CS,37.6
-13.91796178620939,1.9100679754027938e-5,CS,37.7
-14.371556770073937,1.9100679754027938e-5,CS,37.800000000000004
-14.837729255157967,1.9100679754027938e-5,CS,37.9
-15.316800926866108,1.9100679754027938e-5,CS,38
-15.809101307599235,1.9100679754027938e-5,CS,38.1
-16.314967941572604,1.9100679754027938e-5,CS,38.2
-16.83474658389457,1.9100679754027938e-5,CS,38.300000000000004
-17.36879139399582,1.9100679754027938e-5,CS,38.4
-17.917465133522114,1.9100679754027938e-5,CS,38.5
-18.481139368765184,1.9100679754027938e-5,CS,38.6
-19.060194677767186,1.9100679754027938e-5,CS,38.7
-19.655020862175547,1.9100679754027938e-5,CS,38.800000000000004
-20.266017163974766,1.9100679754027938e-5,CS,38.9
-20.893592487193132,1.9100679754027938e-5,CS,39
-21.538165624708085,1.9100679754027938e-5,CS,39.1
-22.20016549025229,1.9100679754027938e-5,CS,39.2
-22.88003135575218,1.9100679754027938e-5,CS,39.300000000000004
-23.578213094106104,1.9100679754027938e-5,CS,39.4
-24.29517142753275,1.9100679754027938e-5,CS,39.5
-25.031378181615537,1.9100679754027938e-5,CS,39.6
-25.787316545167982,1.9100679754027938e-5,CS,39.7
-26.563481336049335,1.9100679754027938e-5,CS,39.800000000000004
-27.360379273075523,1.9100679754027938e-5,CS,39.9
-28.178529254149794,1.9100679754027938e-5,CS,40
-29.018462640757775,1.9100679754027938e-5,CS,40.1
-29.88072354897588,1.9100679754027938e-5,CS,40.2
-30.76586914713255,1.9100679754027938e-5,CS,40.300000000000004
-31.67446996027479,1.9100679754027938e-5,CS,40.4
-32.60711018159168,1.9100679754027938e-5,CS,40.5
-33.56438799095588,1.9100679754027938e-5,CS,40.6
-34.546915880738084,1.9100679754027938e-5,CS,40.7
-35.555320989054735,1.9100679754027938e-5,CS,40.800000000000004
-36.590245440635954,1.9100679754027938e-5,CS,40.9
-37.652346695454185,1.9100679754027938e-5,CS,41
-38.742297905313535,1.9100679754027938e-5,CS,41.1
-39.86078827856534,1.9100679754027938e-5,CS,41.2
-41.0085234531399,1.9100679754027938e-5,CS,41.300000000000004
-42.18622587806715,1.9100679754027938e-5,CS,41.400000000000006
-43.39463520370748,1.9100679754027938e-5,CS,41.5
-44.63450868084533,1.9100679754027938e-5,CS,41.6
-45.90662156888152,1.9100679754027938e-5,CS,41.7
-47.2117675533068,1.9100679754027938e-5,CS,41.800000000000004
-48.55075917267686,1.9100679754027938e-5,CS,41.900000000000006
-49.92442825528383,1.9100679754027938e-5,CS,42
0.06341940283565778,6.800704862619495,TT,3
0.06442382439171301,6.800704862619495,TT,3.1
0.0654432882124194,6.800704862619495,TT,3.2
0.06647799868547538,6.800704862619495,TT,3.3
0.06752816244271215,6.800704862619495,TT,3.4
0.06859398836974218,6.800704862619495,TT,3.5
0.0696756876151276,6.800704862619495,TT,3.6
0.07077347359904518,6.800704862619495,TT,3.7
0.07188756202142538,6.800704862619495,TT,3.8
0.07301817086954215,6.800704862619495,TT,3.9
0.0741655204250275,6.800704862619495,TT,4
0.07532983327028636,6.800704862619495,TT,4.1
0.07651133429428664,6.800704862619495,TT,4.2
0.07771025069769405,6.800704862619495,TT,4.3
0.0789268119973286,6.800704862619495,TT,4.4
0.0801612500299102,6.800704862619495,TT,4.5
0.08141379895506673,6.800704862619495,TT,4.6
0.08268469525757233,6.800704862619495,TT,4.7
0.08397417774878563,6.800704862619495,TT,4.8
0.08528248756725598,6.800704862619495,TT,4.9
0.08660986817846378,6.800704862619495,TT,5
0.08795656537366153,6.800704862619495,TT,5.1
0.08932282726777996,6.800704862619495,TT,5.2
0.09070890429636358,6.800704862619495,TT,5.300000000000001
0.0921150492114986,6.800704862619495,TT,5.4
0.09354151707669417,6.800704862619495,TT,5.5
0.09498856526067845,6.800704862619495,TT,5.6
0.09645645343006892,6.800704862619495,TT,5.7
0.09794544354087381,6.800704862619495,TT,5.800000000000001
0.099455799828785,6.800704862619495,TT,5.9
0.10098778879821452,6.800704862619495,TT,6
0.10254167921003221,6.800704862619495,TT,6.1
0.10411774206795604,6.800704862619495,TT,6.2
0.10571625060354795,6.800704862619495,TT,6.300000000000001
0.10733748025976653,6.800704862619495,TT,6.4
0.10898170867302381,6.800704862619495,TT,6.5
0.11064921565369645,6.800704862619495,TT,6.6
0.11234028316503519,6.800704862619495,TT,6.7
0.11405519530041974,6.800704862619495,TT,6.800000000000001
0.115794238258901,6.800704862619495,TT,6.9
0.11755770031897284,6.800704862619495,TT,7
0.11934587181051315,6.800704862619495,TT,7.1000000000000005
0.12115904508483244,6.800704862619495,TT,7.2
0.12299751448276885,6.800704862619495,TT,7.3
0.12486157630076156,6.800704862619495,TT,7.4
0.12675152875483586,6.800704862619495,TT,7.5
0.12866767194243567,6.800704862619495,TT,7.6000000000000005
0.13061030780202731,6.800704862619495,TT,7.7
0.13257974007040485,6.800704862619495,TT,7.800000000000001
0.1345762742376222,6.800704862619495,TT,7.9
0.13660021749947693,6.800704862619495,TT,8
0.13865187870746343,6.800704862619495,TT,8.100000000000001
0.14073156831611822,6.800704862619495,TT,8.2
0.14283959832767423,6.800704862619495,TT,8.3
0.14497628223393655,6.800704862619495,TT,8.4
0.14714193495529282,6.800704862619495,TT,8.5
0.14933687277677288,6.800704862619495,TT,8.600000000000001
0.151561413281058,6.800704862619495,TT,8.7
0.15381587527835083,6.800704862619495,TT,8.8
0.15610057873300576,6.800704862619495,TT,8.9
0.15841584468682313,6.800704862619495,TT,9
0.16076199517889833,6.800704862619495,TT,9.100000000000001
0.16313935316193007,6.800704862619495,TT,9.2
0.16554824241486976,6.800704862619495,TT,9.3
0.16798898745180801,6.800704862619495,TT,9.4
0.17046191342698347,6.800704862619495,TT,9.5
0.17296734603579333,6.800704862619495,TT,9.600000000000001
0.1755056114116874,6.800704862619495,TT,9.7
0.17807703601882796,6.800704862619495,TT,9.8
0.1806819465403786,6.800704862619495,TT,9.9
0.18332066976230288,6.800704862619495,TT,10
0.1859935324525308,6.800704862619495,TT,10.100000000000001
0.18870086123536356,6.800704862619495,TT,10.2
0.1914429824609729,6.800704862619495,TT,10.3
0.194220222069851,6.800704862619495,TT,10.4
0.1970329054520643,6.800704862619495,TT,10.5
0.19988135730116197,6.800704862619495,TT,10.600000000000001
0.20276590146257578,6.800704862619495,TT,10.7
0.20568686077636844,6.800704862619495,TT,10.8
0.20864455691414152,6.800704862619495,TT,10.9
0.21163931020996163,6.800704862619495,TT,11
0.2146714394851179,6.800704862619495,TT,11.1
0.21774126186653486,6.800704862619495,TT,11.200000000000001
0.2208490925986648,6.800704862619495,TT,11.3
0.22399524484866862,6.800704862619495,TT,11.4
0.22718002950470262,6.800704862619495,TT,11.5
0.23040375496710475,6.800704862619495,TT,11.6
0.23366672693228963,6.800704862619495,TT,11.700000000000001
0.23696924816913878,6.800704862619495,TT,11.8
0.2403116182876881,6.800704862619495,TT,11.9
0.24369413349988212,6.800704862619495,TT,12
0.24711708637217145,6.800704862619495,TT,12.1
0.25058076556975517,6.800704862619495,TT,12.200000000000001
0.25408545559219187,6.800704862619495,TT,12.3
0.25763143650017883,6.800704862619495,TT,12.4
0.2612189836332235,6.800704862619495,TT,12.5
0.26484836731798933,6.800704862619495,TT,12.600000000000001
0.26851985256702027,6.800704862619495,TT,12.700000000000001
0.27223369876761283,6.800704862619495,TT,12.8
0.2759901593605445,6.800704862619495,TT,12.9
0.2797894815083941,6.800704862619495,TT,13
0.28363190575315955,6.800704862619495,TT,13.100000000000001
0.28751766566288417,6.800704862619495,TT,13.200000000000001
0.2914469874669976,6.800704862619495,TT,13.3
0.29542008968006295,6.800704862619495,TT,13.4
0.29943718271360575,6.800704862619495,TT,13.5
0.3034984684757229,6.800704862619495,TT,13.600000000000001
0.30760413995811664,6.800704862619495,TT,13.700000000000001
0.31175438081024387,6.800704862619495,TT,13.8
0.3159493649002081,6.800704862619495,TT,13.9
0.32018925586205826,6.800704862619495,TT,14
0.3244742066291031,6.800704862619495,TT,14.100000000000001
0.3288043589529175,6.800704862619495,TT,14.200000000000001
0.3331798429076005,6.800704862619495,TT,14.3
0.3376007763789324,6.800704862619495,TT,14.4
0.3420672645380125,6.800704862619495,TT,14.5
0.34657939929898074,6.800704862619495,TT,14.600000000000001
0.35113725876037494,6.800704862619495,TT,14.700000000000001
0.355740906629721,6.800704862619495,TT,14.8
0.3603903916308946,6.800704862619495,TT,14.9
0.36508574689381224,6.800704862619495,TT,15
0.36982698932597335,6.800704862619495,TT,15.100000000000001
0.3746141189653911,6.800704862619495,TT,15.200000000000001
0.3794471183144159,6.800704862619495,TT,15.3
0.38432595165395567,6.800704862619495,TT,15.4
0.38925056433757454,6.800704862619495,TT,15.5
0.39422088206495376,6.800704862619495,TT,15.600000000000001
0.3992368101341781,6.800704862619495,TT,15.700000000000001
0.40429823267227727,6.800704862619495,TT,15.8
0.40940501184349776,6.800704862619495,TT,15.9
0.4145569870346715,6.800704862619495,TT,16
0.4197539740171532,6.800704862619495,TT,16.1
0.4249957640846662,6.800704862619495,TT,16.200000000000003
0.4302821231664704,6.800704862619495,TT,16.3
0.4356127909151857,6.800704862619495,TT,16.4
0.4409874797686717,6.800704862619495,TT,16.5
0.44640587398522014,6.800704862619495,TT,16.6
0.4518676286514456,6.800704862619495,TT,16.700000000000003
0.45737236866214204,6.800704862619495,TT,16.8
0.46291968767138414,6.800704862619495,TT,16.9
0.46850914701416446,6.800704862619495,TT,17
0.47414027459778474,6.800704862619495,TT,17.1
0.47981256376224835,6.800704862619495,TT,17.200000000000003
0.48552547210885955,6.800704862619495,TT,17.3
0.49127842029623814,6.800704862619495,TT,17.4
0.49707079080288263,6.800704862619495,TT,17.5
0.5029019266554835,6.800704862619495,TT,17.6
0.508771130122085,6.800704862619495,TT,17.700000000000003
0.5146776613692143,6.800704862619495,TT,17.8
0.5206207370820923,6.800704862619495,TT,17.9
0.5265995290469441,6.800704862619495,TT,18
0.5326131626945116,6.800704862619495,TT,18.1
0.5386607156037595,6.800704862619495,TT,18.200000000000003
0.5447412159647724,6.800704862619495,TT,18.3
0.5508536409998461,6.800704862619495,TT,18.4
0.5569969153416912,6.800704862619495,TT,18.5
0.5631699093676952,6.800704862619495,TT,18.6
0.5693714374891572,6.800704862619495,TT,18.700000000000003
0.5756002563943365,6.800704862619495,TT,18.8
0.5818550632441832,6.800704862619495,TT,18.9
0.5881344938195836,6.800704862619495,TT,19
0.594437120618883,6.800704862619495,TT,19.1
0.6007614509044759,6.800704862619495,TT,19.2
0.6071059246971995,6.800704862619495,TT,19.3
0.61346891271719,6.800704862619495,TT,19.400000000000002
0.619848714269958,6.800704862619495,TT,19.5
0.6262435550762531,6.800704862619495,TT,19.6
0.6326515850443464,6.800704862619495,TT,19.7
0.6390708759833421,6.800704862619495,TT,19.8
0.6454994192560131,6.800704862619495,TT,19.900000000000002
0.6519351233697117,6.800704862619495,TT,20
0.658375811503805,6.800704862619495,TT,20.1
0.6648192189720685,6.800704862619495,TT,20.2
0.6712629906185033,6.800704862619495,TT,20.3
0.6777046781448028,6.800704862619495,TT,20.400000000000002
0.6841417373679839,6.800704862619495,TT,20.5
0.6905715254062841,6.800704862619495,TT,20.6
0.6969912977916923,6.800704862619495,TT,20.7
0.7033982055072983,6.800704862619495,TT,20.8
0.7097892919475388,6.800704862619495,TT,20.900000000000002
0.7161614897996262,6.800704862619495,TT,21
0.7225116178440185,6.800704862619495,TT,21.1
0.7288363776721809,6.800704862619495,TT,21.2
0.7351323503194731,6.800704862619495,TT,21.3
0.741395992811114,6.800704862619495,TT,21.400000000000002
0.7476236346192433,6.800704862619495,TT,21.5
0.7538114740286872,6.800704862619495,TT,21.6
0.7599555744095028,6.800704862619495,TT,21.7
0.766051860393711,6.800704862619495,TT,21.8
0.7720961139542872,6.800704862619495,TT,21.900000000000002
0.7780839703836229,6.800704862619495,TT,22
0.7840109141694,6.800704862619495,TT,22.1
0.789872274765175,6.800704862619495,TT,22.200000000000003
0.7956632222531397,6.800704862619495,TT,22.3
0.8013787628966664,6.800704862619495,TT,22.400000000000002
0.8070137345796908,6.800704862619495,TT,22.5
0.8125628021304117,6.800704862619495,TT,22.6
0.8180204525265165,6.800704862619495,TT,22.700000000000003
0.8233809899788813,6.800704862619495,TT,22.8
0.8286385308912134,6.800704862619495,TT,22.900000000000002
0.8337869986921476,6.800704862619495,TT,23
0.8388201185373294,6.800704862619495,TT,23.1
0.8437314118777426,6.800704862619495,TT,23.200000000000003
0.8485141908916951,6.800704862619495,TT,23.3
0.8531615527766778,6.800704862619495,TT,23.400000000000002
0.8576663738980912,6.800704862619495,TT,23.5
0.8620213037913338,6.800704862619495,TT,23.6
0.8662187590135844,6.800704862619495,TT,23.700000000000003
0.8702509168420178,6.800704862619495,TT,23.8
0.8741097088145082,6.800704862619495,TT,23.900000000000002
0.877786814109129,6.800704862619495,TT,24
0.8812736527588214,6.800704862619495,TT,24.1
0.8845613786969935,6.800704862619495,TT,24.200000000000003
0.8876408726303531,6.800704862619495,TT,24.3
0.8905027347345076,6.800704862619495,TT,24.400000000000002
0.8931372771685737,6.800704862619495,TT,24.5
0.8955345164040871,6.800704862619495,TT,24.6
0.8976841653640086,6.800704862619495,TT,24.700000000000003
0.8995756253675147,6.800704862619495,TT,24.8
0.9011979778754124,6.800704862619495,TT,24.900000000000002
0.9025399760322763,6.800704862619495,TT,25
0.9035900359997093,6.800704862619495,TT,25.1
0.9043362280762679,6.800704862619495,TT,25.200000000000003
0.9047662675990509,6.800704862619495,TT,25.3
0.9048675056213327,6.800704862619495,TT,25.400000000000002
0.9046269193616752,6.800704862619495,TT,25.5
0.90403110241839,6.800704862619495,TT,25.6
0.9030662547444699,6.800704862619495,TT,25.700000000000003
0.901718172376885,6.800704862619495,TT,25.8
0.899972236914877,6.800704862619495,TT,25.900000000000002
0.8978134047409192,6.800704862619495,TT,26
0.895226195978605,6.800704862619495,TT,26.1
0.8921946831814225,6.800704862619495,TT,26.200000000000003
0.8887024797455148,6.800704862619495,TT,26.3
0.8847327280408201,6.800704862619495,TT,26.400000000000002
0.8802680872530111,6.800704862619495,TT,26.5
0.8752907209305683,6.800704862619495,TT,26.6
0.8697822842290606,6.800704862619495,TT,26.700000000000003
0.8637239108461259,6.800704862619495,TT,26.8
0.8570961996400221,6.800704862619495,TT,26.900000000000002
0.8498792009238088,6.800704862619495,TT,27
0.842052402428326,6.800704862619495,TT,27.1
0.8335947149256135,6.800704862619495,TT,27.200000000000003
0.8244844575049797,6.800704862619495,TT,27.3
0.8146993424943219,6.800704862619495,TT,27.400000000000002
0.804216460017237,6.800704862619495,TT,27.5
0.7930122621785856,6.800704862619495,TT,27.6
0.7810625468690446,6.800704862619495,TT,27.700000000000003
0.7683424411804509,6.800704862619495,TT,27.8
0.754826384422401,6.800704862619495,TT,27.900000000000002
0.740488110731043,6.800704862619495,TT,28
0.7253006312607084,6.800704862619495,TT,28.1
0.7092362159485575,6.800704862619495,TT,28.200000000000003
0.6922663748424895,6.800704862619495,TT,28.3
0.6743618389819659,6.800704862619495,TT,28.400000000000002
0.6554925408215766,6.800704862619495,TT,28.5
0.6356275941870138,6.800704862619495,TT,28.6
0.6147352737519753,6.800704862619495,TT,28.700000000000003
0.5927829940257752,6.800704862619495,TT,28.8
0.569737287839331,6.800704862619495,TT,28.900000000000002
0.5455637843193628,6.800704862619495,TT,29
0.5202271863375287,6.800704862619495,TT,29.1
0.4936912474231008,6.800704862619495,TT,29.200000000000003
0.4659187481272724,6.800704862619495,TT,29.3
0.43687147182518515,6.800704862619495,TT,29.400000000000002
0.40651017994434113,6.800704862619495,TT,29.5
0.3747945866046294,6.800704862619495,TT,29.6
0.3416833326575883,6.800704862619495,TT,29.700000000000003
0.30713395911076447,6.800704862619495,TT,29.8
0.271102879922438,6.800704862619495,TT,29.900000000000002
0.23354535415350597,6.800704862619495,TT,30
0.19441545746025213,6.800704862619495,TT,30.1
0.1536660529144882,6.800704862619495,TT,30.200000000000003
0.11124876113401427,6.800704862619495,TT,30.3
0.067113929708988,6.800704862619495,TT,30.400000000000002
0.021210601907441173,6.800704862619495,TT,30.5
-0.02651351535703128,6.800704862619495,TT,30.6
-0.07611208431094241,6.800704862619495,TT,30.700000000000003
-0.12764016987897975,6.800704862619495,TT,30.8
-0.18115427403013484,6.800704862619495,TT,30.900000000000002
-0.23671237093174113,6.800704862619495,TT,31
-0.2943739429289849,6.800704862619495,TT,31.1
-0.3542000173679867,6.800704862619495,TT,31.200000000000003
-0.416253204283791,6.800704862619495,TT,31.3
-0.4805977349706012,6.800704862619495,TT,31.400000000000002
-0.5472995014564788,6.800704862619495,TT,31.5
-0.6164260969012929,6.800704862619495,TT,31.6
-0.6880468569403604,6.800704862619495,TT,31.700000000000003
-0.7622329019948353,6.800704862619495,TT,31.8
-0.8390571805703644,6.800704862619495,TT,31.900000000000002
-0.9185945135672426,6.800704862619495,TT,32
-1.0009216396244085,6.800704862619495,TT,32.1
-1.0861172615217498,6.800704862619495,TT,32.2
-1.174262093663316,6.800704862619495,TT,32.3
-1.2654389106676547,6.800704862619495,TT,32.400000000000006
-1.3597325970886516,6.800704862619495,TT,32.5
-1.4572301982943827,6.800704862619495,TT,32.6
-1.5580209725286096,6.800704862619495,TT,32.7
-1.6621964441825554,6.800704862619495,TT,32.8
-1.7698504583044041,6.800704862619495,TT,32.900000000000006
-1.881079236374731,6.800704862619495,TT,33
-1.995981433375249,6.800704862619495,TT,33.1
-2.1146581961824467,6.800704862619495,TT,33.2
-2.237213223313404,6.800704862619495,TT,33.3
-2.3637528260570377,6.800704862619495,TT,33.400000000000006
-2.494385991019655,6.800704862619495,TT,33.5
-2.6292244441189325,6.800704862619495,TT,33.6
-2.7683827160574594,6.800704862619495,TT,33.7
-2.9119782093095665,6.800704862619495,TT,33.8
-3.060131266657052,6.800704862619495,TT,33.900000000000006
-3.212965241306037,6.800704862619495,TT,34
-3.370606568623529,6.800704862619495,TT,34.1
-3.5331848395282037,6.800704862619495,TT,34.2
-3.700832875572857,6.800704862619495,TT,34.3
-3.873686805758581,6.800704862619495,TT,34.400000000000006
-4.0518861451163275,6.800704862619495,TT,34.5
-4.235573875099533,6.800704862619495,TT,34.6
-4.424896525824494,6.800704862619495,TT,34.7
-4.620004260204098,6.800704862619495,TT,34.8
-4.821050960014304,6.800704862619495,TT,34.900000000000006
-5.028194313937888,6.800704862619495,TT,35
-5.2415959076313925,6.800704862619495,TT,35.1
-5.461421315857535,6.800704862619495,TT,35.2
-5.687840196733447,6.800704862619495,TT,35.300000000000004
-5.921026388137619,6.800704862619495,TT,35.4
-6.161158006328833,6.800704862619495,TT,35.5
-6.408417546823102,6.800704862619495,TT,35.6
-6.662991987579858,6.800704862619495,TT,35.7
-6.925072894552045,6.800704862619495,TT,35.800000000000004
-7.194856529648064,6.800704862619495,TT,35.9
-7.472543961164433,6.800704862619495,TT,36
-7.758341176741908,6.800704862619495,TT,36.1
-8.052459198900976,6.800704862619495,TT,36.2
-8.355114203217568,6.800704862619495,TT,36.300000000000004
-8.66652763919356,6.800704862619495,TT,36.4
-8.986926353887469,6.800704862619495,TT,36.5
-9.316542718362058,6.800704862619495,TT,36.6
-9.655614757014945,6.800704862619495,TT,36.7
-10.004386279856561,6.800704862619495,TT,36.800000000000004
-10.363107017799337,6.800704862619495,TT,36.9
-10.73203276102717,6.800704862619495,TT,37
-11.11142550051224,6.800704862619495,TT,37.1
-11.501553572752726,6.800704862619495,TT,37.2
-11.902691807797652,6.800704862619495,TT,37.300000000000004
-12.315121680638782,6.800704862619495,TT,37.4
-12.739131466038543,6.800704862619495,TT,37.5
-13.175016396874526,6.800704862619495,TT,37.6
-13.623078826078455,6.800704862619495,TT,37.7
-14.083628392246084,6.800704862619495,TT,37.800000000000004
-14.556982189006135,6.800704862619495,TT,37.9
-15.043464938225327,6.800704862619495,TT,38
-15.543409167138378,6.800704862619495,TT,38.1
-16.05715538949181,6.800704862619495,TT,38.2
-16.585052290784688,6.800704862619495,TT,38.300000000000004
-17.12745691770624,6.800704862619495,TT,38.4
-17.68473487185355,6.800704862619495,TT,38.5
-18.25726050783379,6.800704862619495,TT,38.6
-18.84541713584173,6.800704862619495,TT,38.7
-19.44959722881441,6.800704862619495,TT,38.800000000000004
-20.070202634265627,6.800704862619495,TT,38.9
-20.707644790900986,6.800704862619495,TT,39
-21.362344950123656,6.800704862619495,TT,39.1
-22.034734402533616,6.800704862619495,TT,39.2
-22.725254709538888,6.800704862619495,TT,39.300000000000004
-23.434357940182792,6.800704862619495,TT,39.4
-24.162506913311347,6.800704862619495,TT,39.5
-24.910175445193715,6.800704862619495,TT,39.6
-25.677848602716494,6.800704862619495,TT,39.7
-26.46602296228076,6.800704862619495,TT,39.800000000000004
-27.275206874518858,6.800704862619495,TT,39.9
-28.105920734968777,6.800704862619495,TT,40
-28.958697260833105,6.800704862619495,TT,40.1
-29.834081773955972,6.800704862619495,TT,40.2
-30.7326324901598,6.800704862619495,TT,40.300000000000004
-31.654920815076935,6.800704862619495,TT,40.4
-32.6015316466262,6.800704862619495,TT,40.5
-33.57306368427345,6.800704862619495,TT,40.6
-34.57012974523599,6.800704862619495,TT,40.7
-35.59335708776928,6.800704862619495,TT,40.800000000000004
-36.643387741707954,6.800704862619495,TT,40.9
-37.720878846413484,6.800704862619495,TT,41
-38.8265029962879,6.800704862619495,TT,41.1
-39.960948594032175,6.800704862619495,TT,41.2
-41.12492021180475,6.800704862619495,TT,41.300000000000004
-42.31913896046848,6.800704862619495,TT,41.400000000000006
-43.54434286709477,6.800704862619495,TT,41.5
-44.801287260914705,6.800704862619495,TT,41.6
-46.09074516789059,6.800704862619495,TT,41.7
-47.41350771411089,6.800704862619495,TT,41.800000000000004
-48.770384538196936,6.800704862619495,TT,41.900000000000006
-50.16220421292189,6.800704862619495,TT,42
