umax_temp,ks_temp,Species,temp
0.03730153329054125,0.9532434430939934,AC,3
0.037824454250282656,0.9532434430939934,AC,3.1
0.03835470590948907,0.9532434430939934,AC,3.2
0.03889239103542129,0.9532434430939934,AC,3.3
0.0394376138360089,0.9532434430939934,AC,3.4
0.03999047998004663,0.9532434430939934,AC,3.5
0.04055109661767392,0.9532434430939934,AC,3.6
0.041119572401141453,0.9532434430939934,AC,3.7
0.041696017505868925,0.9532434430939934,AC,3.8
0.04228054365179795,0.9532434430939934,AC,3.9
0.04287326412504437,0.9532434430939934,AC,4
0.04347429379985402,0.9532434430939934,AC,4.1
0.04408374916086633,0.9532434430939934,AC,4.2
0.04470174832569008,0.9532434430939934,AC,4.3
0.045328411067795546,0.9532434430939934,AC,4.4
0.045963858839727624,0.9532434430939934,AC,4.5
0.04660821479664438,0.9532434430939934,AC,4.6
0.04726160382018555,0.9532434430939934,AC,4.7
0.04792415254267564,0.9532434430939934,AC,4.8
0.04859598937166637,0.9532434430939934,AC,4.9
0.049277244514823154,0.9532434430939934,AC,5
0.0499680500051604,0.9532434430939934,AC,5.1
0.05066853972663067,0.9532434430939934,AC,5.2
0.05137884944007251,0.9532434430939934,AC,5.300000000000001
0.05209911680952203,0.9532434430939934,AC,5.4
0.052829481428893404,0.9532434430939934,AC,5.5
0.05357008484903333,0.9532434430939934,AC,5.6
0.054321070605154745,0.9532434430939934,AC,5.7
0.055082584244655224,0.9532434430939934,AC,5.800000000000001
0.05585477335532527,0.9532434430939934,AC,5.9
0.05663778759395207,0.9532434430939934,AC,6
0.05743177871532427,0.9532434430939934,AC,6.1
0.058236900601643334,0.9532434430939934,AC,6.2
0.059053309292347166,0.9532434430939934,AC,6.300000000000001
0.059881163014351965,0.9532434430939934,AC,6.4
0.06072062221271786,0.9532434430939934,AC,6.5
0.06157184958174458,0.9532434430939934,AC,6.6
0.062435010096502944,0.9532434430939934,AC,6.7
0.06331027104480844,0.9532434430939934,AC,6.800000000000001
0.06419780205964301,0.9532434430939934,AC,6.9
0.06509777515203141,0.9532434430939934,AC,7
0.06601036474437835,0.9532434430939934,AC,7.1000000000000005
0.06693574770427302,0.9532434430939934,AC,7.2
0.06787410337876759,0.9532434430939934,AC,7.3
0.06882561362913613,0.9532434430939934,AC,7.4
0.06979046286612085,0.9532434430939934,AC,7.5
0.07076883808567257,0.9532434430939934,AC,7.6000000000000005
0.07176092890519199,0.9532434430939934,AC,7.7
0.07276692760027925,0.9532434430939934,AC,7.800000000000001
0.07378702914199846,0.9532434430939934,AC,7.9
0.07482143123466485,0.9532434430939934,AC,8
0.07587033435416152,0.9532434430939934,AC,8.100000000000001
0.07693394178679322,0.9532434430939934,AC,8.2
0.07801245966868527,0.9532434430939934,AC,8.3
0.0791060970257341,0.9532434430939934,AC,8.4
0.08021506581411855,0.9532434430939934,AC,8.5
0.08133958096137864,0.9532434430939934,AC,8.600000000000001
0.08247986040807025,0.9532434430939934,AC,8.7
0.08363612515000414,0.9532434430939934,AC,8.8
0.08480859928107645,0.9532434430939934,AC,8.9
0.08599751003670028,0.9532434430939934,AC,9
0.08720308783784571,0.9532434430939934,AC,9.100000000000001
0.08842556633569724,0.9532434430939934,AC,9.2
0.08966518245693765,0.9532434430939934,AC,9.3
0.09092217644966609,0.9532434430939934,AC,9.4
0.09219679192996039,0.9532434430939934,AC,9.5
0.09348927592909187,0.9532434430939934,AC,9.600000000000001
0.09479987894140197,0.9532434430939934,AC,9.7
0.09612885497285048,0.9532434430939934,AC,9.8
0.09747646159024367,0.9532434430939934,AC,9.9
0.09884295997115317,0.9532434430939934,AC,10
0.10022861495453438,0.9532434430939934,AC,10.100000000000001
0.10163369509205426,0.9532434430939934,AC,10.2
0.10305847270013935,0.9532434430939934,AC,10.3
0.10450322391275253,0.9532434430939934,AC,10.4
0.10596822873491045,0.9532434430939934,AC,10.5
0.1074537710969508,0.9532434430939934,AC,10.600000000000001
0.10896013890956023,0.9532434430939934,AC,10.7
0.11048762411957418,0.9532434430939934,AC,10.8
0.11203652276655839,0.9532434430939934,AC,10.9
0.113607135040184,0.9532434430939934,AC,11
0.11519976533840687,0.9532434430939934,AC,11.1
0.1168147223264624,0.9532434430939934,AC,11.200000000000001
0.11845231899668747,0.9532434430939934,AC,11.3
0.12011287272918107,0.9532434430939934,AC,11.4
0.12179670535331526,0.9532434430939934,AC,11.5
0.12350414321010834,0.9532434430939934,AC,11.6
0.12523551721547255,0.9532434430939934,AC,11.700000000000001
0.12699116292434837,0.9532434430939934,AC,11.8
0.12877142059573787,0.9532434430939934,AC,11.9
0.13057663525864993,0.9532434430939934,AC,12
0.13240715677896964,0.9532434430939934,AC,12.1
0.13426333992726525,0.9532434430939934,AC,12.200000000000001
0.13614554444754579,0.9532434430939934,AC,12.3
0.13805413512698256,0.9532434430939934,AC,12.4
0.13998948186660778,0.9532434430939934,AC,12.5
0.14195195975300484,0.9532434430939934,AC,12.600000000000001
0.1439419491310028,0.9532434430939934,AC,12.700000000000001
0.14595983567739096,0.9532434430939934,AC,12.8
0.1480060104756659,0.9532434430939934,AC,12.9
0.15008087009182697,0.9532434430939934,AC,13
0.1521848166512341,0.9532434430939934,AC,13.100000000000001
0.15431825791654297,0.9532434430939934,AC,13.200000000000001
0.15648160736673308,0.9532434430939934,AC,13.3
0.15867528427724334,0.9532434430939934,AC,13.4
0.16089971380123125,0.9532434430939934,AC,13.5
0.1631553270519711,0.9532434430939934,AC,13.600000000000001
0.16544256118640746,0.9532434430939934,AC,13.700000000000001
0.16776185948987987,0.9532434430939934,AC,13.8
0.17011367146203538,0.9532434430939934,AC,13.9
0.17249845290394517,0.9532434430939934,AC,14
0.17491666600644284,0.9532434430939934,AC,14.100000000000001
0.17736877943970084,0.9532434430939934,AC,14.200000000000001
0.17985526844406274,0.9532434430939934,AC,14.3
0.1823766149221488,0.9532434430939934,AC,14.4
0.1849333075322529,0.9532434430939934,AC,14.5
0.18752584178304854,0.9532434430939934,AC,14.600000000000001
0.19015472012962237,0.9532434430939934,AC,14.700000000000001
0.1928204520708548,0.9532434430939934,AC,14.8
0.1955235542481648,0.9532434430939934,AC,14.9
0.19826455054563946,0.9532434430939934,AC,15
0.2010439721915672,0.9532434430939934,AC,15.100000000000001
0.20386235786139428,0.9532434430939934,AC,15.200000000000001
0.20672025378212464,0.9532434430939934,AC,15.3
0.20961821383818346,0.9532434430939934,AC,15.4
0.21255679967876437,0.9532434430939934,AC,15.5
0.21553658082668223,0.9532434430939934,AC,15.600000000000001
0.21855813478875083,0.9532434430939934,AC,15.700000000000001
0.22162204716770942,0.9532434430939934,AC,15.8
0.22472891177571688,0.9532434430939934,AC,15.9
0.22787933074943767,0.9532434430939934,AC,16
0.23107391466674132,0.9532434430939934,AC,16.1
0.23431328266503687,0.9532434430939934,AC,16.200000000000003
0.2375980625612678,0.9532434430939934,AC,16.3
0.24092889097358774,0.9532434430939934,AC,16.4
0.24430641344474285,0.9532434430939934,AC,16.5
0.24773128456718269,0.9532434430939934,AC,16.6
0.25120416810992685,0.9532434430939934,AC,16.700000000000003
0.2547257371472078,0.9532434430939934,AC,16.8
0.25829667418891983,0.9532434430939934,AC,16.9
0.261917671312894,0.9532434430939934,AC,17
0.26558943029902915,0.9532434430939934,AC,17.1
0.2693126627653028,0.9532434430939934,AC,17.200000000000003
0.27308809030568854,0.9532434430939934,AC,17.3
0.27691644463000736,0.9532434430939934,AC,17.4
0.2807984677057394,0.9532434430939934,AC,17.5
0.28473491190182254,0.9532434430939934,AC,17.6
0.2887265401344689,0.9532434430939934,AC,17.700000000000003
0.2927741260150236,0.9532434430939934,AC,17.8
0.2968784539998983,0.9532434430939934,AC,17.9
0.30104031954260435,0.9532434430939934,AC,18
0.3052605292479189,0.9532434430939934,AC,18.1
0.30953990102821155,0.9532434430939934,AC,18.200000000000003
0.3138792642619628,0.9532434430939934,AC,18.3
0.31827945995450413,0.9532434430939934,AC,18.4
0.3227413409010133,0.9532434430939934,AC,18.5
0.32726577185179045,0.9532434430939934,AC,18.6
0.3318536296798568,0.9532434430939934,AC,18.700000000000003
0.3365058035508974,0.9532434430939934,AC,18.8
0.3412231950955904,0.9532434430939934,AC,18.9
0.3460067185843496,0.9532434430939934,AC,19
0.350857301104517,0.9532434430939934,AC,19.1
0.3557758827400394,0.9532434430939934,AC,19.2
0.36076341675366447,0.9532434430939934,AC,19.3
0.3658208697716882,0.9532434430939934,AC,19.400000000000002
0.3709492219712947,0.9532434430939934,AC,19.5
0.3761494672705196,0.9532434430939934,AC,19.6
0.3814226135208763,0.9532434430939934,AC,19.7
0.3867696827026813,0.9532434430939934,AC,19.8
0.3921917111231168,0.9532434430939934,AC,19.900000000000002
0.39768974961706566,0.9532434430939934,AC,20
0.4032648637507627,0.9532434430939934,AC,20.1
0.40891813402829214,0.9532434430939934,AC,20.2
0.41465065610097857,0.9532434430939934,AC,20.3
0.42046354097970484,0.9532434430939934,AC,20.400000000000002
0.4263579152501942,0.9532434430939934,AC,20.5
0.43233492129130235,0.9532434430939934,AC,20.6
0.43839571749634604,0.9532434430939934,AC,20.7
0.4445414784975158,0.9532434430939934,AC,20.8
0.4507733953933971,0.9532434430939934,AC,20.900000000000002
0.45709267597964137,0.9532434430939934,AC,21
0.46350054498280874,0.9532434430939934,AC,21.1
0.46999824429741033,0.9532434430939934,AC,21.2
0.47658703322616414,0.9532434430939934,AC,21.3
0.48326818872347366,0.9532434430939934,AC,21.400000000000002
0.49004300564212105,0.9532434430939934,AC,21.5
0.4969127969831543,0.9532434430939934,AC,21.6
0.5038788941489123,0.9532434430939934,AC,21.7
0.5109426471991154,0.9532434430939934,AC,21.8
0.5181054251098823,0.9532434430939934,AC,21.900000000000002
0.5253686160354939,0.9532434430939934,AC,22
0.532733627572622,0.9532434430939934,AC,22.1
0.5402018870266422,0.9532434430939934,AC,22.200000000000003
0.5477748416794844,0.9532434430939934,AC,22.3
0.5554539590582834,0.9532434430939934,AC,22.400000000000002
0.5632407272037863,0.9532434430939934,AC,22.5
0.571136654937128,0.9532434430939934,AC,22.6
0.5791432721230366,0.9532434430939934,AC,22.700000000000003
0.5872621299268724,0.9532434430939934,AC,22.8
0.5954948010619422,0.9532434430939934,AC,22.900000000000002
0.6038428800222824,0.9532434430939934,AC,23
0.6123079832943876,0.9532434430939934,AC,23.1
0.6208917495390582,0.9532434430939934,AC,23.200000000000003
0.6295958397314173,0.9532434430939934,AC,23.3
0.6384219372429427,0.9532434430939934,AC,23.400000000000002
0.647371747843652,0.9532434430939934,AC,23.5
0.656446999594914,0.9532434430939934,AC,23.6
0.665649442592942,0.9532434430939934,AC,23.700000000000003
0.6749808485090183,0.9532434430939934,AC,23.8
0.6844430098535236,0.9532434430939934,AC,23.900000000000002
0.69403773886523,0.9532434430939934,AC,24
0.7037668658927374,0.9532434430939934,AC,24.1
0.7136322370881542,0.9532434430939934,AC,24.200000000000003
0.7236357111700136,0.9532434430939934,AC,24.3
0.7337791549270756,0.9532434430939934,AC,24.400000000000002
0.7440644370194404,0.9532434430939934,AC,24.5
0.754493419477699,0.9532434430939934,AC,24.6
0.7650679460905251,0.9532434430939934,AC,24.700000000000003
0.7757898265869778,0.9532434430939934,AC,24.8
0.7866608151359408,0.9532434430939934,AC,24.900000000000002
0.7976825811665662,0.9532434430939934,AC,25
0.8088566698130938,0.9532434430939934,AC,25.1
0.8201844483410302,0.9532434430939934,AC,25.200000000000003
0.8316670336332525,0.9532434430939934,AC,25.3
0.8433051940874776,0.9532434430939934,AC,25.400000000000002
0.8550992169433631,0.9532434430939934,AC,25.5
0.8670487289055369,0.9532434430939934,AC,25.6
0.8791524536707811,0.9532434430939934,AC,25.700000000000003
0.8914078842152324,0.9532434430939934,AC,25.8
0.9038108399264663,0.9532434430939934,AC,25.900000000000002
0.9163548681672344,0.9532434430939934,AC,26
0.9290304356755232,0.9532434430939934,AC,26.1
0.9418238360465293,0.9532434430939934,AC,26.200000000000003
0.9547157136597142,0.9532434430939934,AC,26.3
0.9676790694487456,0.9532434430939934,AC,26.400000000000002
0.9806765666765112,0.9532434430939934,AC,26.5
0.9936568910654907,0.9532434430939934,AC,26.6
1.0065498334285166,0.9532434430939934,AC,26.700000000000003
1.019259646487907,0.9532434430939934,AC,26.8
1.0316560702459765,0.9532434430939934,AC,26.900000000000002
1.043562207735224,0.9532434430939934,AC,27
1.054738145857655,0.9532434430939934,AC,27.1
1.0648588281458355,0.9532434430939934,AC,27.200000000000003
1.0734841622849525,0.9532434430939934,AC,27.3
1.080018637358053,0.9532434430939934,AC,27.400000000000002
1.0836567694861985,0.9532434430939934,AC,27.5
1.083309402656198,0.9532434430939934,AC,27.6
1.077504146293804,0.9532434430939934,AC,27.700000000000003
1.0642508734546998,0.9532434430939934,AC,27.8
1.0408600184436425,0.9532434430939934,AC,27.900000000000002
1.0036971098845155,0.9532434430939934,AC,28
0.9478511625104158,0.9532434430939934,AC,28.1
0.8666866983346337,0.9532434430939934,AC,28.200000000000003
0.7512385595596869,0.9532434430939934,AC,28.3
0.5893943445332571,0.9532434430939934,AC,28.400000000000002
0.36478993785408387,0.9532434430939934,AC,28.5
0.055317451497882475,0.9532434430939934,AC,28.6
-0.3688904386365037,0.9532434430939934,AC,28.700000000000003
-0.9481835079626819,0.9532434430939934,AC,28.8
-1.737072579355907,0.9532434430939934,AC,28.900000000000002
-2.809199039753355,0.9532434430939934,AC,29
-4.26404829657936,0.9532434430939934,AC,29.1
-6.236019170283835,0.9532434430939934,AC,29.200000000000003
-8.906675985554795,0.9532434430939934,AC,29.3
-12.52130025741065,0.9532434430939934,AC,29.400000000000002
-17.411250817867302,0.9532434430939934,AC,29.5
-24.02417072419146,0.9532434430939934,AC,29.6
-32.96479459947784,0.9532434430939934,AC,29.700000000000003
-45.0500763878106,0.9532434430939934,AC,29.8
-61.38366295001184,0.9532434430939934,AC,29.900000000000002
-83.4565024856957,0.9532434430939934,AC,30
-113.28275920854242,0.9532434430939934,AC,30.1
-153.58342420677306,0.9532434430939934,AC,30.200000000000003
-208.03436038755322,0.9532434430939934,AC,30.3
-281.60139319151307,0.9532434430939934,AC,30.400000000000002
-380.99299382397163,0.9532434430939934,AC,30.5
-515.271821440211,0.9532434430939934,AC,30.6
-696.6808722460052,0.9532434430939934,AC,30.700000000000003
-941.7595469622761,0.9532434430939934,AC,30.8
-1272.8513769545125,0.9532434430939934,AC,30.900000000000002
-1720.140852787315,0.9532434430939934,AC,31
-2324.405031748251,0.9532434430939934,AC,31.1
-3140.7307598722728,0.9532434430939934,AC,31.200000000000003
-4243.53636906288,0.9532434430939934,AC,31.3
-5733.35562537667,0.9532434430939934,AC,31.400000000000002
-7746.0023507058495,0.9532434430939934,AC,31.5
-10464.951161410569,0.9532434430939934,AC,31.6
-14138.062947487257,0.9532434430939934,AC,31.700000000000003
-19100.17978081864,0.9532434430939934,AC,31.8
-25803.648996047115,0.9532434430939934,AC,31.900000000000002
-34859.559008081036,0.9532434430939934,AC,32
-47093.44590822644,0.9532434430939934,AC,32.1
-63620.549031795344,0.9532434430939934,AC,32.2
-85947.47576712114,0.9532434430939934,AC,32.3
-116109.54333266059,0.9532434430939934,AC,32.400000000000006
-156856.31754814976,0.9532434430939934,AC,32.5
-211902.26224615308,0.9532434430939934,AC,32.6
-286265.3484322937,0.9532434430939934,AC,32.7
-386724.4906809971,0.9532434430939934,AC,32.8
-522437.51050070394,0.9532434430939934,AC,32.900000000000006
-705775.959981953,0.9532434430939934,AC,33
-953452.9079461099,0.9532434430939934,AC,33.1
-1288046.4971655384,0.9532434430939934,AC,33.2
-1740058.1595727636,0.9532434430939934,AC,33.3
-2350693.1156015783,0.9532434430939934,AC,33.400000000000006
-3175616.62695882,0.9532434430939934,AC,33.5
-4290028.421452732,0.9532434430939934,AC,33.6
-5795517.872580129,0.9532434430939934,AC,33.7
-7829324.849529977,0.9532434430939934,AC,33.8
-10576850.453290267,0.9532434430939934,AC,33.900000000000006
-14288558.112966834,0.9532434430939934,AC,34
-19302805.74005983,0.9532434430939934,AC,34.1
-26076690.311489675,0.9532434430939934,AC,34.2
-35227716.66225139,0.9532434430939934,AC,34.3
-47590088.99954015,0.9532434430939934,AC,34.400000000000006
-64290756.652101256,0.9532434430939934,AC,34.5
-86852146.35744256,0.9532434430939934,AC,34.6
-117330946.12445368,0.9532434430939934,AC,34.7
-158505592.15744895,0.9532434430939934,AC,34.8
-214129550.0808437,0.9532434430939934,AC,34.900000000000006
-289273479.4878224,0.9532434430939934,AC,35
-390787473.4079018,0.9532434430939934,AC,35.1
-527925510.2733276,0.9532434430939934,AC,35.2
-713189043.1965717,0.9532434430939934,AC,35.300000000000004
-963466627.8477966,0.9532434430939934,AC,35.4
-1301573476.9913986,0.9532434430939934,AC,35.5
-1758331286.907874,0.9532434430939934,AC,35.6
-2375377931.914585,0.9532434430939934,AC,35.7
-3208963157.7067327,0.9532434430939934,AC,35.800000000000004
-4335076287.529985,0.9532434430939934,AC,35.9
-5856373380.998475,0.9532434430939934,AC,36
-7911535322.811934,0.9532434430939934,AC,36.1
-10687909921.30632,0.9532434430939934,AC,36.2
-14438590465.901949,0.9532434430939934,AC,36.300000000000004
-19505487618.47599,0.9532434430939934,AC,36.4
-26350497863.81388,0.9532434430939934,AC,36.5
-35597609823.6331,0.9532434430939934,AC,36.6
-48089786830.326805,0.9532434430939934,AC,36.7
-64965811154.959206,0.9532434430939934,AC,36.800000000000004
-87764094981.13976,0.9532434430939934,AC,36.9
-118562921495.05849,0.9532434430939934,AC,37
-160169900417.96237,0.9532434430939934,AC,37.1
-216377908677.9011,0.9532434430939934,AC,37.2
-292310847678.42773,0.9532434430939934,AC,37.300000000000004
-394890736269.97003,0.9532434430939934,AC,37.4
-533468719447.74115,0.9532434430939934,AC,37.5
-720677515297.4226,0.9532434430939934,AC,37.6
-973583008939.4208,0.9532434430939934,AC,37.7
-1315239972352.9287,0.9532434430939934,AC,37.800000000000004
-1776793728927.9746,0.9532434430939934,AC,37.9
-2400319349714.8164,0.9532434430939934,AC,38
-3242657201458.382,0.9532434430939934,AC,38.1
-4380594493569.3037,0.9532434430939934,AC,38.2
-5917865171951.38,0.9532434430939934,AC,38.300000000000004
-7994606267437.68,0.9532434430939934,AC,38.4
-10800132736088.709,0.9532434430939934,AC,38.5
-14590195341104.027,0.9532434430939934,AC,38.6
-19710294798530.41,0.9532434430939934,AC,38.7
-26627177495731.11,0.9532434430939934,AC,38.800000000000004
-35971383920752.45,0.9532434430939934,AC,38.9
-48594728501795.4,0.9532434430939934,AC,39
-65647950697855.35,0.9532434430939934,AC,39.1
-88685615985462.08,0.9532434430939934,AC,39.2
-119807829476964.17,0.9532434430939934,AC,39.300000000000004
-161851680731789.12,0.9532434430939934,AC,39.4
-218649871799422.6,0.9532434430939934,AC,39.5
-295380104931551.3,0.9532434430939934,AC,39.6
-399037080019017.56,0.9532434430939934,AC,39.7
-539070128866675.9,0.9532434430939934,AC,39.800000000000004
-728244612812625.6,0.9532434430939934,AC,39.9
-983805608382695.25,0.9532434430939934,AC,40
-1329049962137207,0.9532434430939934,AC,40.1
-1795450022653052.5,0.9532434430939934,AC,40.2
-2425522648268995,0.9532434430939934,AC,40.300000000000004
-3276705028287271.5,0.9532434430939934,AC,40.4
-4426590636070000.5,0.9532434430939934,AC,40.5
-5980002621592315,0.9532434430939934,AC,40.6
-8078549451322126,0.9532434430939934,AC,40.7
-10913533884050244,0.9532434430939934,AC,40.800000000000004
-14743392060169722,0.9532434430939934,AC,40.9
-19917252445383796,0.9532434430939934,AC,41
-26906762253501400,0.9532434430939934,AC,41.1
-36349082633344960,0.9532434430939934,AC,41.2
-49104972045226450,0.9532434430939934,AC,41.300000000000004
-66337252686275270,0.9532434430939934,AC,41.400000000000006
-89616812935144290,0.9532434430939934,AC,41.5
-121065808960075710,0.9532434430939934,AC,41.6
-163551119696309400,0.9532434430939934,AC,41.7
-220945690477631070,0.9532434430939934,AC,41.800000000000004
-298481589311540740,0.9532434430939934,AC,41.900000000000006
-403226960278550850,0.9532434430939934,AC,42
0.05427450767354931,0.0775304318173659,CH,3
0.055063442597085635,0.0775304318173659,CH,3.1
0.05586384548855486,0.0775304318173659,CH,3.2
0.056675883046482564,0.0775304318173659,CH,3.3
0.05749972439252615,0.0775304318173659,CH,3.4
0.05833554110669756,0.0775304318173659,CH,3.5
0.05918350726309793,0.0775304318173659,CH,3.6
0.06004379946617172,0.0775304318173659,CH,3.7
0.0609165968874878,0.0775304318173659,CH,3.8
0.06180208130305523,0.0775304318173659,CH,3.9
0.0627004371311814,0.0775304318173659,CH,4
0.0636118514708805,0.0775304318173659,CH,4.1
0.06453651414084037,0.0775304318173659,CH,4.2
0.0654746177189557,0.0775304318173659,CH,4.3
0.06642635758243581,0.0775304318173659,CH,4.4
0.06739193194849559,0.0775304318173659,CH,4.5
0.0683715419156379,0.0775304318173659,CH,4.6
0.06936539150553593,0.0775304318173659,CH,4.7
0.07037368770552442,0.0775304318173659,CH,4.8
0.0713966405117087,0.0775304318173659,CH,4.9
0.0724344629727,0.0775304318173659,CH,5
0.07348737123398691,0.0775304318173659,CH,5.1
0.07455558458295158,0.0775304318173659,CH,5.2
0.07563932549454021,0.0775304318173659,CH,5.300000000000001
0.07673881967759764,0.0775304318173659,CH,5.4
0.07785429612187532,0.0775304318173659,CH,5.5
0.07898598714572258,0.0775304318173659,CH,5.6
0.08013412844447121,0.0775304318173659,CH,5.7
0.08129895913952324,0.0775304318173659,CH,5.800000000000001
0.08248072182815248,0.0775304318173659,CH,5.9
0.08367966263402968,0.0775304318173659,CH,6
0.08489603125848239,0.0775304318173659,CH,6.1
0.08613008103249975,0.0775304318173659,CH,6.2
0.08738206896949338,0.0775304318173659,CH,6.300000000000001
0.08865225581882503,0.0775304318173659,CH,6.4
0.08994090612011246,0.0775304318173659,CH,6.5
0.09124828825832462,0.0775304318173659,CH,6.6
0.09257467451967775,0.0775304318173659,CH,6.7
0.09392034114834394,0.0775304318173659,CH,6.800000000000001
0.09528556840398396,0.0775304318173659,CH,6.9
0.0966706406201166,0.0775304318173659,CH,7
0.09807584626333624,0.0775304318173659,CH,7.1000000000000005
0.09950147799339121,0.0775304318173659,CH,7.2
0.1009478327241357,0.0775304318173659,CH,7.3
0.10241521168536735,0.0775304318173659,CH,7.4
0.10390392048556395,0.0775304318173659,CH,7.5
0.10541426917553193,0.0775304318173659,CH,7.6000000000000005
0.10694657231298012,0.0775304318173659,CH,7.7
0.10850114902803211,0.0775304318173659,CH,7.800000000000001
0.1100783230896911,0.0775304318173659,CH,7.9
0.1116784229732704,0.0775304318173659,CH,8
0.11330178192880473,0.0775304318173659,CH,8.100000000000001
0.11494873805045543,0.0775304318173659,CH,8.2
0.11661963434692481,0.0775304318173659,CH,8.3
0.11831481881289393,0.0775304318173659,CH,8.4
0.12003464450149902,0.0775304318173659,CH,8.5
0.12177946959786098,0.0775304318173659,CH,8.600000000000001
0.12354965749368417,0.0775304318173659,CH,8.7
0.1253455768629394,0.0775304318173659,CH,8.8
0.12716760173864677,0.0775304318173659,CH,8.9
0.1290161115907752,0.0775304318173659,CH,9
0.13089149140527379,0.0775304318173659,CH,9.100000000000001
0.13279413176425206,0.0775304318173659,CH,9.2
0.13472442892732628,0.0775304318173659,CH,9.3
0.13668278491414723,0.0775304318173659,CH,9.4
0.13866960758812838,0.0775304318173659,CH,9.5
0.14068531074139107,0.0775304318173659,CH,9.600000000000001
0.14273031418094378,0.0775304318173659,CH,9.7
0.14480504381611534,0.0775304318173659,CH,9.8
0.14690993174725753,0.0775304318173659,CH,9.9
0.1490454163557385,0.0775304318173659,CH,10
0.15121194239524344,0.0775304318173659,CH,10.100000000000001
0.15340996108440247,0.0775304318173659,CH,10.2
0.1556399302007657,0.0775304318173659,CH,10.3
0.15790231417614312,0.0775304318173659,CH,10.4
0.16019758419333155,0.0775304318173659,CH,10.5
0.16252621828424685,0.0775304318173659,CH,10.600000000000001
0.16488870142948253,0.0775304318173659,CH,10.7
0.16728552565931654,0.0775304318173659,CH,10.8
0.1697171901561846,0.0775304318173659,CH,10.9
0.17218420135864498,0.0775304318173659,CH,11
0.1746870730668529,0.0775304318173659,CH,11.1
0.17722632654956944,0.0775304318173659,CH,11.200000000000001
0.17980249065272436,0.0775304318173659,CH,11.3
0.18241610190955904,0.0775304318173659,CH,11.4
0.18506770465236833,0.0775304318173659,CH,11.5
0.18775785112586849,0.0775304318173659,CH,11.6
0.19048710160221183,0.0775304318173659,CH,11.700000000000001
0.19325602449767335,0.0775304318173659,CH,11.8
0.19606519649103457,0.0775304318173659,CH,11.9
0.19891520264368676,0.0775304318173659,CH,12
0.2018066365214811,0.0775304318173659,CH,12.1
0.20474010031834916,0.0775304318173659,CH,12.200000000000001
0.2077162049817213,0.0775304318173659,CH,12.3
0.21073557033976711,0.0775304318173659,CH,12.4
0.21379882523048643,0.0775304318173659,CH,12.5
0.21690660763267622,0.0775304318173659,CH,12.600000000000001
0.22005956479880087,0.0775304318173659,CH,12.700000000000001
0.22325835338979508,0.0775304318173659,CH,12.8
0.2265036396118249,0.0775304318173659,CH,12.9
0.22979609935503761,0.0775304318173659,CH,13
0.23313641833432822,0.0775304318173659,CH,13.100000000000001
0.23652529223215196,0.0775304318173659,CH,13.200000000000001
0.23996342684341285,0.0775304318173659,CH,13.3
0.24345153822245869,0.0775304318173659,CH,13.4
0.24699035283221218,0.0775304318173659,CH,13.5
0.2505806076954701,0.0775304318173659,CH,13.600000000000001
0.25422305054840183,0.0775304318173659,CH,13.700000000000001
0.2579184399962792,0.0775304318173659,CH,13.8
0.2616675456714695,0.0775304318173659,CH,13.9
0.2654711483937263,0.0775304318173659,CH,14
0.2693300403328083,0.0775304318173659,CH,14.100000000000001
0.27324502517346405,0.0775304318173659,CH,14.200000000000001
0.2772169182828135,0.0775304318173659,CH,14.3
0.28124654688016343,0.0775304318173659,CH,14.4
0.2853347502092908,0.0775304318173659,CH,14.5
0.28948237971323065,0.0775304318173659,CH,14.600000000000001
0.29369029921160444,0.0775304318173659,CH,14.700000000000001
0.2979593850805267,0.0775304318173659,CH,14.8
0.30229052643512605,0.0775304318173659,CH,14.9
0.30668462531471985,0.0775304318173659,CH,15
0.3111425968706802,0.0775304318173659,CH,15.100000000000001
0.3156653695570309,0.0775304318173659,CH,15.200000000000001
0.3202538853238152,0.0775304318173659,CH,15.3
0.32490909981327415,0.0775304318173659,CH,15.4
0.3296319825588758,0.0775304318173659,CH,15.5
0.3344235171872396,0.0775304318173659,CH,15.600000000000001
0.33928470162299357,0.0775304318173659,CH,15.700000000000001
0.3442165482966102,0.0775304318173659,CH,15.8
0.3492200843552645,0.0775304318173659,CH,15.9
0.3542963518767557,0.0775304318173659,CH,16
0.3594464080865389,0.0775304318173659,CH,16.1
0.36467132557791115,0.0775304318173659,CH,16.200000000000003
0.3699721925354,0.0775304318173659,CH,16.3
0.37535011296139625,0.0775304318173659,CH,16.4
0.38080620690608347,0.0775304318173659,CH,16.5
0.38634161070070905,0.0775304318173659,CH,16.6
0.39195747719424506,0.0775304318173659,CH,16.700000000000003
0.39765497599349076,0.0775304318173659,CH,16.8
0.4034352937066649,0.0775304318173659,CH,16.9
0.4092996341905383,0.0775304318173659,CH,17
0.4152492188011578,0.0775304318173659,CH,17.1
0.4212852866482181,0.0775304318173659,CH,17.200000000000003
0.42740909485312734,0.0775304318173659,CH,17.3
0.4336219188108261,0.0775304318173659,CH,17.4
0.43992505245541275,0.0775304318173659,CH,17.5
0.44631980852962655,0.0775304318173659,CH,17.6
0.45280751885825193,0.0775304318173659,CH,17.700000000000003
0.4593895346254953,0.0775304318173659,CH,17.8
0.4660672266563931,0.0775304318173659,CH,17.9
0.47284198570231173,0.0775304318173659,CH,18
0.4797152227305964,0.0775304318173659,CH,18.1
0.4866883692184307,0.0775304318173659,CH,18.200000000000003
0.4937628774509674,0.0775304318173659,CH,18.3
0.5009402208237951,0.0775304318173659,CH,18.4
0.5082218941497968,0.0775304318173659,CH,18.5
0.5156094139704723,0.0775304318173659,CH,18.6
0.5231043188717873,0.0775304318173659,CH,18.700000000000003
0.5307081698046077,0.0775304318173659,CH,18.8
0.5384225504097977,0.0775304318173659,CH,18.9
0.5462490673480402,0.0775304318173659,CH,19
0.5541893506344504,0.0775304318173659,CH,19.1
0.5622450539780531,0.0775304318173659,CH,19.2
0.5704178551261981,0.0775304318173659,CH,19.3
0.5787094562139717,0.0775304318173659,CH,19.400000000000002
0.5871215841186944,0.0775304318173659,CH,19.5
0.5956559908195668,0.0775304318173659,CH,19.6
0.6043144537625365,0.0775304318173659,CH,19.7
0.6130987762304702,0.0775304318173659,CH,19.8
0.6220107877186994,0.0775304318173659,CH,19.900000000000002
0.6310523443160161,0.0775304318173659,CH,20
0.6402253290911993,0.0775304318173659,CH,20.1
0.6495316524851462,0.0775304318173659,CH,20.2
0.6589732527086857,0.0775304318173659,CH,20.3
0.668552096146149,0.0775304318173659,CH,20.400000000000002
0.6782701777647774,0.0775304318173659,CH,20.5
0.6881295215300359,0.0775304318173659,CH,20.6
0.698132180826902,0.0775304318173659,CH,20.7
0.7082802388872045,0.0775304318173659,CH,20.8
0.7185758092230589,0.0775304318173659,CH,20.900000000000002
0.7290210360664613,0.0775304318173659,CH,21
0.7396180948150772,0.0775304318173659,CH,21.1
0.7503691924842344,0.0775304318173659,CH,21.2
0.7612765681651348,0.0775304318173659,CH,21.3
0.7723424934892328,0.0775304318173659,CH,21.400000000000002
0.7835692730987046,0.0775304318173659,CH,21.5
0.7949592451228671,0.0775304318173659,CH,21.6
0.8065147816603113,0.0775304318173659,CH,21.7
0.8182382892664206,0.0775304318173659,CH,21.8
0.8301322094457629,0.0775304318173659,CH,21.900000000000002
0.8421990191486672,0.0775304318173659,CH,22
0.8544412312709909,0.0775304318173659,CH,22.1
0.8668613951557004,0.0775304318173659,CH,22.200000000000003
0.8794620970943868,0.0775304318173659,CH,22.3
0.892245960826123,0.0775304318173659,CH,22.400000000000002
0.9052156480301086,0.0775304318173659,CH,22.5
0.9183738588073048,0.0775304318173659,CH,22.6
0.9317233321444707,0.0775304318173659,CH,22.700000000000003
0.9452668463517179,0.0775304318173659,CH,22.8
0.9590072194614929,0.0775304318173659,CH,22.900000000000002
0.9729473095726173,0.0775304318173659,CH,23
0.9870900151172172,0.0775304318173659,CH,23.1
1.0014382750205264,0.0775304318173659,CH,23.200000000000003
1.0159950687129515,0.0775304318173659,CH,23.3
1.0307634159394428,0.0775304318173659,CH,23.400000000000002
1.045746376291844,0.0775304318173659,CH,23.5
1.0609470483637058,0.0775304318173659,CH,23.6
1.0763685683915982,0.0775304318173659,CH,23.700000000000003
1.0920141081991317,0.0775304318173659,CH,23.8
1.1078868721951214,0.0775304318173659,CH,23.900000000000002
1.1239900930898508,0.0775304318173659,CH,24
1.1403270258751133,0.0775304318173659,CH,24.1
1.1569009394537613,0.0775304318173659,CH,24.200000000000003
1.1737151050883536,0.0775304318173659,CH,24.3
1.1907727805462074,0.0775304318173659,CH,24.400000000000002
1.2080771884230972,0.0775304318173659,CH,24.5
1.2256314865937419,0.0775304318173659,CH,24.6
1.2434387280151806,0.0775304318173659,CH,24.700000000000003
1.2615018061330658,0.0775304318173659,CH,24.8
1.279823380821334,0.0775304318173659,CH,24.900000000000002
1.2984057780018827,0.0775304318173659,CH,25
1.3172508536793723,0.0775304318173659,CH,25.1
1.3363598098661638,0.0775304318173659,CH,25.200000000000003
1.3557329454653126,0.0775304318173659,CH,25.3
1.3753693192215968,0.0775304318173659,CH,25.400000000000002
1.3952662937962856,0.0775304318173659,CH,25.5
1.4154189191331104,0.0775304318173659,CH,25.6
1.4358190985633101,0.0775304318173659,CH,25.700000000000003
1.456454461198869,0.0775304318173659,CH,25.8
1.4773068372625027,0.0775304318173659,CH,25.900000000000002
1.4983501966370434,0.0775304318173659,CH,26
1.5195478617550386,0.0775304318173659,CH,26.1
1.5408487394891628,0.0775304318173659,CH,26.200000000000003
1.562182226858734,0.0775304318173659,CH,26.3
1.583451323908829,0.0775304318173659,CH,26.400000000000002
1.6045233229224551,0.0775304318173659,CH,26.5
1.6252172211552474,0.0775304318173659,CH,26.6
1.6452867042070767,0.0775304318173659,CH,26.700000000000003
1.6643971414837508,0.0775304318173659,CH,26.8
1.6820944868023522,0.0775304318173659,CH,26.900000000000002
1.6977632358309873,0.0775304318173659,CH,27
1.7105695898306974,0.0775304318173659,CH,27.1
1.7193846202960144,0.0775304318173659,CH,27.200000000000003
1.72268039748641,0.0775304318173659,CH,27.3
1.7183895697574736,0.0775304318173659,CH,27.400000000000002
1.703715533267851,0.0775304318173659,CH,27.5
1.6748758064926847,0.0775304318173659,CH,27.6
1.6267551065847243,0.0775304318173659,CH,27.700000000000003
1.5524363547334028,0.0775304318173659,CH,27.8
1.442566657888599,0.0775304318173659,CH,27.900000000000002
1.2845002006471913,0.0775304318173659,CH,28
1.0611395495817233,0.0775304318173659,CH,28.1
0.7493692516164006,0.0775304318173659,CH,28.200000000000003
0.31793826860707686,0.0775304318173659,CH,28.3
-0.2754026876469817,0.0775304318173659,CH,28.400000000000002
-1.0877710951236694,0.0775304318173659,CH,28.5
-2.1963842617059752,0.0775304318173659,CH,28.6
-3.70563180171414,0.0775304318173659,CH,28.700000000000003
-5.756636676476086,0.0775304318173659,CH,28.8
-8.5401804398624,0.0775304318173659,CH,28.900000000000002
-12.314176437925497,0.0775304318173659,CH,29
-17.42729123278773,0.0775304318173659,CH,29.1
-24.350877601474554,0.0775304318173659,CH,29.200000000000003
-33.72214366981217,0.0775304318173659,CH,29.3
-46.40251179460096,0.0775304318173659,CH,29.400000000000002
-63.55651194908478,0.0775304318173659,CH,29.5
-86.75843500399891,0.0775304318173659,CH,29.6
-118.13651366586524,0.0775304318173659,CH,29.700000000000003
-160.56783577688924,0.0775304318173659,CH,29.8
-217.94184096643116,0.0775304318173659,CH,29.900000000000002
-295.5165327993604,0.0775304318173659,CH,30
-400.400029846621,0.0775304318173659,CH,30.1
-542.2015581753287,0.0775304318173659,CH,30.200000000000003
-733.9115059224274,0.0775304318173659,CH,30.3
-993.0911390968673,0.0775304318173659,CH,30.400000000000002
-1343.480937848565,0.0775304318173659,CH,30.5
-1817.1748514877065,0.0775304318173659,CH,30.6
-2457.559599785696,0.0775304318173659,CH,30.700000000000003
-3323.2882142855324,0.0775304318173659,CH,30.8
-4493.651733452127,0.0775304318173659,CH,30.900000000000002
-6075.841014374604,0.0775304318173659,CH,31
-8214.763728654172,0.0775304318173659,CH,31.1
-11106.31562475586,0.0775304318173659,CH,31.200000000000003
-15015.321495534467,0.0775304318173659,CH,31.3
-20299.78896112364,0.0775304318173659,CH,31.400000000000002
-27443.69633188588,0.0775304318173659,CH,31.5
-37101.31740350934,0.0775304318173659,CH,31.6
-50157.14263769436,0.0775304318173659,CH,31.700000000000003
-67806.88456527863,0.0775304318173659,CH,31.8
-91666.9862314958,0.0775304318173659,CH,31.900000000000002
-123922.6619330173,0.0775304318173659,CH,32
-167528.02844776996,0.0775304318173659,CH,32.1
-226476.65562759267,0.0775304318173659,CH,32.2
-306167.3145289041,0.0775304318173659,CH,32.3
-413898.4198523729,0.0775304318173659,CH,32.400000000000006
-559536.4498352144,0.0775304318173659,CH,32.5
-756419.5603358528,0.0775304318173659,CH,32.6
-1022579.1499356981,0.0775304318173659,CH,32.7
-1382391.2521910977,0.0775304318173659,CH,32.8
-1868808.99656871,0.0775304318173659,CH,32.900000000000006
-2526380.5963410744,0.0775304318173659,CH,33
-3415329.263623848,0.0775304318173659,CH,33.1
-4617068.707542903,0.0775304318173659,CH,33.2
-6241659.348336634,0.0775304318173659,CH,33.3
-8437888.11922591,0.0775304318173659,CH,33.400000000000006
-11406895.007219842,0.0775304318173659,CH,33.5
-15420594.309483552,0.0775304318173659,CH,33.6
-20846577.702349287,0.0775304318173659,CH,33.7
-28181779.852059845,0.0775304318173659,CH,33.8
-38097989.80721077,0.0775304318173659,CH,33.900000000000006
-51503376.299959145,0.0775304318173659,CH,34
-69625661.70506082,0.0775304318173659,CH,34.1
-94124562.0819798,0.0775304318173659,CH,34.2
-127243791.03786631,0.0775304318173659,CH,34.3
-172016548.57234368,0.0775304318173659,CH,34.400000000000006
-232543314.4473028,0.0775304318173659,CH,34.5
-314367387.58136547,0.0775304318173659,CH,34.6
-424982564.9654475,0.0775304318173659,CH,34.7
-574519455.4960741,0.0775304318173659,CH,34.8
-776673284.2693369,0.0775304318173659,CH,34.900000000000006
-1049958159.6025051,0.0775304318173659,CH,35
-1419402673.897955,0.0775304318173659,CH,35.1
-1918842128.6944559,0.0775304318173659,CH,35.2
-2594017315.636319,0.0775304318173659,CH,35.300000000000004
-3506763652.9137096,0.0775304318173659,CH,35.4
-4740674336.12557,0.0775304318173659,CH,35.5
-6408756159.030611,0.0775304318173659,CH,35.6
-8663779156.847322,0.0775304318173659,CH,35.7
-11712267936.498117,0.0775304318173659,CH,35.800000000000004
-15833416079.391325,0.0775304318173659,CH,35.9
-21404655878.276264,0.0775304318173659,CH,36
-28936225193.531338,0.0775304318173659,CH,36.1
-39117897208.75984,0.0775304318173659,CH,36.2
-52882152795.65772,0.0775304318173659,CH,36.300000000000004
-71489581082.28561,0.0775304318173659,CH,36.4
-96644329572.38661,0.0775304318173659,CH,36.5
-130650177229.19255,0.0775304318173659,CH,36.6
-176621524361.23337,0.0775304318173659,CH,36.7
-238768622662.1706,0.0775304318173659,CH,36.800000000000004
-322783167986.0713,0.0775304318173659,CH,36.9
-436359570086.1717,0.0775304318173659,CH,37
-589899639419.0527,0.0775304318173659,CH,37.1
-797465229232.0419,0.0775304318173659,CH,37.2
-1078066079952.0286,0.0775304318173659,CH,37.300000000000004
-1457400812147.828,0.0775304318173659,CH,37.4
-1970210515613.99,0.0775304318173659,CH,37.5
-2663460486284.4834,0.0775304318173659,CH,37.6
-3600641507989.44,0.0775304318173659,CH,37.7
-4867584608750.714,0.0775304318173659,CH,37.800000000000004
-6580321831754.173,0.0775304318173659,CH,37.9
-8895712943872.162,0.0775304318173659,CH,38
-12025811320944.639,0.0775304318173659,CH,38.1
-16257284698757.467,0.0775304318173659,CH,38.2
-21977669424775.316,0.0775304318173659,CH,38.300000000000004
-29710862686780.508,0.0775304318173659,CH,38.4
-40165103247827.24,0.0775304318173659,CH,38.5
-54297834967490.93,0.0775304318173659,CH,38.6
-73403393586852.7,0.0775304318173659,CH,38.7
-99231547506309.92,0.0775304318173659,CH,38.800000000000004
-134147749025332.56,0.0775304318173659,CH,38.9
-181349772534984.03,0.0775304318173659,CH,39
-245160580311189.25,0.0775304318173659,CH,39.1
-331424237805009.06,0.0775304318173659,CH,39.2
-448041138037792.9,0.0775304318173659,CH,39.300000000000004
-605691553230037.75,0.0775304318173659,CH,39.4
-818813779602700.4,0.0775304318173659,CH,39.5
-1106926458016204,0.0775304318173659,CH,39.6
-1496416174201200.8,0.0775304318173659,CH,39.7
-2022954054620832.8,0.0775304318173659,CH,39.800000000000004
-2734762680102195.5,0.0775304318173659,CH,39.9
-3697032515096713.5,0.0775304318173659,CH,40
-4997892327963085,0.0775304318173659,CH,40.1
-6756480398782333,0.0775304318173659,CH,40.2
-9133855710279930,0.0775304318173659,CH,40.300000000000004
-12347748415172838,0.0775304318173659,CH,40.4
-16692500490544200,0.0775304318173659,CH,40.5
-22566022829265592,0.0775304318173659,CH,40.6
-30506237613675920,0.0775304318173659,CH,40.7
-41240343519245176,0.0775304318173659,CH,40.800000000000004
-55751415665327656,0.0775304318173659,CH,40.9
-75368439820045420,0.0775304318173659,CH,41
-101888026575090270,0.0775304318173659,CH,41.1
-137738952592796880,0.0775304318173659,CH,41.2
-186204598313412860,0.0775304318173659,CH,41.300000000000004
-251723653914819550,0.0775304318173659,CH,41.400000000000006
-340296633456778050,0.0775304318173659,CH,41.5
-460035427505776e3,0.0775304318173659,CH,41.6
-621906224609483600,0.0775304318173659,CH,41.7
-840733841532596700,0.0775304318173659,CH,41.800000000000004
-1136559443092907900,0.0775304318173659,CH,41.900000000000006
-1536475997360600600,0.0775304318173659,CH,42
0.042406696224955506,2.33478060846244e-6,CS,3
0.04287719679340894,2.33478060846244e-6,CS,3.1
0.04335291754651767,2.33478060846244e-6,CS,3.2
0.04383391640201795,2.33478060846244e-6,CS,3.3
0.044320251920240965,2.33478060846244e-6,CS,3.4
0.044811983311242407,2.33478060846244e-6,CS,3.5
0.04530917044201111,2.33478060846244e-6,CS,3.6
0.04581187384375772,2.33478060846244e-6,CS,3.7
0.046320154719284176,2.33478060846244e-6,CS,3.8
0.04683407495043506,2.33478060846244e-6,CS,3.9
0.04735369710563147,2.33478060846244e-6,CS,4
0.04787908444748858,2.33478060846244e-6,CS,4.1
0.048410300940517736,2.33478060846244e-6,CS,4.2
0.04894741125891391,2.33478060846244e-6,CS,4.3
0.04949048079442964,2.33478060846244e-6,CS,4.4
0.0500395756643363,2.33478060846244e-6,CS,4.5
0.05059476271947369,2.33478060846244e-6,CS,4.6
0.05115610955238897,2.33478060846244e-6,CS,4.7
0.05172368450556585,2.33478060846244e-6,CS,4.8
0.05229755667974512,2.33478060846244e-6,CS,4.9
0.05287779594233747,2.33478060846244e-6,CS,5
0.05346447293592967,2.33478060846244e-6,CS,5.1
0.054057659086885125,2.33478060846244e-6,CS,5.2
0.054657426614039814,2.33478060846244e-6,CS,5.300000000000001
0.055263848537494775,2.33478060846244e-6,CS,5.4
0.0558769986875061,2.33478060846244e-6,CS,5.5
0.05649695171347355,2.33478060846244e-6,CS,5.6
0.05712378309302894,2.33478060846244e-6,CS,5.7
0.05775756914122539,2.33478060846244e-6,CS,5.800000000000001
0.05839838701982833,2.33478060846244e-6,CS,5.9
0.059046314746709905,2.33478060846244e-6,CS,6
0.05970143120534737,2.33478060846244e-6,CS,6.1
0.06036381615442693,2.33478060846244e-6,CS,6.2
0.0610335502375542,2.33478060846244e-6,CS,6.300000000000001
0.061710714993072256,2.33478060846244e-6,CS,6.4
0.06239539286398884,2.33478060846244e-6,CS,6.5
0.06308766720801344,2.33478060846244e-6,CS,6.6
0.06378762230770603,2.33478060846244e-6,CS,6.7
0.06449534338073808,2.33478060846244e-6,CS,6.800000000000001
0.06521091659026763,2.33478060846244e-6,CS,6.9
0.06593442905542957,2.33478060846244e-6,CS,7
0.06666596886194193,2.33478060846244e-6,CS,7.1000000000000005
0.06740562507283025,2.33478060846244e-6,CS,7.2
0.06815348773927071,2.33478060846244e-6,CS,7.3
0.06890964791155361,2.33478060846244e-6,CS,7.4
0.06967419765016855,2.33478060846244e-6,CS,7.5
0.07044723003701245,2.33478060846244e-6,CS,7.6000000000000005
0.07122883918672214,2.33478060846244e-6,CS,7.7
0.0720191202581325,2.33478060846244e-6,CS,7.800000000000001
0.0728181694658618,2.33478060846244e-6,CS,7.9
0.07362608409202559,2.33478060846244e-6,CS,8
0.07444296249808058,2.33478060846244e-6,CS,8.100000000000001
0.0752689041367997,2.33478060846244e-6,CS,8.2
0.07610400956438053,2.33478060846244e-6,CS,8.3
0.07694838045268744,2.33478060846244e-6,CS,8.4
0.07780211960163003,2.33478060846244e-6,CS,8.5
0.07866533095167876,2.33478060846244e-6,CS,8.600000000000001
0.07953811959651927,2.33478060846244e-6,CS,8.7
0.08042059179584748,2.33478060846244e-6,CS,8.8
0.08131285498830626,2.33478060846244e-6,CS,8.9
0.08221501780456583,2.33478060846244e-6,CS,9
0.08312719008054932,2.33478060846244e-6,CS,9.100000000000001
0.08404948287080488,2.33478060846244e-6,CS,9.2
0.0849820084620265,2.33478060846244e-6,CS,9.3
0.0859248803867243,2.33478060846244e-6,CS,9.4
0.08687821343704705,2.33478060846244e-6,CS,9.5
0.08784212367875778,2.33478060846244e-6,CS,9.600000000000001
0.08881672846536434,2.33478060846244e-6,CS,9.7
0.08980214645240708,2.33478060846244e-6,CS,9.8
0.09079849761190466,2.33478060846244e-6,CS,9.9
0.09180590324696045,2.33478060846244e-6,CS,10
0.09282448600653082,2.33478060846244e-6,CS,10.100000000000001
0.0938543699003572,2.33478060846244e-6,CS,10.2
0.09489568031406427,2.33478060846244e-6,CS,10.3
0.09594854402442489,2.33478060846244e-6,CS,10.4
0.0970130892147952,2.33478060846244e-6,CS,10.5
0.09808944549072043,2.33478060846244e-6,CS,10.600000000000001
0.099177743895714,2.33478060846244e-6,CS,10.7
0.10027811692721188,2.33478060846244e-6,CS,10.8
0.10139069855270356,2.33478060846244e-6,CS,10.9
0.1025156242260425,2.33478060846244e-6,CS,11
0.1036530309039371,2.33478060846244e-6,CS,11.1
0.10480305706262488,2.33478060846244e-6,CS,11.200000000000001
0.10596584271473153,2.33478060846244e-6,CS,11.3
0.10714152942631713,2.33478060846244e-6,CS,11.4
0.10833026033411153,2.33478060846244e-6,CS,11.5
0.1095321801629407,2.33478060846244e-6,CS,11.6
0.11074743524334664,2.33478060846244e-6,CS,11.700000000000001
0.11197617352940277,2.33478060846244e-6,CS,11.8
0.11321854461672697,2.33478060846244e-6,CS,11.9
0.11447469976069437,2.33478060846244e-6,CS,12
0.11574479189485236,2.33478060846244e-6,CS,12.1
0.11702897564953979,2.33478060846244e-6,CS,12.200000000000001
0.11832740737071284,2.33478060846244e-6,CS,12.3
0.11964024513897972,2.33478060846244e-6,CS,12.4
0.12096764878884651,2.33478060846244e-6,CS,12.5
0.12230977992817672,2.33478060846244e-6,CS,12.600000000000001
0.12366680195786638,2.33478060846244e-6,CS,12.700000000000001
0.12503888009173791,2.33478060846244e-6,CS,12.8
0.12642618137665443,2.33478060846244e-6,CS,12.9
0.12782887471285703,2.33478060846244e-6,CS,13
0.12924713087452824,2.33478060846244e-6,CS,13.100000000000001
0.13068112253058314,2.33478060846244e-6,CS,13.200000000000001
0.13213102426569143,2.33478060846244e-6,CS,13.3
0.13359701260153253,2.33478060846244e-6,CS,13.4
0.13507926601828685,2.33478060846244e-6,CS,13.5
0.13657796497636504,2.33478060846244e-6,CS,13.600000000000001
0.13809329193837858,2.33478060846244e-6,CS,13.700000000000001
0.13962543139135436,2.33478060846244e-6,CS,13.8
0.14117456986919522,2.33478060846244e-6,CS,13.9
0.14274089597539016,2.33478060846244e-6,CS,14
0.14432460040597614,2.33478060846244e-6,CS,14.100000000000001
0.1459258759727548,2.33478060846244e-6,CS,14.200000000000001
0.14754491762676705,2.33478060846244e-6,CS,14.3
0.14918192248202755,2.33478060846244e-6,CS,14.4
0.150837089839523,2.33478060846244e-6,CS,14.5
0.15251062121147635,2.33478060846244e-6,CS,14.600000000000001
0.15420272034588045,2.33478060846244e-6,CS,14.700000000000001
0.155913593251304,2.33478060846244e-6,CS,14.8
0.1576434482219722,2.33478060846244e-6,CS,14.9
0.15939249586312634,2.33478060846244e-6,CS,15
0.1611609491166642,2.33478060846244e-6,CS,15.100000000000001
0.16294902328706523,2.33478060846244e-6,CS,15.200000000000001
0.1647569360676034,2.33478060846244e-6,CS,15.3
0.16658490756685063,2.33478060846244e-6,CS,15.4
0.1684331603354745,2.33478060846244e-6,CS,15.5
0.17030191939333325,2.33478060846244e-6,CS,15.600000000000001
0.1721914122568712,2.33478060846244e-6,CS,15.700000000000001
0.17410186896681837,2.33478060846244e-6,CS,15.8
0.17603352211619736,2.33478060846244e-6,CS,15.9
0.17798660687864085,2.33478060846244e-6,CS,16
0.17996136103702348,2.33478060846244e-6,CS,16.1
0.18195802501241104,2.33478060846244e-6,CS,16.200000000000003
0.18397684189333136,2.33478060846244e-6,CS,16.3
0.18601805746536965,2.33478060846244e-6,CS,16.4
0.1880819202410921,2.33478060846244e-6,CS,16.5
0.19016868149030183,2.33478060846244e-6,CS,16.6
0.1922785952706299,2.33478060846244e-6,CS,16.700000000000003
0.1944119184584667,2.33478060846244e-6,CS,16.8
0.19656891078023564,2.33478060846244e-6,CS,16.9
0.1987498348440143,2.33478060846244e-6,CS,17
0.20095495617150602,2.33478060846244e-6,CS,17.1
0.20318454323036667,2.33478060846244e-6,CS,17.200000000000003
0.20543886746688977,2.33478060846244e-6,CS,17.3
0.20771820333905464,2.33478060846244e-6,CS,17.4
0.21002282834994043,2.33478060846244e-6,CS,17.5
0.21235302308151172,2.33478060846244e-6,CS,17.6
0.21470907122877836,2.33478060846244e-6,CS,17.700000000000003
0.21709125963433476,2.33478060846244e-6,CS,17.8
0.21949987832328222,2.33478060846244e-6,CS,17.9
0.22193522053853865,2.33478060846244e-6,CS,18
0.22439758277653973,2.33478060846244e-6,CS,18.1
0.2268872648233369,2.33478060846244e-6,CS,18.200000000000003
0.2294045697910952,2.33478060846244e-6,CS,18.3
0.23194980415499628,2.33478060846244e-6,CS,18.4
0.23452327779055096,2.33478060846244e-6,CS,18.5
0.23712530401132506,2.33478060846244e-6,CS,18.6
0.23975619960708444,2.33478060846244e-6,CS,18.700000000000003
0.24241628488236275,2.33478060846244e-6,CS,18.8
0.2451058836954572,2.33478060846244e-6,CS,18.9
0.24782532349785666,2.33478060846244e-6,CS,19
0.2505749353741063,2.33478060846244e-6,CS,19.1
0.25335505408211545,2.33478060846244e-6,CS,19.2
0.25616601809391115,2.33478060846244e-6,CS,19.3
0.25900816963684303,2.33478060846244e-6,CS,19.400000000000002
0.26188185473524583,2.33478060846244e-6,CS,19.5
0.2647874232525608,2.33478060846244e-6,CS,19.6
0.26772522893392436,2.33478060846244e-6,CS,19.7
0.27069562944922654,2.33478060846244e-6,CS,19.8
0.27369898643664325,2.33478060846244e-6,CS,19.900000000000002
0.27673566554664836,2.33478060846244e-6,CS,20
0.2798060364865083,2.33478060846244e-6,CS,20.1
0.28291047306526124,2.33478060846244e-6,CS,20.2
0.2860493532391871,2.33478060846244e-6,CS,20.3
0.28922305915776564,2.33478060846244e-6,CS,20.400000000000002
0.2924319772101271,2.33478060846244e-6,CS,20.5
0.29567649807199253,2.33478060846244e-6,CS,20.6
0.29895701675309844,2.33478060846244e-6,CS,20.7
0.30227393264510366,2.33478060846244e-6,CS,20.8
0.30562764956996186,2.33478060846244e-6,CS,20.900000000000002
0.3090185758287469,2.33478060846244e-6,CS,21
0.31244712425090526,2.33478060846244e-6,CS,21.1
0.31591371224389747,2.33478060846244e-6,CS,21.2
0.3194187618431824,2.33478060846244e-6,CS,21.3
0.32296269976247066,2.33478060846244e-6,CS,21.400000000000002
0.32654595744415416,2.33478060846244e-6,CS,21.5
0.3301689711097782,2.33478060846244e-6,CS,21.6
0.3338321818103742,2.33478060846244e-6,CS,21.7
0.33753603547641003,2.33478060846244e-6,CS,21.8
0.34128098296702025,2.33478060846244e-6,CS,21.900000000000002
0.34506748011806593,2.33478060846244e-6,CS,22
0.3488959877884067,2.33478060846244e-6,CS,22.1
0.3527669719035527,2.33478060846244e-6,CS,22.200000000000003
0.3566809034955722,2.33478060846244e-6,CS,22.3
0.36063825873772964,2.33478060846244e-6,CS,22.400000000000002
0.36463951897179503,2.33478060846244e-6,CS,22.5
0.36868517072524515,2.33478060846244e-6,CS,22.6
0.37277570571459206,2.33478060846244e-6,CS,22.700000000000003
0.37691162082976637,2.33478060846244e-6,CS,22.8
0.3810934180926903,2.33478060846244e-6,CS,22.900000000000002
0.38532160458077763,2.33478060846244e-6,CS,23
0.3895966923028497,2.33478060846244e-6,CS,23.1
0.39391919801056646,2.33478060846244e-6,CS,23.200000000000003
0.3982896429225568,2.33478060846244e-6,CS,23.3
0.40270855233043523,2.33478060846244e-6,CS,23.400000000000002
0.4071764550450934,2.33478060846244e-6,CS,23.5
0.41169388262708834,2.33478060846244e-6,CS,23.6
0.4162613683252557,2.33478060846244e-6,CS,23.700000000000003
0.4208794456211157,2.33478060846244e-6,CS,23.8
0.4255486462407456,2.33478060846244e-6,CS,23.900000000000002
0.4302694974473483,2.33478060846244e-6,CS,24
0.4350425183623307,2.33478060846244e-6,CS,24.1
0.4398682149743633,2.33478060846244e-6,CS,24.200000000000003
0.44474707337663416,2.33478060846244e-6,CS,24.3
0.44967955061145487,2.33478060846244e-6,CS,24.400000000000002
0.45466606228393036,2.33478060846244e-6,CS,24.5
0.4597069658127902,2.33478060846244e-6,CS,24.6
0.464802537790027,2.33478060846244e-6,CS,24.700000000000003
0.4699529433856813,2.33478060846244e-6,CS,24.8
0.47515819501131035,2.33478060846244e-6,CS,24.900000000000002
0.4804180964797192,2.33478060846244e-6,CS,25
0.485732167580748,2.33478060846244e-6,CS,25.1
0.491099542213558,2.33478060846244e-6,CS,25.200000000000003
0.49651883081330905,2.33478060846244e-6,CS,25.3
0.501987934566066,2.33478060846244e-6,CS,25.400000000000002
0.5075037945254895,2.33478060846244e-6,CS,25.5
0.513062052830403,2.33478060846244e-6,CS,25.6
0.5186565952363151,2.33478060846244e-6,CS,25.700000000000003
0.5242789333908748,2.33478060846244e-6,CS,25.8
0.5299173707233553,2.33478060846244e-6,CS,25.900000000000002
0.5355558761587953,2.33478060846244e-6,CS,26
0.5411725633222463,2.33478060846244e-6,CS,26.1
0.5467376370559408,2.33478060846244e-6,CS,26.200000000000003
0.5522106206757355,2.33478060846244e-6,CS,26.3
0.5575366120458567,2.33478060846244e-6,CS,26.400000000000002
0.5626412283158094,2.33478060846244e-6,CS,26.5
0.5674237800238224,2.33478060846244e-6,CS,26.6
0.5717480544031749,2.33478060846244e-6,CS,26.700000000000003
0.5754298705158083,2.33478060846244e-6,CS,26.8
0.5782202755473064,2.33478060846244e-6,CS,26.900000000000002
0.5797828555822756,2.33478060846244e-6,CS,27
0.5796630994600522,2.33478060846244e-6,CS,27.1
0.5772470323065116,2.33478060846244e-6,CS,27.200000000000003
0.5717053604521007,2.33478060846244e-6,CS,27.3
0.561918053107412,2.33478060846244e-6,CS,27.400000000000002
0.5463725087819699,2.33478060846244e-6,CS,27.5
0.5230260545179651,2.33478060846244e-6,CS,27.6
0.48912028552833375,2.33478060846244e-6,CS,27.700000000000003
0.44093037736924084,2.33478060846244e-6,CS,27.8
0.3734265948156566,2.33478060846244e-6,CS,27.900000000000002
0.2798172443874371,2.33478060846244e-6,CS,28
0.15093154623500749,2.33478060846244e-6,CS,28.1
-0.025613642764196864,2.33478060846244e-6,CS,28.200000000000003
-0.2665389606831393,2.33478060846244e-6,CS,28.3
-0.594421748956689,2.33478060846244e-6,CS,28.400000000000002
-1.0397473626679807,2.33478060846244e-6,CS,28.5
-1.6436789510735068,2.33478060846244e-6,CS,28.6
-2.4617973521380367,2.33478060846244e-6,CS,28.700000000000003
-3.569150882932213,2.33478060846244e-6,CS,28.8
-5.067073816134737,2.33478060846244e-6,CS,28.900000000000002
-7.092393023889192,2.33478060846244e-6,CS,29
-9.829859243203972,2.33478060846244e-6,CS,29.1
-13.528932384660997,2.33478060846244e-6,CS,29.200000000000003
-18.526445885497477,2.33478060846244e-6,CS,29.3
-25.2772092388368,2.33478060846244e-6,CS,29.400000000000002
-34.395329040511506,2.33478060846244e-6,CS,29.5
-46.71000270785769,2.33478060846244e-6,CS,29.6
-63.34085391517571,2.33478060846244e-6,CS,29.700000000000003
-85.79965422042935,2.33478060846244e-6,CS,29.8
-116.12767263087716,2.33478060846244e-6,CS,29.900000000000002
-157.081131771928,2.33478060846244e-6,CS,30
-212.38161996823024,2.33478060846244e-6,CS,30.1
-287.05421000635636,2.33478060846244e-6,CS,30.200000000000003
-387.8840037918795,2.33478060846244e-6,CS,30.3
-524.0325814994608,2.33478060846244e-6,CS,30.400000000000002
-707.8703616689545,2.33478060846244e-6,CS,30.5
-956.1004949272454,2.33478060846244e-6,CS,30.6
-1291.2764008136633,2.33478060846244e-6,CS,30.700000000000003
-1743.8508209705437,2.33478060846244e-6,CS,30.8
-2354.942551988078,2.33478060846244e-6,CS,30.900000000000002
-3180.0722247722756,2.33478060846244e-6,CS,31
-4294.20653840172,2.33478060846244e-6,CS,31.1
-5798.5692338744275,2.33478060846244e-6,CS,31.200000000000003
-7829.837607334311,2.33478060846244e-6,CS,31.3
-10572.56009655324,2.33478060846244e-6,CS,31.400000000000002
-14275.923119647588,2.33478060846244e-6,CS,31.5
-19276.390489024256,2.33478060846244e-6,CS,31.6
-26028.272266514967,2.33478060846244e-6,CS,31.700000000000003
-35145.000341730716,2.33478060846244e-6,CS,31.8
-47454.86075704161,2.33478060846244e-6,CS,31.900000000000002
-64076.246246025315,2.33478060846244e-6,CS,32
-86519.26592849755,2.33478060846244e-6,CS,32.1
-116822.94374041245,2.33478060846244e-6,CS,32.2
-157740.4705317562,2.33478060846244e-6,CS,32.3
-212989.34060089823,2.33478060846244e-6,CS,32.400000000000006
-287589.09840037406,2.33478060846244e-6,CS,32.5
-388317.3808244091,2.33478060846244e-6,CS,32.6
-524325.6880346361,2.33478060846244e-6,CS,32.7
-707970.827649144,2.33478060846244e-6,CS,32.8
-955937.5717614171,2.33478060846244e-6,CS,32.900000000000006
-1290754.5239079953,2.33478060846244e-6,CS,33
-1742840.9175352915,2.33478060846244e-6,CS,33.1
-2353270.3044038694,2.33478060846244e-6,CS,33.2
-3177502.2232034113,2.33478060846244e-6,CS,33.3
-4290420.882867409,2.33478060846244e-6,CS,33.400000000000006
-5793138.641702601,2.33478060846244e-6,CS,33.5
-7822182.401015266,2.33478060846244e-6,CS,33.6
-10561897.527606128,2.33478060846244e-6,CS,33.7
-14261196.242698785,2.33478060846244e-6,CS,33.8
-19256172.124069978,2.33478060846244e-6,CS,33.900000000000006
-26000635.32401636,2.33478060846244e-6,CS,34
-35107342.72915055,2.33478060846244e-6,CS,34.1
-47403668.958989084,2.33478060846244e-6,CS,34.2
-64006776.09849043,2.33478060846244e-6,CS,34.3
-86425111.58444296,2.33478060846244e-6,CS,34.400000000000006
-116695455.66580664,2.33478060846244e-6,CS,34.5
-157567969.65508997,2.33478060846244e-6,CS,34.6
-212756057.21898934,2.33478060846244e-6,CS,34.7
-287273739.43661726,2.33478060846244e-6,CS,34.8
-387891195.27002555,2.33478060846244e-6,CS,34.900000000000006
-523749854.81185806,2.33478060846244e-6,CS,35
-707192928.5751992,2.33478060846244e-6,CS,35.1
-954886829.1699328,2.33478060846244e-6,CS,35.2
-1289335370.2505696,2.33478060846244e-6,CS,35.300000000000004
-1740924312.7393277,2.33478060846244e-6,CS,35.4
-2350682012.1408744,2.33478060846244e-6,CS,35.5
-3174006980.9266076,2.33478060846244e-6,CS,35.6
-4285701027.4145403,2.33478060846244e-6,CS,35.7
-5786765248.529803,2.33478060846244e-6,CS,35.800000000000004
-7813576314.963371,2.33478060846244e-6,CS,35.9
-10550276744.717688,2.33478060846244e-6,CS,36
-14245504862.547064,2.33478060846244e-6,CS,36.1
-19234984417.683132,2.33478060846244e-6,CS,36.2
-25972026201.652004,2.33478060846244e-6,CS,36.300000000000004
-35068712839.48149,2.33478060846244e-6,CS,36.4
-47351508529.38891,2.33478060846244e-6,CS,36.5
-63936346060.51666,2.33478060846244e-6,CS,36.6
-86330013013.70772,2.33478060846244e-6,CS,36.7
-116567048418.43939,2.33478060846244e-6,CS,36.800000000000004
-157394587381.92642,2.33478060846244e-6,CS,36.9
-212521947439.00812,2.33478060846244e-6,CS,37
-286957632371.68695,2.33478060846244e-6,CS,37.1
-387464371414.879,2.33478060846244e-6,CS,37.2
-523173535671.6638,2.33478060846244e-6,CS,37.300000000000004
-706414753510.389,2.33478060846244e-6,CS,37.4
-953836098258.2872,2.33478060846244e-6,CS,37.5
-1287916620964.2964,2.33478060846244e-6,CS,37.6
-1739008646857.3958,2.33478060846244e-6,CS,37.7
-2348095384917.266,2.33478060846244e-6,CS,37.800000000000004
-3170514388547.1567,2.33478060846244e-6,CS,37.9
-4280985156119.775,2.33478060846244e-6,CS,38
-5780397645605.745,2.33478060846244e-6,CS,38.1
-7804978462389.372,2.33478060846244e-6,CS,38.2
-10538667498882.227,2.33478060846244e-6,CS,38.300000000000004
-14229829484755.91,2.33478060846244e-6,CS,38.4
-19213818747645.82,2.33478060846244e-6,CS,38.5
-25943447267788.19,2.33478060846244e-6,CS,38.6
-35030124150565.8,2.33478060846244e-6,CS,38.7
-47299404174696.8,2.33478060846244e-6,CS,38.800000000000004
-63865992186189.52,2.33478060846244e-6,CS,38.9
-86235017736407.125,2.33478060846244e-6,CS,39
-116438781101509.42,2.33478060846244e-6,CS,39.1
-157221394513396.4,2.33478060846244e-6,CS,39.2
-212288093871297.12,2.33478060846244e-6,CS,39.300000000000004
-286641871731187.06,2.33478060846244e-6,CS,39.4
-387038015798355.06,2.33478060846244e-6,CS,39.5
-522597849254928.6,2.33478060846244e-6,CS,39.6
-705637433270031.25,2.33478060846244e-6,CS,39.7
-952786522068185.75,2.33478060846244e-6,CS,39.800000000000004
-1286499431340941.2,2.33478060846244e-6,CS,39.9
-1737095087415755.2,2.33478060846244e-6,CS,40
-2345511602425472,2.33478060846244e-6,CS,40.1
-3167025637782946.5,2.33478060846244e-6,CS,40.2
-4276274472487150.5,2.33478060846244e-6,CS,40.300000000000004
-5774037047848576,2.33478060846244e-6,CS,40.4
-7796390069072806,2.33478060846244e-6,CS,40.5
-10527071025944538,2.33478060846244e-6,CS,40.6
-14214171354109818,2.33478060846244e-6,CS,40.7
-19192676366108964,2.33478060846244e-6,CS,40.800000000000004
-25914899779767096,2.33478060846244e-6,CS,40.9
-34991577921945436,2.33478060846244e-6,CS,41
-47247357152564824,2.33478060846244e-6,CS,41.1
-63795715725698224,2.33478060846244e-6,CS,41.2
-86140126987676580,2.33478060846244e-6,CS,41.300000000000004
-116310654924811300,2.33478060846244e-6,CS,41.400000000000006
-157048392219964130,2.33478060846244e-6,CS,41.5
-212054497628105060,2.33478060846244e-6,CS,41.6
-286326458543592260,2.33478060846244e-6,CS,41.7
-386612129330520200,2.33478060846244e-6,CS,41.800000000000004
-522022796306554900,2.33478060846244e-6,CS,41.900000000000006
-704860968370550500,2.33478060846244e-6,CS,42
0.057799846795856175,8.161314196464836,TT,3
0.05850913420618988,8.161314196464836,TT,3.1
0.05922712559513853,8.161314196464836,TT,3.2
0.05995392777306223,8.161314196464836,TT,3.3
0.06068964886103817,8.161314196464836,TT,3.4
0.0614343983069449,8.161314196464836,TT,3.5
0.06218828690174419,8.161314196464836,TT,3.6
0.06295142679596256,8.161314196464836,TT,3.7
0.06372393151637509,8.161314196464836,TT,3.8
0.06450591598289401,8.161314196464836,TT,3.9
0.06529749652566443,8.161314196464836,TT,4
0.06609879090236999,8.161314196464836,TT,4.1
0.06690991831575083,8.161314196464836,TT,4.2
0.06773099943133642,8.161314196464836,TT,4.3
0.06856215639539624,8.161314196464836,TT,4.4
0.06940351285311046,8.161314196464836,TT,4.5
0.07025519396696374,8.161314196464836,TT,4.6
0.0711173264353649,8.161314196464836,TT,4.7
0.07199003851149471,8.161314196464836,TT,4.8
0.07287346002238534,8.161314196464836,TT,4.9
0.0737677223882337,8.161314196464836,TT,5
0.07467295864195189,8.161314196464836,TT,5.1
0.07558930344895756,8.161314196464836,TT,5.2
0.07651689312720708,8.161314196464836,TT,5.300000000000001
0.07745586566747459,8.161314196464836,TT,5.4
0.07840636075387986,8.161314196464836,TT,5.5
0.07936851978466809,8.161314196464836,TT,5.6
0.08034248589324475,8.161314196464836,TT,5.7
0.0813284039694684,8.161314196464836,TT,5.800000000000001
0.08232642068120496,8.161314196464836,TT,5.9
0.08333668449614645,8.161314196464836,TT,6
0.08435934570389739,8.161314196464836,TT,6.1
0.0853945564383323,8.161314196464836,TT,6.2
0.08644247070022758,8.161314196464836,TT,6.300000000000001
0.08750324438017111,8.161314196464836,TT,6.4
0.08857703528175284,8.161314196464836,TT,6.5
0.08966400314504025,8.161314196464836,TT,6.6
0.09076430967034162,8.161314196464836,TT,6.7
0.09187811854226097,8.161314196464836,TT,6.800000000000001
0.09300559545404831,8.161314196464836,TT,6.9
0.09414690813224862,8.161314196464836,TT,7
0.09530222636165325,8.161314196464836,TT,7.1000000000000005
0.09647172201055765,8.161314196464836,TT,7.2
0.09765556905632881,8.161314196464836,TT,7.3
0.09885394361128688,8.161314196464836,TT,7.4
0.10006702394890381,8.161314196464836,TT,7.5
0.10129499053032402,8.161314196464836,TT,7.6000000000000005
0.10253802603121018,8.161314196464836,TT,7.7
0.10379631536891865,8.161314196464836,TT,7.800000000000001
0.1050700457300081,8.161314196464836,TT,7.9
0.10635940659808611,8.161314196464836,TT,8
0.10766458978199717,8.161314196464836,TT,8.100000000000001
0.10898578944435662,8.161314196464836,TT,8.2
0.11032320213043495,8.161314196464836,TT,8.3
0.11167702679739633,8.161314196464836,TT,8.4
0.113047464843896,8.161314196464836,TT,8.5
0.11443472014004097,8.161314196464836,TT,8.600000000000001
0.1158389990577181,8.161314196464836,TT,8.7
0.11726051050129498,8.161314196464836,TT,8.8
0.11869946593869649,8.161314196464836,TT,8.9
0.1201560794328639,8.161314196464836,TT,9
0.12163056767359912,8.161314196464836,TT,9.100000000000001
0.12312315000980022,8.161314196464836,TT,9.2
0.12463404848209239,8.161314196464836,TT,9.3
0.12616348785585915,8.161314196464836,TT,9.4
0.1277116956546792,8.161314196464836,TT,9.5
0.12927890219417354,8.161314196464836,TT,9.600000000000001
0.13086534061626745,8.161314196464836,TT,9.7
0.13247124692387394,8.161314196464836,TT,9.8
0.13409686001600146,8.161314196464836,TT,9.9
0.1357424217232939,8.161314196464836,TT,10
0.13740817684400553,8.161314196464836,TT,10.100000000000001
0.1390943731804177,8.161314196464836,TT,10.2
0.14080126157570327,8.161314196464836,TT,10.3
0.1425290959512419,8.161314196464836,TT,10.4
0.14427813334439482,8.161314196464836,TT,10.5
0.14604863394674183,8.161314196464836,TT,10.600000000000001
0.1478408611427884,8.161314196464836,TT,10.7
0.14965508154914756,8.161314196464836,TT,10.8
0.15149156505420217,8.161314196464836,TT,10.9
0.15335058485825465,8.161314196464836,TT,11
0.1552324175141687,8.161314196464836,TT,11.1
0.1571373429685102,8.161314196464836,TT,11.200000000000001
0.1590656446031928,8.161314196464836,TT,11.3
0.16101760927763464,8.161314196464836,TT,11.4
0.1629935273714322,8.161314196464836,TT,11.5
0.16499369282755805,8.161314196464836,TT,11.6
0.16701840319608874,8.161314196464836,TT,11.700000000000001
0.16906795967846885,8.161314196464836,TT,11.8
0.17114266717231885,8.161314196464836,TT,11.9
0.17324283431679233,8.161314196464836,TT,12
0.17536877353848998,8.161314196464836,TT,12.1
0.17752080109793736,8.161314196464836,TT,12.200000000000001
0.17969923713663197,8.161314196464836,TT,12.3
0.18190440572466918,8.161314196464836,TT,12.4
0.18413663490895119,8.161314196464836,TT,12.5
0.18639625676198868,8.161314196464836,TT,12.600000000000001
0.18868360743130025,8.161314196464836,TT,12.700000000000001
0.19099902718941913,8.161314196464836,TT,12.8
0.19334286048451277,8.161314196464836,TT,12.9
0.19571545599162407,8.161314196464836,TT,13
0.19811716666454118,8.161314196464836,TT,13.100000000000001
0.2005483497883037,8.161314196464836,TT,13.200000000000001
0.20300936703235356,8.161314196464836,TT,13.3
0.20550058450433806,8.161314196464836,TT,13.4
0.20802237280457272,8.161314196464836,TT,13.5
0.21057510708117305,8.161314196464836,TT,13.600000000000001
0.21315916708586244,8.161314196464836,TT,13.700000000000001
0.2157749372304653,8.161314196464836,TT,13.8
0.21842280664409305,8.161314196464836,TT,13.9
0.22110316923103188,8.161314196464836,TT,14
0.22381642372934132,8.161314196464836,TT,14.100000000000001
0.2265629737701715,8.161314196464836,TT,14.200000000000001
0.22934322793780831,8.161314196464836,TT,14.3
0.23215759983045567,8.161314196464836,TT,14.4
0.23500650812176346,8.161314196464836,TT,14.5
0.23789037662311044,8.161314196464836,TT,14.600000000000001
0.24080963434665192,8.161314196464836,TT,14.700000000000001
0.24376471556914037,8.161314196464836,TT,14.8
0.24675605989652993,8.161314196464836,TT,14.9
0.2497841123293731,8.161314196464836,TT,15
0.25284932332902077,8.161314196464836,TT,15.100000000000001
0.2559521488846333,8.161314196464836,TT,15.200000000000001
0.2590930505810154,8.161314196464836,TT,15.3
0.26227249566728233,8.161314196464836,TT,15.4
0.26549095712636944,8.161314196464836,TT,15.5
0.26874891374539434,8.161314196464836,TT,15.600000000000001
0.2720468501868821,8.161314196464836,TT,15.700000000000001
0.27538525706086586,8.161314196464836,TT,15.8
0.2787646309978706,8.161314196464836,TT,15.9
0.2821854747227935,8.161314196464836,TT,16
0.28564829712969075,8.161314196464836,TT,16.1
0.2891536133574818,8.161314196464836,TT,16.200000000000003
0.2927019448665829,8.161314196464836,TT,16.3
0.2962938195164815,8.161314196464836,TT,16.4
0.2999297716442609,8.161314196464836,TT,16.5
0.3036103421440911,8.161314196464836,TT,16.6
0.30733607854769257,8.161314196464836,TT,16.700000000000003
0.3111075351057888,8.161314196464836,TT,16.8
0.31492527287055894,8.161314196464836,TT,16.9
0.3187898597791005,8.161314196464836,TT,17
0.3227018707379175,8.161314196464836,TT,17.1
0.32666188770844534,8.161314196464836,TT,17.200000000000003
0.3306704997936244,8.161314196464836,TT,17.3
0.33472830332553793,8.161314196464836,TT,17.4
0.33883590195412255,8.161314196464836,TT,17.5
0.3429939067369693,8.161314196464836,TT,17.6
0.3472029362302264,8.161314196464836,TT,17.700000000000003
0.3514636165806175,8.161314196464836,TT,17.8
0.35577658161858844,8.161314196464836,TT,17.9
0.3601424729525983,8.161314196464836,TT,18
0.3645619400645656,8.161314196464836,TT,18.1
0.36903564040648845,8.161314196464836,TT,18.200000000000003
0.3735642394982472,8.161314196464836,TT,18.3
0.3781484110266101,8.161314196464836,TT,18.4
0.38278883694545235,8.161314196464836,TT,18.5
0.3874862075772044,8.161314196464836,TT,18.6
0.39224122171554676,8.161314196464836,TT,18.700000000000003
0.3970545867293635,8.161314196464836,TT,18.8
0.4019270186679721,8.161314196464836,TT,18.9
0.40685924236764387,8.161314196464836,TT,19
0.4118519915594318,8.161314196464836,TT,19.1
0.4169060089783197,8.161314196464836,TT,19.2
0.4220220464737133,8.161314196464836,TT,19.3
0.4272008651212829,8.161314196464836,TT,19.400000000000002
0.43244323533618034,8.161314196464836,TT,19.5
0.437749936987643,8.161314196464836,TT,19.6
0.4431217595150017,8.161314196464836,TT,19.7
0.44855950204511164,8.161314196464836,TT,19.8
0.4540639735112199,8.161314196464836,TT,19.900000000000002
0.459635992773287,8.161314196464836,TT,20
0.46527638873978133,8.161314196464836,TT,20.1
0.4709860004909582,8.161314196464836,TT,20.2
0.47676567740364295,8.161314196464836,TT,20.3
0.4826162792775306,8.161314196464836,TT,20.400000000000002
0.48853867646301574,8.161314196464836,TT,20.5
0.49453374999056793,8.161314196464836,TT,20.6
0.5006023917016562,8.161314196464836,TT,20.7
0.5067455043812393,8.161314196464836,TT,20.8
0.5129640018918111,8.161314196464836,TT,20.900000000000002
0.5192588093090131,8.161314196464836,TT,21
0.5256308630587925,8.161314196464836,TT,21.1
0.5320811110560874,8.161314196464836,TT,21.2
0.5386105128450076,8.161314196464836,TT,21.3
0.5452200397404482,8.161314196464836,TT,21.400000000000002
0.5519106749710612,8.161314196464836,TT,21.5
0.558683413823466,8.161314196464836,TT,21.6
0.5655392637875266,8.161314196464836,TT,21.7
0.5724792447024755,8.161314196464836,TT,21.8
0.5795043889035524,8.161314196464836,TT,21.900000000000002
0.5866157413687267,8.161314196464836,TT,22
0.5938143598648973,8.161314196464836,TT,22.1
0.6011013150927482,8.161314196464836,TT,22.200000000000003
0.6084776908291492,8.161314196464836,TT,22.3
0.6159445840655802,8.161314196464836,TT,22.400000000000002
0.6235031051405279,8.161314196464836,TT,22.5
0.6311543778630707,8.161314196464836,TT,22.6
0.6388995396238837,8.161314196464836,TT,22.700000000000003
0.6467397414885682,8.161314196464836,TT,22.8
0.6546761482664141,8.161314196464836,TT,22.900000000000002
0.6627099385452734,8.161314196464836,TT,23
0.6708423046799615,8.161314196464836,TT,23.1
0.6790744527171565,8.161314196464836,TT,23.200000000000003
0.6874076022338186,8.161314196464836,TT,23.3
0.695842986058056,8.161314196464836,TT,23.400000000000002
0.7043818498304794,8.161314196464836,TT,23.5
0.7130254513493612,8.161314196464836,TT,23.6
0.7217750596230266,8.161314196464836,TT,23.700000000000003
0.7306319535260516,8.161314196464836,TT,23.8
0.7395974199195731,8.161314196464836,TT,23.900000000000002
0.7486727510470109,8.161314196464836,TT,24
0.7578592409503562,8.161314196464836,TT,24.1
0.7671581805627844,8.161314196464836,TT,24.200000000000003
0.7765708510126655,8.161314196464836,TT,24.3
0.7860985145110142,8.161314196464836,TT,24.400000000000002
0.7957424019742229,8.161314196464836,TT,24.5
0.8055036962365494,8.161314196464836,TT,24.6
0.8153835093051481,8.161314196464836,TT,24.700000000000003
0.8253828515679522,8.161314196464836,TT,24.8
0.8355025901319993,8.161314196464836,TT,24.900000000000002
0.845743392480182,8.161314196464836,TT,25
0.8561056502978106,8.161314196464836,TT,25.1
0.8665893765151426,8.161314196464836,TT,25.200000000000003
0.8771940661738372,8.161314196464836,TT,25.3
0.8879185084322175,8.161314196464836,TT,25.400000000000002
0.8987605325764995,8.161314196464836,TT,25.5
0.9097166648979836,8.161314196464836,TT,25.6
0.9207816651827367,8.161314196464836,TT,25.700000000000003
0.9319479006021099,8.161314196464836,TT,25.8
0.9432044999920042,8.161314196464836,TT,25.900000000000002
0.9545362115190346,8.161314196464836,TT,26
0.9659218597330654,8.161314196464836,TT,26.1
0.9773322615405573,8.161314196464836,TT,26.200000000000003
0.9887274113826531,8.161314196464836,TT,26.3
1.000052679383005,8.161314196464836,TT,26.400000000000002
1.0112336763883485,8.161314196464836,TT,26.5
1.022169318482131,8.161314196464836,TT,26.6
1.0327224596631823,8.161314196464836,TT,26.700000000000003
1.0427072400300468,8.161314196464836,TT,26.8
1.051871997849246,8.161314196464836,TT,26.900000000000002
1.0598761901001705,8.161314196464836,TT,27
1.0662592207270998,8.161314196464836,TT,27.1
1.0703983392498333,8.161314196464836,TT,27.200000000000003
1.0714517775436307,8.161314196464836,TT,27.3
1.068281948943821,8.161314196464836,TT,27.400000000000002
1.0593517190581603,8.161314196464836,TT,27.5
1.0425843065960314,8.161314196464836,TT,27.6
1.015174062045727,8.161314196464836,TT,27.700000000000003
0.9733309008221173,8.161314196464836,TT,27.8
0.9119351285875703,8.161314196464836,TT,27.900000000000002
0.8240712401430683,8.161314196464836,TT,28
0.7003982571885814,8.161314196464836,TT,28.1
0.5282992916523801,8.161314196464836,TT,28.200000000000003
0.2907329259039292,8.161314196464836,TT,28.3
-0.035318140132169384,8.161314196464836,TT,28.400000000000002
-0.4809423826149297,8.161314196464836,TT,28.5
-1.0881294065419367,8.161314196464836,TT,28.6
-1.9135921463060344,8.161314196464836,TT,28.700000000000003
-3.033929219363757,8.161314196464836,TT,28.8
-4.552597322071252,8.161314196464836,TT,28.900000000000002
-6.609328310845733,8.161314196464836,TT,29
-9.392848132561697,8.161314196464836,TT,29.1
-13.15805530981964,8.161314196464836,TT,29.200000000000003
-18.249222605428788,8.161314196464836,TT,29.3
-25.131333733741908,8.161314196464836,TT,29.400000000000002
-34.432407456709676,8.161314196464836,TT,29.5
-47.00066149896489,8.161314196464836,TT,29.6
-63.981719469882265,8.161314196464836,TT,29.700000000000003
-86.9228883400836,8.161314196464836,TT,29.8
-117.91399804250699,8.161314196464836,TT,29.900000000000002
-159.77762273482446,8.161314196464836,TT,30
-216.32599808975485,8.161314196464836,TT,30.1
-292.70801980197166,8.161314196464836,TT,30.200000000000003
-395.8779078950177,8.161314196464836,TT,30.3
-535.228195705939,8.161314196464836,TT,30.400000000000002
-723.4446596264482,8.161314196464836,TT,30.5
-977.6610072257231,8.161314196464836,TT,30.6
-1321.0184260606266,8.161314196464836,TT,30.700000000000003
-1784.7719468084686,8.161314196464836,TT,30.8
-2411.135346624853,8.161314196464836,TT,30.900000000000002
-3257.1235422185814,8.161314196464836,TT,31
-4399.742215890683,8.161314196464836,TT,31.1
-5942.997045952803,8.161314196464836,TT,31.200000000000003
-8027.360537418726,8.161314196464836,TT,31.3
-10842.558145157825,8.161314196464836,TT,31.400000000000002
-14644.837511151456,8.161314196464836,TT,31.5
-19780.292700611175,8.161314196464836,TT,31.6
-26716.36646130391,8.161314196464836,TT,31.700000000000003
-36084.39791247464,8.161314196464836,TT,31.8
-48737.08844955944,8.161314196464836,TT,31.900000000000002
-65826.11654037716,8.161314196464836,TT,32
-88906.96608585858,8.161314196464836,TT,32.1
-120080.51005809482,8.161314196464836,TT,32.2
-162184.23667640064,8.161314196464836,TT,32.3
-219050.52395738565,8.161314196464836,TT,32.400000000000006
-295855.4713684701,8.161314196464836,TT,32.5
-399590.0400255144,8.161314196464836,TT,32.6
-539696.3856730836,8.161314196464836,TT,32.7
-728927.3049044131,8.161314196464836,TT,32.8
-984507.0233460384,8.161314196464836,TT,32.900000000000006
-1329698.983353935,8.161314196464836,TT,33
-1795923.3347789203,8.161314196464836,TT,33.1
-2425616.8675646572,8.161314196464836,TT,33.2
-3276095.7036667345,8.161314196464836,TT,33.3
-4424772.339185571,8.161314196464836,TT,33.400000000000006
-5976201.90360176,8.161314196464836,TT,33.5
-8071599.002457116,8.161314196464836,TT,33.6
-10901691.387868062,8.161314196464836,TT,33.7
-14724080.426830798,8.161314196464836,TT,33.8
-19886688.55612904,8.161314196464836,TT,33.900000000000006
-26859427.963835843,8.161314196464836,TT,34
-36276973.05193579,8.161314196464836,TT,34.1
-48996529.92564158,8.161314196464836,TT,34.2
-66175861.21807291,8.161314196464836,TT,34.3
-89378668.24505694,8.161314196464836,TT,34.400000000000006
-120716922.61039117,8.161314196464836,TT,34.5
-163043102.6039934,8.161314196464836,TT,34.6
-220209832.18147752,8.161314196464836,TT,34.7
-297420555.44822645,8.161314196464836,TT,34.8
-401703165.8269953,8.161314196464836,TT,34.900000000000006
-542549700.6993057,8.161314196464836,TT,35
-732780327.9638081,8.161314196464836,TT,35.1
-989710266.5078453,8.161314196464836,TT,35.2
-1336725856.3144794,8.161314196464836,TT,35.300000000000004
-1805413235.6451173,8.161314196464836,TT,35.4
-2438433382.275523,8.161314196464836,TT,35.5
-3293405211.4941335,8.161314196464836,TT,35.6
-4448150179.163431,8.161314196464836,TT,35.7
-6007775765.391912,8.161314196464836,TT,35.800000000000004
-8114242593.407466,8.161314196464836,TT,35.9
-10959286004.277668,8.161314196464836,TT,36
-14801868238.22215,8.161314196464836,TT,36.1
-19991749759.25552,8.161314196464836,TT,36.2
-27001325238.05978,8.161314196464836,TT,36.300000000000004
-36468621975.739746,8.161314196464836,TT,36.4
-49255374581.556564,8.161314196464836,TT,36.5
-66525461992.20772,8.161314196464836,TT,36.6
-89850846346.308,8.161314196464836,TT,36.7
-121354656508.31503,8.161314196464836,TT,36.800000000000004
-163904440025.5624,8.161314196464836,TT,36.9
-221373173745.5305,8.161314196464836,TT,37
-298991790865.8126,8.161314196464836,TT,37.1
-403825312220.5963,8.161314196464836,TT,37.2
-545415920342.52014,8.161314196464836,TT,37.300000000000004
-736651510345.1317,8.161314196464836,TT,37.4
-994938775077.8447,8.161314196464836,TT,37.5
-1343787601398.2446,8.161314196464836,TT,37.6
-1814950992868.8022,8.161314196464836,TT,37.7
-2451315299447.1064,8.161314196464836,TT,37.800000000000004
-3310803829366.444,8.161314196464836,TT,37.9
-4471649158726.76,8.161314196464836,TT,38
-6039514036253.414,8.161314196464836,TT,38.1
-8157109043967.539,8.161314196464836,TT,38.2
-11017182434838.904,8.161314196464836,TT,38.300000000000004
-14880064511615.043,8.161314196464836,TT,38.4
-20097363475588.48,8.161314196464836,TT,38.5
-27143969594663.523,8.161314196464836,TT,38.6
-36661280781977.46,8.161314196464836,TT,38.7
-49515584074306.32,8.161314196464836,TT,38.800000000000004
-66876907023524.82,8.161314196464836,TT,38.9
-90325516231847.34,8.161314196464836,TT,39
-121995756766679.89,8.161314196464836,TT,39.1
-164770325041634,8.161314196464836,TT,39.2
-222542658317611.2,8.161314196464836,TT,39.300000000000004
-300571324105565,8.161314196464836,TT,39.4
-405958666790235.94,8.161314196464836,TT,39.5
-548297278965397.9,8.161314196464836,TT,39.6
-740543140753288.6,8.161314196464836,TT,39.7
-1000194902209889.9,8.161314196464836,TT,39.800000000000004
-1350886649748762.8,8.161314196464836,TT,39.9
-1824539133760235,8.161314196464836,TT,40
-2464265266994614.5,8.161314196464836,TT,40.1
-3328294358696966.5,8.161314196464836,TT,40.2
-4495272277097048,8.161314196464836,TT,40.300000000000004
-6071419972946219,8.161314196464836,TT,40.4
-8200201948989749,8.161314196464836,TT,40.5
-11075384721176484,8.161314196464836,TT,40.6
-14958673882072294,8.161314196464836,TT,40.7
-20203535131592488,8.161314196464836,TT,40.800000000000004
-27287367518766880,8.161314196464836,TT,40.9
-36854957375252840,8.161314196464836,TT,41
-49777168215201496,8.161314196464836,TT,41.1
-67230208687970370,8.161314196464836,TT,41.2
-90802693730731570,8.161314196464836,TT,41.300000000000004
-122640243867521300,8.161314196464836,TT,41.400000000000006
-165640784407637920,8.161314196464836,TT,41.5
-223718321115015800,8.161314196464836,TT,41.6
-302159201802311360,8.161314196464836,TT,41.7
-408103291580097600,8.161314196464836,TT,41.800000000000004
-551193859412810300,8.161314196464836,TT,41.900000000000006
-744455330115257100,8.161314196464836,TT,42
