umax_temp,ks_temp,Species,temp
0.03723881773379804,1.897131831090046,AC,3
0.037781952548838614,1.9603695587930476,AC,3.1
0.03833300908227041,2.0236072864960493,AC,3.2
0.03889210287377258,2.0868450141990507,AC,3.3
0.039459351148191164,2.150082741902052,AC,3.4
0.04003487284011756,2.213320469605054,AC,3.5
0.040618788618825404,2.2765581973080553,AC,3.6
0.04121122091357129,2.3397959250110567,AC,3.7
0.04181229393926441,2.403033652714058,AC,3.8
0.042422133722510615,2.46627138041706,AC,3.9
0.04304086812803634,2.5295091081200614,AC,4
0.0436686268854979,2.5927468358230628,AC,4.1
0.04430554161668186,2.6559845635260646,AC,4.2
0.044951745863102084,2.719222291229066,AC,4.3
0.04560737511399927,2.782460018932068,AC,4.4
0.046272566834748924,2.845697746635069,AC,4.5
0.04694746049568365,2.90893547433807,AC,4.6
0.04763219760133577,2.972173202041072,AC,4.7
0.04832692172010652,3.0354109297440734,AC,4.8
0.04903177851436794,3.0986486574470753,AC,4.9
0.049746915771003805,3.1618863851500767,AC,5
0.05047248343239603,3.225124112853078,AC,5.1
0.051208633627862966,3.28836184055608,AC,5.2
0.051955520705556264,3.351599568259082,AC,5.300000000000001
0.05271330126482297,3.414837295962083,AC,5.4
0.05348213418903965,3.4780750236650846,AC,5.5
0.054262180678925256,3.5413127513680855,AC,5.6
0.05505360428634009,3.6045504790710874,AC,5.7
0.05585657094857759,3.6677882067740892,AC,5.800000000000001
0.056671249023156255,3.7310259344770906,AC,5.9
0.0574978093231191,3.794263662180092,AC,6
0.058336425152847954,3.8575013898830934,AC,6.1
0.05918727234439999,3.9207391175860953,AC,6.2
0.060050529294374405,3.983976845289097,AC,6.300000000000001
0.06092637700131669,4.0472145729920985,AC,6.4
0.06181499910366845,4.1104523006950995,AC,6.5
0.06271658191827087,4.173690028398101,AC,6.6
0.06363131447942952,4.236927756101103,AC,6.7
0.06455938857854912,4.300165483804105,AC,6.800000000000001
0.06550099880434633,4.363403211507106,AC,6.9
0.06645634258364903,4.426640939210108,AC,7
0.06742562022279072,4.48987866691311,AC,7.1000000000000005
0.06840903494960852,4.553116394616111,AC,7.2
0.06940679295605398,4.616354122319112,AC,7.3
0.07041910344142503,4.679591850022113,AC,7.4
0.07144617865622886,4.742829577725115,AC,7.5
0.0724882339466842,4.806067305428117,AC,7.6000000000000005
0.07354548779987291,4.869305033131118,AC,7.7
0.07461816188954999,4.93254276083412,AC,7.800000000000001
0.07570648112262182,4.995780488537122,AC,7.9
0.07681067368630216,5.059018216240123,AC,8
0.07793097109595618,5.1222559439431254,AC,8.100000000000001
0.07906760824364192,5.1854936716461255,AC,8.2
0.08022082344736026,5.248731399349127,AC,8.3
0.08139085850102253,5.311969127052129,AC,8.4
0.08257795872514763,5.37520685475513,AC,8.5
0.08378237301829812,5.438444582458133,AC,8.600000000000001
0.08500435390926642,5.501682310161133,AC,8.7
0.08624415761002276,5.564920037864136,AC,8.8
0.08750204406943456,5.628157765567137,AC,8.9
0.08877827702777014,5.691395493270138,AC,9
0.09007312407199668,5.75463322097314,AC,9.100000000000001
0.0913868566918851,5.81787094867614,AC,9.2
0.09271975033693328,5.881108676379143,AC,9.3
0.09407208447411916,5.944346404082144,AC,9.4
0.09544414264649659,6.007584131785146,AC,9.5
0.09683621253264559,6.070821859488148,AC,9.600000000000001
0.09824858600698959,6.134059587191149,AC,9.7
0.09968155920099281,6.197297314894151,AC,9.8
0.10113543256524972,6.260535042597152,AC,9.9
0.10261051093248048,6.323772770300153,AC,10
0.10410710358144502,6.387010498003156,AC,10.100000000000001
0.10562552430178912,6.450248225706156,AC,10.2
0.10716609145983691,6.513485953409158,AC,10.3
0.10872912806534203,6.57672368111216,AC,10.4
0.11031496183921327,6.639961408815161,AC,10.5
0.11192392528222747,6.703199136518164,AC,10.600000000000001
0.11355635574474461,6.766436864221164,AC,10.7
0.11521259549744026,6.829674591924166,AC,10.8
0.11689299180306872,6.892912319627167,AC,10.9
0.11859789698927382,6.956150047330169,AC,11
0.12032766852246102,7.01938777503317,AC,11.1
0.12208266908274717,7.082625502736173,AC,11.200000000000001
0.12386326664000358,7.145863230439174,AC,11.3
0.12566983453100786,7.209100958142175,AC,11.4
0.12750275153772123,7.272338685845177,AC,11.5
0.12936240196670762,7.335576413548178,AC,11.6
0.13124917572971095,7.39881414125118,AC,11.700000000000001
0.13316346842540744,7.462051868954181,AC,11.8
0.135105681422351,7.525289596657183,AC,11.9
0.1370762219431275,7.588527324360184,AC,12
0.13907550314973705,7.651765052063185,AC,12.1
0.14110394423022146,7.715002779766188,AC,12.200000000000001
0.14316197048655505,7.778240507469189,AC,12.3
0.1452500134238174,7.841478235172191,AC,12.4
0.14736851084066704,7.9047159628751915,AC,12.5
0.14951790692113406,7.967953690578194,AC,12.600000000000001
0.15169865232775204,8.031191418281196,AC,12.700000000000001
0.1539112042960482,8.094429145984197,AC,12.8
0.15615602673041173,8.157666873687198,AC,12.9
0.15843359030136034,8.220904601390199,AC,13
0.16074437254422527,8.284142329093202,AC,13.100000000000001
0.16308885795927597,8.347380056796203,AC,13.200000000000001
0.165467538113305,8.410617784499204,AC,13.3
0.16788091174269446,8.473855512202206,AC,13.4
0.1703294848579857,8.537093239905207,AC,13.5
0.17281377084997454,8.60033096760821,AC,13.600000000000001
0.17533429059735298,8.663568695311211,AC,13.700000000000001
0.17789157257592214,8.726806423014212,AC,13.8
0.18048615296939705,8.790044150717213,AC,13.9
0.1831185757818283,8.853281878420216,AC,14
0.1857893929516626,8.916519606123217,AC,14.100000000000001
0.1884991644674676,8.97975733382622,AC,14.200000000000001
0.19124845848534455,9.04299506152922,AC,14.3
0.1940378514480528,9.106232789232221,AC,14.4
0.1968679282058725,9.169470516935222,AC,14.5
0.19973928213922984,9.232708244638225,AC,14.600000000000001
0.20265251528311043,9.295945972341226,AC,14.700000000000001
0.2056082384532878,9.359183700044227,AC,14.8
0.20860707137439277,9.42242142774723,AC,14.9
0.211649642809851,9.48565915545023,AC,15
0.21473659069371465,9.548896883153233,AC,15.100000000000001
0.21786856226441834,9.612134610856234,AC,15.200000000000001
0.22104621420048515,9.675372338559235,AC,15.3
0.22427021275821143,9.738610066262236,AC,15.4
0.22754123391136113,9.801847793965237,AC,15.5
0.23085996349289634,9.86508552166824,AC,15.600000000000001
0.23422709733877528,9.92832324937124,AC,15.700000000000001
0.2376433414338482,9.991560977074244,AC,15.8
0.24110941205988073,10.054798704777244,AC,15.9
0.24462603594573598,10.118036432480245,AC,16
0.24819395041974757,10.181274160183248,AC,16.1
0.2518139035643146,10.244511887886251,AC,16.200000000000003
0.25548665437275164,10.30774961558925,AC,16.3
0.25921297290842665,10.370987343292251,AC,16.4
0.26299364046621965,10.434225070995254,AC,16.5
0.2668294497363359,10.497462798698255,AC,16.6
0.2707212049705089,10.560700526401257,AC,16.700000000000003
0.2746697221506276,10.623938254104258,AC,16.8
0.2786758291598232,10.687175981807258,AC,16.9
0.28274036595604984,10.75041370951026,AC,17
0.2868641847481988,10.813651437213263,AC,17.1
0.29104815017478025,10.876889164916266,AC,17.200000000000003
0.2952931394852117,10.940126892619265,AC,17.3
0.2996000427237504,11.003364620322266,AC,17.4
0.3039697629161083,11.066602348025269,AC,17.5
0.3084032162587886,11.129840075728271,AC,17.6
0.31290133231118433,11.193077803431274,AC,17.700000000000003
0.31746505419047827,11.256315531134273,AC,17.8
0.3220953387693867,11.319553258837274,AC,17.9
0.326793156876785,11.382790986540275,AC,18
0.3315594935012613,11.446028714243278,AC,18.1
0.33639534799763826,11.50926644194628,AC,18.200000000000003
0.3413017342965075,11.572504169649282,AC,18.3
0.34627968111681984,11.63574189735228,AC,18.4
0.35133023218157566,11.698979625055284,AC,18.5
0.3564544464366619,11.762217352758286,AC,18.6
0.3616533982728807,11.825455080461289,AC,18.700000000000003
0.3669281777512157,11.888692808164288,AC,18.8
0.37227989083138546,11.95193053586729,AC,18.9
0.3777096596037288,12.015168263570292,AC,19
0.38321862252447225,12.078405991273295,AC,19.1
0.3888079346544298,12.141643718976294,AC,19.2
0.3944787679011843,12.204881446679297,AC,19.3
0.4002323112647998,12.2681191743823,AC,19.400000000000002
0.40606977108711834,12.331356902085298,AC,19.5
0.4119923713046938,12.394594629788301,AC,19.6
0.4180013537054122,12.457832357491302,AC,19.7
0.4240979781888582,12.521070085194305,AC,19.8
0.43028352303047546,12.584307812897306,AC,19.900000000000002
0.43655928514958187,12.647545540600307,AC,20
0.442926580381295,12.71078326830331,AC,20.1
0.44938674375241894,12.774020996006309,AC,20.2
0.4559411297613592,12.837258723709311,AC,20.3
0.4625911126621171,12.900496451412314,AC,20.400000000000002
0.46933808675242694,12.963734179115315,AC,20.5
0.4761834666660947,13.026971906818316,AC,20.6
0.48312868766959777,13.090209634521317,AC,20.7
0.4901752059630119,13.15344736222432,AC,20.8
0.4973244989853215,13.216685089927322,AC,20.900000000000002
0.5045780657241813,13.279922817630322,AC,21
0.5119374270301921,13.343160545333324,AC,21.1
0.5194041259357494,13.406398273036325,AC,21.2
0.5269797279785396,13.469636000739326,AC,21.3
0.5346658215297327,13.532873728442329,AC,21.400000000000002
0.5424640181269494,13.59611145614533,AC,21.5
0.5503759528120555,13.659349183848333,AC,21.6
0.5584032844738431,13.722586911551332,AC,21.7
0.5665476961956615,13.785824639254335,AC,21.8
0.5748108956080386,13.849062366957337,AC,21.900000000000002
0.5831946152463429,13.912300094660338,AC,22
0.5917006129135152,13.97553782236334,AC,22.1
0.6003306720478784,14.038775550066342,AC,22.200000000000003
0.6090866020960216,14.102013277769343,AC,22.3
0.61797023889071,14.165251005472346,AC,22.400000000000002
0.626983445033723,14.228488733175345,AC,22.5
0.636128110283462,14.291726460878348,AC,22.6
0.6454061519470555,14.35496418858135,AC,22.700000000000003
0.6548195152765682,14.41820191628435,AC,22.8
0.6643701738687062,14.481439643987352,AC,22.900000000000002
0.6740601300671414,14.544677371690353,AC,23
0.6838914153661909,14.607915099393356,AC,23.1
0.6938660908140233,14.671152827096357,AC,23.200000000000003
0.7039862474128011,14.734390554799358,AC,23.3
0.7142540065120679,14.79762828250236,AC,23.400000000000002
0.724671520190146,14.86086601020536,AC,23.5
0.7352409716161596,14.924103737908363,AC,23.6
0.7459645753822232,14.987341465611365,AC,23.700000000000003
0.7568445777910706,15.050579193314366,AC,23.8
0.7678832570783362,15.113816921017367,AC,23.900000000000002
0.7790829235401966,15.177054648720368,AC,24
0.7904459195251273,15.24029237642337,AC,24.1
0.8019746192316493,15.303530104126374,AC,24.200000000000003
0.8136714282302576,15.366767831829373,AC,24.3
0.8255387825943205,15.430005559532376,AC,24.400000000000002
0.8375791474777674,15.493243287235376,AC,24.5
0.8497950149112763,15.556481014938377,AC,24.6
0.8621889004955825,15.61971874264138,AC,24.700000000000003
0.8747633385395862,15.682956470344381,AC,24.8
0.8875208750065728,15.746194198047384,AC,24.900000000000002
0.9004640573724085,15.809431925750383,AC,25
0.9135954201344341,15.872669653453386,AC,25.1
0.9269174641958094,15.935907381156388,AC,25.200000000000003
0.9404326276267452,15.999145108859388,AC,25.3
0.9541432442859942,16.062382836562392,AC,25.400000000000002
0.9680514853531187,16.12562056426539,AC,25.5
0.9821592768054291,16.188858291968394,AC,25.6
0.9964681830351666,16.252096019671395,AC,25.700000000000003
1.010979242807808,16.315333747374396,AC,25.8
1.0256927381400447,16.378571475077397,AC,25.900000000000002
1.0406078687629352,16.441809202780398,AC,26
1.0557222936986492,16.505046930483402,AC,26.1
1.0710314858044319,16.568284658186403,AC,26.200000000000003
1.0865278230762083,16.631522385889404,AC,26.3
1.102199309454482,16.694760113592405,AC,26.400000000000002
1.118027774174627,16.757997841295406,AC,26.5
1.1339863371979602,16.821235568998407,AC,26.6
1.1500358416945944,16.88447329670141,AC,26.700000000000003
1.1661198327138873,16.947711024404413,AC,26.8
1.1821574897030411,17.010948752107414,AC,26.900000000000002
1.1980336791939765,17.074186479810415,AC,27
1.2135849543074564,17.137424207513416,AC,27.1
1.228579849657967,17.20066193521642,AC,27.200000000000003
1.2426911473964657,17.263899662919417,AC,27.3
1.255456843139833,17.327137390622422,AC,27.400000000000002
1.2662252077105716,17.390375118325423,AC,27.5
1.2740774647441633,17.453612846028424,AC,27.6
1.277718964060036,17.51685057373143,AC,27.700000000000003
1.2753260148340961,17.580088301434426,AC,27.8
1.2643303127787557,17.64332602913743,AC,27.900000000000002
1.2411155348829328,17.70656375684043,AC,28
1.2005903156164701,17.769801484543432,AC,28.1
1.1355872379627625,17.833039212246433,AC,28.200000000000003
1.0360169514666369,17.896276939949434,AC,28.3
0.8876776472433848,17.95951466765244,AC,28.400000000000002
0.6705794699915621,18.022752395355436,AC,28.5
0.3565862349175186,18.08599012305844,AC,28.6
-0.09390370493231637,18.14922785076144,AC,28.700000000000003
-0.736628925571357,18.212465578464442,AC,28.8
-1.6500397227482932,18.275703306167443,AC,28.900000000000002
-2.9445517088699065,18.338941033870444,AC,29
-4.775569658056849,18.40217876157345,AC,29.1
-7.361817733841658,18.46541648927645,AC,29.200000000000003
-11.011138110391109,18.52865421697945,AC,29.3
-16.15680087902052,18.59189194468245,AC,29.400000000000002
-23.40860791516447,18.655129672385453,AC,29.5
-33.62481829665,18.718367400088454,AC,29.6
-48.01337872112036,18.781605127791458,AC,29.700000000000003
-68.27439883180799,18.84484285549446,AC,29.8
-96.80067610870518,18.90808058319746,AC,29.900000000000002
-136.9599218030307,18.97131831090046,AC,30
-193.49197585446805,19.034556038603462,AC,30.1
-273.0678614327882,19.097793766306467,AC,30.200000000000003
-385.07661837958136,19.161031494009464,AC,30.3
-542.732720855074,19.22426922171247,AC,30.400000000000002
-764.6346967095035,19.28750694941547,AC,30.5
-1076.9587843673983,19.35074467711847,AC,30.6
-1516.5463643157182,19.41398240482147,AC,30.700000000000003
-2135.249321071354,19.477220132524472,AC,30.8
-3006.045861685521,19.540457860227477,AC,30.900000000000002
-4231.648138367353,19.603695587930474,AC,31
-5956.616925722598,19.66693331563348,AC,31.1
-8384.412252618002,19.73017104333648,AC,31.200000000000003
-11801.391073871391,19.79340877103948,AC,31.3
-16610.582455305794,19.85664649874248,AC,31.400000000000002
-23379.223982285435,19.919884226445483,AC,31.5
-32905.666208446106,19.983121954148487,AC,31.6
-46313.53637981963,20.046359681851488,AC,31.700000000000003
-65184.26784221727,20.10959740955449,AC,31.8
-91743.62668921056,20.17283513725749,AC,31.900000000000002
-129124.23606589691,20.23607286496049,AC,32
-181735.06230305939,20.299310592663492,AC,32.1
-255781.44297307162,20.362548320366496,AC,32.2
-359996.993053465,20.425786048069494,AC,32.3
-506673.71594927413,20.489023775772502,AC,32.400000000000006
-713111.8187438513,20.5522615034755,AC,32.5
-1003660.2342557475,20.6154992311785,AC,32.6
-1412588.5250700759,20.678736958881505,AC,32.7
-1988128.904421705,20.741974686584502,AC,32.8
-2798165.1215624493,20.805212414287507,AC,32.900000000000006
-3938239.2033520867,20.868450141990508,AC,33
-5542820.429950591,20.93168786969351,AC,33.1
-7801165.695950257,20.99492559739651,AC,33.2
-10979641.952285595,21.05816332509951,AC,33.3
-15453143.612726524,21.121401052802515,AC,33.400000000000006
-21749310.540182225,21.184638780505512,AC,33.5
-30610762.028796606,21.247876508208517,AC,33.6
-43082687.14558005,21.311114235911518,AC,33.7
-60636122.52318205,21.374351963614515,AC,33.8
-85341457.95317493,21.437589691317523,AC,33.900000000000006
-120112634.3897648,21.50082741902052,AC,34
-169050836.9910516,21.564065146723525,AC,34.1
-237928221.0495419,21.627302874426526,AC,34.2
-334868725.2406547,21.690540602129524,AC,34.3
-471306272.64122385,21.75377832983253,AC,34.400000000000006
-663333377.2582328,21.81701605753553,AC,34.5
-933599221.2951308,21.88025378523853,AC,34.6
-1313981077.2686946,21.943491512941534,AC,34.7
-1849344163.4453151,22.006729240644532,AC,34.8
-2602833399.423573,22.06996696834754,AC,34.900000000000006
-3663321213.002867,22.133204696050537,AC,35
-5155889851.072433,22.19644242375354,AC,35.1
-7256584560.444695,22.259680151456543,AC,35.2
-10213177744.44652,22.322917879159544,AC,35.300000000000004
-14374393182.685858,22.38615560686254,AC,35.4
-20231037247.58874,22.449393334565546,AC,35.5
-28473888455.84927,22.512631062268547,AC,35.6
-40075173302.344124,22.57586878997155,AC,35.7
-56403238275.122604,22.639106517674552,AC,35.800000000000004
-79383943367.94801,22.70234424537755,AC,35.9
-111727813106.56978,22.76558197308055,AC,36
-157249737061.60437,22.828819700783555,AC,36.1
-221318927832.96317,22.892057428486556,AC,36.2
-311492208078.1181,22.95529515618956,AC,36.300000000000004
-438405321421.2794,23.018532883892558,AC,36.4
-617027395439.9534,23.08177061159556,AC,36.5
-868426517928.2338,23.145008339298563,AC,36.6
-1222254672343.63,23.208246067001564,AC,36.7
-1720245125205.4734,23.27148379470457,AC,36.800000000000004
-2421134774733.8945,23.334721522407566,AC,36.9
-3407592041119.435,23.397959250110567,AC,37
-4795967428114.239,23.46119697781357,AC,37.1
-6750016813624.737,23.524434705516573,AC,37.2
-9500216101786.283,23.587672433219574,AC,37.300000000000004
-13370945358010.729,23.650910160922574,AC,37.4
-18818748737020.074,23.714147888625575,AC,37.5
-26486182879724.727,23.777385616328576,AC,37.6
-37277605081053.414,23.84062334403158,AC,37.7
-52465840279412.84,23.903861071734582,AC,37.800000000000004
-73842308008778.39,23.96709879943758,AC,37.9
-103928316463143.53,24.030336527140584,AC,38
0.03525261330745053,0.3206269831680553,CH,3
0.03581010524331903,0.33131454927365717,CH,3.1
0.0363764134690849,0.342002115379259,CH,3.2
0.036951677407334474,0.3526896814848608,CH,3.3
0.03753603868551097,0.3633772475904627,CH,3.4
0.03812964117078254,0.37406481369606454,CH,3.5
0.03873263100546178,0.3847523798016664,CH,3.6
0.039345156642985275,0.3954399459072682,CH,3.7
0.03996736888446217,0.40612751201287006,CH,3.8
0.0405994209158008,0.4168150781184719,CH,3.9
0.04124146834542232,0.42750264422407375,CH,4
0.04189366924257083,0.43819021032967553,CH,4.1
0.042556184176229375,0.44887777643527743,CH,4.2
0.04322917625465121,0.4595653425408793,CH,4.3
0.04391281116551647,0.47025290864648117,CH,4.4
0.044607257216723616,0.48094047475208296,CH,4.5
0.0453126853778262,0.49162804085768474,CH,4.6
0.04602926932212477,0.5023156069632867,CH,4.7
0.046757185469424416,0.5130031730688884,CH,4.8
0.047496613029468684,0.5236907391744904,CH,4.9
0.048247734046060066,0.5343783052800922,CH,5
0.049010733441878535,0.545065871385694,CH,5.1
0.049785799064008554,0.5557534374912959,CH,5.2
0.050573121730186285,0.5664410035968978,CH,5.300000000000001
0.05137289527577804,0.5771285697024996,CH,5.4
0.05218531660150172,0.5878161358081014,CH,5.5
0.05301058572190287,0.5985037019137032,CH,5.6
0.05384890581459743,0.6091912680193051,CH,5.7
0.05470048327029305,0.619878834124907,CH,5.800000000000001
0.05556552774360173,0.6305664002305088,CH,5.9
0.056444252204655765,0.6412539663361106,CH,6
0.05733687299154002,0.6519415324417124,CH,6.1
0.05824360986355355,0.6626290985473143,CH,6.2
0.05916468605531321,0.6733166646529162,CH,6.300000000000001
0.06010032833171312,0.684004230758518,CH,6.4
0.061050767043753174,0.6946917968641199,CH,6.5
0.062016236185250415,0.7053793629697216,CH,6.6
0.06299697345044733,0.7160669290753235,CH,6.7
0.06399322029253107,0.7267544951809255,CH,6.800000000000001
0.06500522198307815,0.7374420612865272,CH,6.9
0.0660332276724393,0.7481296273921291,CH,7
0.06707749045107914,0.7588171934977309,CH,7.1000000000000005
0.068138267411885875,0.7695047596033328,CH,7.2
0.06921581971346658,0.7801923257089346,CH,7.3
0.07031041264444315,0.7908798918145364,CH,7.4
0.07142231568876524,0.8015674579201383,CH,7.5
0.07255180259205607,0.8122550240257401,CH,7.6000000000000005
0.07369915142900729,0.822942590131342,CH,7.7
0.07486464467183988,0.8336301562369439,CH,7.800000000000001
0.07604856925984738,0.8443177223425457,CH,7.9
0.07725121667003927,0.8550052884481475,CH,8
0.07847288298890126,0.8656928545537494,CH,8.100000000000001
0.0797138689852903,0.8763804206593511,CH,8.2
0.0809744801844829,0.8870679867649531,CH,8.3
0.08225502694339375,0.8977555528705549,CH,8.4
0.08355582452698442,0.9084431189761567,CH,8.5
0.0848771931858802,0.9191306850817587,CH,8.600000000000001
0.08621945823521429,0.9298182511873603,CH,8.7
0.08758295013471908,0.9405058172929623,CH,8.8
0.08896800457008372,0.9511933833985641,CH,8.9
0.0903749625355986,0.9618809495041659,CH,9
0.0918041704181066,0.972568515609768,CH,9.100000000000001
0.09325598008228188,0.9832560817153695,CH,9.2
0.0947307489572577,0.9939436478209716,CH,9.3
0.09622884012462352,1.0046312139265734,CH,9.4
0.09775062240781439,1.0153187800321752,CH,9.5
0.09929647046291352,1.026006346137777,CH,9.600000000000001
0.10086676487089091,1.0366939122433787,CH,9.7
0.10246189223130085,1.0473814783489808,CH,9.8
0.1040822452574609,1.0580690444545826,CH,9.9
0.10572822287313623,1.0687566105601845,CH,10
0.10740023031075291,1.0794441766657863,CH,10.100000000000001
0.10909867921116417,1.090131742771388,CH,10.2
0.110823987724995,1.10081930887699,CH,10.3
0.11257658061558833,1.1115068749825918,CH,10.4
0.11435688936358054,1.1221944410881937,CH,10.5
0.11616535227312969,1.1328820071937955,CH,10.600000000000001
0.11800241457982413,1.1435695732993971,CH,10.7
0.11986852856029778,1.1542571394049992,CH,10.8
0.12176415364357823,1.164944705510601,CH,10.9
0.12368975652419648,1.1756322716162029,CH,11
0.1256458112770849,1.1863198377218047,CH,11.1
0.12763279947429262,1.1970074038274066,CH,11.200000000000001
0.12965121030354598,1.2076949699330084,CH,11.3
0.13170154068868492,1.2183825360386102,CH,11.4
0.133784295412003,1.229070102144212,CH,11.5
0.1358999872385229,1.239757668249814,CH,11.6
0.13804913704223679,1.2504452343554158,CH,11.700000000000001
0.14023227393434307,1.2611328004610176,CH,11.8
0.14244993539351145,1.2718203665666195,CH,11.9
0.14470266739820764,1.2825079326722213,CH,12
0.14699102456111082,1.2931954987778231,CH,12.1
0.14931557026565723,1.303883064883425,CH,12.200000000000001
0.15167687680474196,1.3145706309890268,CH,12.3
0.1540755255216157,1.3252581970946287,CH,12.4
0.1565121069530084,1.3359457632002305,CH,12.5
0.158987220974517,1.3466333293058323,CH,12.600000000000001
0.16150147694829195,1.3573208954114342,CH,12.700000000000001
0.1640554938730597,1.368008461517036,CH,12.8
0.16664990053651763,1.3786960276226379,CH,12.9
0.16928533567013812,1.3893835937282397,CH,13
0.17196244810642222,1.4000711598338418,CH,13.100000000000001
0.17468189693863886,1.4107587259394434,CH,13.200000000000001
0.17744435168309086,1.4214462920450452,CH,13.3
0.18025049244394678,1.432133858150647,CH,13.4
0.18310101008067983,1.442821424256249,CH,13.5
0.18599660637815413,1.453508990361851,CH,13.600000000000001
0.18893799421940105,1.4641965564674526,CH,13.700000000000001
0.19192589776112812,1.4748841225730545,CH,13.8
0.19496105261200308,1.4855716886786563,CH,13.9
0.19804420601375744,1.4962592547842581,CH,14
0.20117611702515417,1.5069468208898602,CH,14.100000000000001
0.20435755670886444,1.5176343869954618,CH,14.200000000000001
0.20758930832130007,1.5283219531010637,CH,14.3
0.21087216750544777,1.5390095192066655,CH,14.4
0.21420694248675273,1.5496970853122674,CH,14.5
0.21759445427210058,1.5603846514178694,CH,14.600000000000001
0.2210355368519449,1.571072217523471,CH,14.700000000000001
0.2245310374056328,1.5817597836290729,CH,14.8
0.2280818165099762,1.5924473497346747,CH,14.9
0.23168874835112235,1.6031349158402766,CH,15
0.23535272093977436,1.6138224819458786,CH,15.100000000000001
0.23907463632981535,1.6245100480514802,CH,15.200000000000001
0.24285541084039056,1.635197614157082,CH,15.3
0.24669597528150072,1.645885180262684,CH,15.4
0.2505972751831634,1.6565727463682858,CH,15.5
0.25456027102819834,1.6672603124738878,CH,15.600000000000001
0.2585859384886935,1.6779478785794895,CH,15.700000000000001
0.2626752686662119,1.6886354446850913,CH,15.8
0.26682926833579584,1.6993230107906931,CH,15.9
0.2710489601938305,1.710010576896295,CH,16
0.27533538310982686,1.720698143001897,CH,16.1
0.27968959238218655,1.731385709107499,CH,16.200000000000003
0.28411265999801155,1.7420732752131005,CH,16.3
0.288605674897022,1.7527608413187021,CH,16.4
0.29316974323964856,1.7634484074243042,CH,16.5
0.2978059886793619,1.7741359735299063,CH,16.6
0.30251555263931224,1.784823539635508,CH,16.700000000000003
0.30729959459334044,1.7955111057411097,CH,16.8
0.31215929235143436,1.8061986718467113,CH,16.9
0.3170958423496995,1.8168862379523134,CH,17
0.3221104599449125,1.8275738040579155,CH,17.1
0.32720437971373556,1.8382613701635173,CH,17.200000000000003
0.33237885575665915,1.848948936269119,CH,17.3
0.33763516200675264,1.8596365023747206,CH,17.4
0.3429745925432956,1.8703240684803226,CH,17.5
0.34839846191036644,1.8810116345859247,CH,17.6
0.3539081054404702,1.8916992006915265,CH,17.700000000000003
0.3595048795832795,1.9023867667971281,CH,17.8
0.3651901622395737,1.9130743329027298,CH,17.9
0.3709653531004546,1.9237618990083318,CH,18
0.37683187399192175,1.934449465113934,CH,18.1
0.38279116922489315,1.945137031219536,CH,18.200000000000003
0.388844705950753,1.9558245973251374,CH,18.3
0.394993974522515,1.966512163430739,CH,18.4
0.4012404888616852,1.977199729536341,CH,18.5
0.40758578683091296,1.987887295641943,CH,18.6
0.41403143061251957,1.9985748617475452,CH,18.700000000000003
0.42057900709298873,2.009262427853147,CH,18.8
0.42723012825351386,2.019949993958748,CH,18.9
0.4339864315666831,2.0306375600643505,CH,19
0.440849580399398,2.0413251261699523,CH,19.1
0.4478212644221063,2.0520126922755537,CH,19.2
0.4549032000244405,2.062700258381156,CH,19.3
0.46209713073734077,2.073387824486758,CH,19.400000000000002
0.4694048276617433,2.0840753905923597,CH,19.5
0.476828089903913,2.0947629566979615,CH,19.6
0.4843687450174816,2.105450522803563,CH,19.7
0.49202864945226216,2.116138088909165,CH,19.8
0.49980968900987865,2.126825655014767,CH,19.900000000000002
0.5077137793062547,2.137513221120369,CH,20
0.515742866240977,2.1482007872259707,CH,20.1
0.5238989264735191,2.158888353331572,CH,20.2
0.5321839679063031,2.1695759194371744,CH,20.3
0.5406000301745097,2.1802634855427763,CH,20.400000000000002
0.5491491851425229,2.190951051648378,CH,20.5
0.5578335374068188,2.20163861775398,CH,20.6
0.5666552248050287,2.2123261838595814,CH,20.7
0.5756164189308233,2.2230137499651836,CH,20.8
0.5847193256541083,2.2337013160707855,CH,20.900000000000002
0.5939661856458945,2.2443888821763873,CH,21
0.6033592749069777,2.255076448281989,CH,21.1
0.6129009052993143,2.2657640143875906,CH,21.2
0.6225934250786677,2.276451580493193,CH,21.3
0.6324392194266639,2.2871391465987947,CH,21.400000000000002
0.6424407109799114,2.2978267127043965,CH,21.5
0.6526003603531616,2.3085142788099984,CH,21.6
0.6629206666526741,2.3192018449156,CH,21.7
0.6734041679749218,2.329889411021202,CH,21.8
0.6840534418844374,2.340576977126804,CH,21.900000000000002
0.6948711058629818,2.3512645432324057,CH,22
0.7058598177200992,2.3619521093380076,CH,22.1
0.7170222759525143,2.3726396754436094,CH,22.200000000000003
0.7283612200365056,2.3833272415492113,CH,22.3
0.7398794306331941,2.394014807654813,CH,22.400000000000002
0.7515797296814221,2.404702373760415,CH,22.5
0.7634649803462293,2.415389939866017,CH,22.6
0.775538086782539,2.4260775059716186,CH,22.700000000000003
0.7878019936630738,2.4367650720772205,CH,22.8
0.8002596854061659,2.4474526381828223,CH,22.900000000000002
0.812914185022264,2.458140204288424,CH,23
0.8257685524767038,2.468827770394026,CH,23.1
0.8388258824394904,2.479515336499628,CH,23.200000000000003
0.852089301259039,2.4902029026052297,CH,23.3
0.8655619629541894,2.5008904687108315,CH,23.400000000000002
0.8792470439650093,2.5115780348164334,CH,23.5
0.8931477363351114,2.5222656009220352,CH,23.6
0.9072672389126262,2.532953167027637,CH,23.700000000000003
0.9216087460491126,2.543640733133239,CH,23.8
0.9361754331396044,2.5543282992388407,CH,23.900000000000002
0.9509704381753568,2.5650158653444426,CH,24
0.965996838264441,2.5757034314500444,CH,24.1
0.981257619802307,2.5863909975556463,CH,24.200000000000003
0.9967556406301535,2.597078563661248,CH,24.3
1.0124935820847079,2.60776612976685,CH,24.400000000000002
1.0284738882953146,2.618453695872452,CH,24.5
1.0446986893935453,2.6291412619780536,CH,24.6
1.061169704429319,2.6398288280836555,CH,24.700000000000003
1.0778881186888352,2.6505163941892573,CH,24.8
1.0948544287238517,2.661203960294859,CH,24.900000000000002
1.1120682466541125,2.671891526400461,CH,25
1.129528053100498,2.682579092506063,CH,25.1
1.1472308853263753,2.6932666586116647,CH,25.200000000000003
1.16517194365841,2.7039542247172665,CH,25.3
1.1833440948359337,2.7146417908228684,CH,25.400000000000002
1.2017372453606556,2.7253293569284702,CH,25.5
1.2203375508843681,2.736016923034072,CH,25.6
1.2391264188006281,2.746704489139674,CH,25.700000000000003
1.2580792500173454,2.7573920552452758,CH,25.8
1.2771638517754071,2.7680796213508776,CH,25.900000000000002
1.2963384355803425,2.7787671874564794,CH,26
1.315549091866772,2.7894547535620813,CH,26.1
1.3347266047045487,2.8001423196676836,CH,26.200000000000003
1.353782434149253,2.810829885773285,CH,26.3
1.3726036488065316,2.821517451878887,CH,26.400000000000002
1.3910465343829737,2.8322050179844886,CH,26.5
1.4089285323632685,2.8428925840900905,CH,26.6
1.4260180726085445,2.8535801501956928,CH,26.700000000000003
1.4420217497263403,2.864267716301294,CH,26.8
1.4565681493539853,2.874955282406896,CH,26.900000000000002
1.4691874492491668,2.885642848512498,CH,27
1.4792856914884618,2.8963304146180997,CH,27.1
1.4861123337690159,2.907017980723702,CH,27.200000000000003
1.4887193241926167,2.9177055468293034,CH,27.3
1.4859094853125803,2.9283931129349052,CH,27.400000000000002
1.476171414831084,2.939080679040507,CH,27.5
1.4575973808555187,2.949768245146109,CH,27.6
1.4277797695907268,2.960455811251711,CH,27.700000000000003
1.383680482983984,2.9711433773573126,CH,27.8
1.3214662203733494,2.9818309434629144,CH,27.900000000000002
1.236300732440939,2.9925185095685163,CH,28
1.1220828078816418,3.003206075674118,CH,28.1
0.9711158172214556,3.0138936417797204,CH,28.200000000000003
0.7736909353146091,3.024581207885322,CH,28.3
0.5175614938809168,3.0352687739909237,CH,28.400000000000002
0.1872800253475193,3.0459563400965255,CH,28.5
-0.23663786943394638,3.0566439062021273,CH,28.6
-0.778768066220398,3.0673314723077296,CH,28.700000000000003
-1.4701079283813927,3.078019038413331,CH,28.8
-2.3497537403890463,3.088706604518933,CH,28.900000000000002
-3.4670163166037713,3.0993941706245347,CH,29
-4.884089244380365,3.1100817367301365,CH,29.1
-6.679414119207829,3.120769302835739,CH,29.200000000000003
-8.951924838347164,3.1314568689413402,CH,29.3
-11.82640057836067,3.142144435046942,CH,29.400000000000002
-15.46021706407566,3.152832001152544,CH,29.5
-20.051861387063653,3.1635195672581458,CH,29.6
-25.85167104348145,3.174207133363748,CH,29.700000000000003
-33.175378196108596,3.1848946994693494,CH,29.8
-42.42119193399775,3.1955822655749513,CH,29.900000000000002
-54.09134271631959,3.206269831680553,CH,30
-68.81925460062935,3.216957397786155,CH,30.1
-87.40381533083902,3.2276449638917573,CH,30.200000000000003
-110.85259836945035,3.2383325299973587,CH,30.3
-140.43637527778114,3.2490200961029605,CH,30.400000000000002
-177.75786767965542,3.2597076622085623,CH,30.5
-224.83845843574343,3.270395228314164,CH,30.6
-284.22755328706745,3.2810827944197665,CH,30.700000000000003
-359.1405096646301,3.291770360525368,CH,30.8
-453.6325949064126,3.3024579266309697,CH,30.900000000000002
-572.8183853902254,3.3131454927365716,CH,31
-723.1484765410229,3.3238330588421734,CH,31.1
-912.7584743108099,3.3345206249477757,CH,31.200000000000003
-1151.9091493105739,3.345208191053377,CH,31.3
-1453.5415668661726,3.355895757158979,CH,31.400000000000002
-1833.9772267115438,3.3665833232645808,CH,31.5
-2313.801091361602,3.3772708893701826,CH,31.6
-2918.9752768720796,3.387958455475785,CH,31.700000000000003
-3682.243659018664,3.3986460215813863,CH,31.8
-4644.903387068056,3.4093335876869886,CH,31.900000000000002
-5859.039147792737,3.42002115379259,CH,32
-7390.341058151087,3.430708719898192,CH,32.1
-9321.65864060131,3.441396286003794,CH,32.2
-11757.48315865145,3.452083852109395,CH,32.3
-14829.600816503993,3.462771418214998,CH,32.400000000000006
-18704.22267288039,3.473458984320599,CH,32.5
-23590.97701249022,3.484146550426201,CH,32.6
-29754.25068150065,3.4948341165318033,CH,32.7
-37527.49297731274,3.5055216826374043,CH,32.8
-47331.255963412696,3.516209248743007,CH,32.900000000000006
-59695.94722857618,3.5268968148486084,CH,33
-75290.52606297036,3.5375843809542102,CH,33.1
-94958.69557510159,3.5482719470598125,CH,33.2
-119764.54881990541,3.5589595131654135,CH,33.3
-151050.13849031235,3.569647079271016,CH,33.400000000000006
-190508.08481460874,3.5803346453766176,CH,33.5
-240273.14990095922,3.5910222114822195,CH,33.6
-303037.7328951197,3.6017097775878217,CH,33.7
-382197.53448444925,3.6123973436934227,CH,33.8
-482035.2715067176,3.6230849097990254,CH,33.900000000000006
-607952.3810135266,3.633772475904627,CH,34
-766761.2494697489,3.6444600420102287,CH,34.1
-967053.7773080468,3.655147608115831,CH,34.2
-1219666.2189626705,3.665835174221432,CH,34.3
-1538265.4472140553,3.6765227403270346,CH,34.400000000000006
-1940088.3599880978,3.687210306432636,CH,34.5
-2446874.433086663,3.697897872538238,CH,34.6
-3086041.871928553,3.70858543864384,CH,34.7
-3892170.994604995,3.719273004749441,CH,34.8
-4908875.100418438,3.729960570855044,CH,34.900000000000006
-6191160.041858726,3.7406481369606452,CH,35
-7808400.157866573,3.751335703066247,CH,35.1
-9848091.572681263,3.7620232691718494,CH,35.2
-12420585.921702,3.772710835277451,CH,35.300000000000004
-15665060.608968258,3.7833984013830526,CH,35.4
-19757048.599850792,3.7940859674886545,CH,35.5
-24917935.126701787,3.8047735335942563,CH,35.6
-31426935.099382084,3.8154610996998586,CH,35.7
-39636199.22397037,3.8261486658054604,CH,35.800000000000004
-49989866.102710284,3.836836231911062,CH,35.9
-63048091.07420673,3.8475237980166637,CH,36
-79517351.80507056,3.8582113641222655,CH,36.1
-100288670.22979583,3.868898930227868,CH,36.2
-126485818.7268593,3.8795864963334696,CH,36.300000000000004
-159526118.58739057,3.890274062439071,CH,36.4
-201197120.10251898,3.900961628544673,CH,36.5
-253753312.82466236,3.9116491946502747,CH,36.6
-320038098.2330518,3.922336760755877,CH,36.7
-403637623.7832859,3.933024326861479,CH,36.800000000000004
-509074801.0892214,3.9437118929670802,CH,36.9
-642054005.0323006,3.954399459072682,CH,37
-809769692.538922,3.9650870251782844,CH,37.1
-1021295637.9562767,3.975774591283886,CH,37.2
-1288075843.4857757,3.986462157389488,CH,37.300000000000004
-1624543683.9695246,3.9971497234950895,CH,37.4
-2048902783.0758333,4.007837289600691,CH,37.5
-2584111867.94096,4.018524855706294,CH,37.6
-3259126884.9920225,4.029212421811895,CH,37.7
-4110467578.0507727,4.039899987917497,CH,37.800000000000004
-5184193283.915641,4.050587554023099,CH,37.9
-6538394840.153213,4.061275120128701,CH,38
0.07831876515752963,0.20621137160642472,CS,3
0.07908261603735965,0.21308508399330556,CS,3.1
0.0798539168180092,0.2199587963801864,CS,3.2
0.08063274015785281,0.2268325087670672,CS,3.3
0.08141915942380992,0.233706221153948,CS,3.4
0.0822132486982475,0.24057993354082885,CS,3.5
0.08301508278594964,0.2474536459277097,CS,3.6
0.08382473722115431,0.2543273583145905,CS,3.7
0.08464228827465806,0.2612010707014713,CS,3.8
0.08546781296098935,0.26807478308835214,CS,3.9
0.08630138904565089,0.274948495475233,CS,4
0.08714309505243198,0.28182220786211376,CS,4.1
0.08799301027079084,0.28869592024899465,CS,4.2
0.08885121476330834,0.29556963263587543,CS,4.3
0.08971778937321305,0.3024433450227563,CS,4.4
0.09059281573197858,0.3093170574096371,CS,4.5
0.09147637626699384,0.3161907697965179,CS,4.6
0.09236855420930656,0.3230644821833988,CS,4.7
0.09326943360144102,0.32993819457027956,CS,4.8
0.09417909930529032,0.3368119069571604,CS,4.9
0.09509763701008396,0.34368561934404124,CS,5
0.09602513324043126,0.350559331730922,CS,5.1
0.09696167536444132,0.3574330441178029,CS,5.2
0.09790735160191984,0.36430675650468375,CS,5.300000000000001
0.09886225103264373,0.37118046889156453,CS,5.4
0.09982646360471396,0.37805418127844537,CS,5.5
0.10080008014298693,0.38492789366532615,CS,5.6
0.10178319235758551,0.391801606052207,CS,5.7
0.10277589285248975,0.3986753184390879,CS,5.800000000000001
0.10377827513420804,0.40554903082596866,CS,5.9
0.10479043362052928,0.41242274321284944,CS,6
0.10581246364935648,0.4192964555997303,CS,6.1
0.10684446148762224,0.4261701679866111,CS,6.2
0.10788652434028671,0.433043880373492,CS,6.300000000000001
0.10893875035941844,0.4399175927603728,CS,6.4
0.11000123865335844,0.44679130514725357,CS,6.5
0.11107408929596799,0.4536650175341344,CS,6.6
0.11215740333596054,0.46053872992101524,CS,6.7
0.11325128280631802,0.46741244230789614,CS,6.800000000000001
0.11435583073379174,0.4742861546947769,CS,6.9
0.11547115114848865,0.4811598670816577,CS,7
0.11659734909354232,0.4880335794685386,CS,7.1000000000000005
0.1177345306348699,0.4949072918554194,CS,7.2
0.11888280287101415,0.5017810042423002,CS,7.3
0.12004227394307156,0.508654716629181,CS,7.4
0.12121305304470574,0.5155284290160619,CS,7.5
0.12239525043224696,0.5224021414029427,CS,7.6000000000000005
0.12358897743487676,0.5292758537898234,CS,7.7
0.12479434646489822,0.5361495661767044,CS,7.800000000000001
0.12601147102809152,0.5430232785635851,CS,7.9
0.12724046573415387,0.549896990950466,CS,8
0.12848144630722438,0.5567707033373469,CS,8.100000000000001
0.12973452959649207,0.5636444157242275,CS,8.2
0.13099983358688805,0.5705181281111085,CS,8.3
0.132277477409859,0.5773918404979893,CS,8.4
0.1335675813542233,0.58426555288487,CS,8.5
0.13487026687710693,0.591139265271751,CS,8.600000000000001
0.13618565661495885,0.5980129776586317,CS,8.7
0.13751387439464474,0.6048866900455127,CS,8.8
0.13885504524461684,0.6117604024323934,CS,8.9
0.1402092954061585,0.6186341148192742,CS,9
0.1415767523447019,0.6255078272061552,CS,9.100000000000001
0.14295754476121597,0.6323815395930358,CS,9.2
0.14435180260366315,0.6392552519799167,CS,9.3
0.14575965707852104,0.6461289643667976,CS,9.4
0.14718124066236743,0.6530026767536783,CS,9.5
0.14861668711352435,0.6598763891405592,CS,9.600000000000001
0.150066131483758,0.66675010152744,CS,9.7
0.15152971013003072,0.6736238139143208,CS,9.8
0.15300756072630026,0.6804975263012016,CS,9.9
0.15449982227536233,0.6873712386880825,CS,10
0.1560066351207303,0.6942449510749634,CS,10.100000000000001
0.15752814095854722,0.701118663461844,CS,10.2
0.15906448284952354,0.707992375848725,CS,10.3
0.16061580523089344,0.7148660882356058,CS,10.4
0.16218225392838326,0.7217398006224865,CS,10.5
0.16376397616818353,0.7286135130093675,CS,10.600000000000001
0.16536112058891486,0.7354872253962482,CS,10.7
0.16697383725358073,0.7423609377831291,CS,10.8
0.16860227766149347,0.7492346501700099,CS,10.9
0.17024659476016535,0.7561083625568907,CS,11
0.17190694295715,0.7629820749437715,CS,11.1
0.17358347813182318,0.7698557873306524,CS,11.200000000000001
0.17527635764708632,0.7767294997175332,CS,11.3
0.17698574036097925,0.783603212104414,CS,11.4
0.17871178663818368,0.7904769244912948,CS,11.5
0.18045465836139996,0.7973506368781756,CS,11.6
0.18221451894257767,0.8042243492650565,CS,11.700000000000001
0.18399153333397691,0.8110980616519373,CS,11.8
0.18578586803903963,0.8179717740388182,CS,11.9
0.18759769112304323,0.8248454864256989,CS,12
0.1894271722235117,0.8317191988125797,CS,12.1
0.19127448256035262,0.8385929111994607,CS,12.200000000000001
0.19313979494569056,0.8454666235863415,CS,12.3
0.19502328379336056,0.8523403359732222,CS,12.4
0.196925125128026,0.8592140483601031,CS,12.5
0.19884549659388007,0.866087760746984,CS,12.600000000000001
0.2007845774628877,0.8729614731338647,CS,12.700000000000001
0.20274254864252148,0.8798351855207456,CS,12.8
0.20471959268294046,0.8867088979076264,CS,12.9
0.20671589378355812,0.8935826102945071,CS,13
0.2087316377989398,0.9004563226813881,CS,13.100000000000001
0.2107670122439666,0.9073300350682689,CS,13.200000000000001
0.21282220629819693,0.9142037474551497,CS,13.3
0.21489741080935187,0.9210774598420305,CS,13.4
0.21699281829584377,0.9279511722289113,CS,13.5
0.21910862294826322,0.9348248846157923,CS,13.600000000000001
0.22124502062972903,0.941698597002673,CS,13.700000000000001
0.2234022088750041,0.9485723093895538,CS,13.8
0.2255803868882653,0.9554460217764347,CS,13.9
0.22777975553941343,0.9623197341633154,CS,14
0.23000051735879548,0.9691934465501963,CS,14.100000000000001
0.23224287653020365,0.9760671589370772,CS,14.200000000000001
0.2345070388820055,0.9829408713239579,CS,14.3
0.23679321187624494,0.9898145837108387,CS,14.4
0.23910160459554614,0.9966882960977196,CS,14.5
0.2414324277276339,1.0035620084846004,CS,14.600000000000001
0.24378589354727428,1.0104357208714814,CS,14.700000000000001
0.24616221589542003,1.017309433258362,CS,14.8
0.24856161015533124,1.0241831456452428,CS,14.9
0.2509842932254219,1.0310568580321238,CS,15
0.2534304834885648,1.0379305704190045,CS,15.100000000000001
0.2559004007775647,1.0448042828058854,CS,15.200000000000001
0.2583942663364905,1.0516779951927662,CS,15.3
0.26091230277752653,1.058551707579647,CS,15.4
0.263454734032985,1.0654254199665278,CS,15.5
0.26602178530208603,1.0722991323534088,CS,15.600000000000001
0.2686136829920852,1.0791728447402895,CS,15.700000000000001
0.2712306546532963,1.0860465571271702,CS,15.8
0.2738729289075172,1.0929202695140512,CS,15.9
0.27654073536933405,1.099793981900932,CS,16
0.27923430455973425,1.1066676942878129,CS,16.1
0.2819538678114157,1.1135414066746938,CS,16.200000000000003
0.2846996571651311,1.1204151190615745,CS,16.3
0.28747190525635824,1.127288831448455,CS,16.4
0.29027084519152374,1.134162543835336,CS,16.5
0.29309671041295843,1.141036256222217,CS,16.6
0.29594973455169016,1.1479099686090979,CS,16.700000000000003
0.29883015126711343,1.1547836809959786,CS,16.8
0.30173819407250013,1.1616573933828593,CS,16.9
0.30467409614523683,1.16853110576974,CS,17
0.3076380901205813,1.175404818156621,CS,17.1
0.31063040786764673,1.182278530543502,CS,17.200000000000003
0.31365128024621314,1.1891522429303827,CS,17.3
0.31670093684285916,1.1960259553172634,CS,17.4
0.31977960568479247,1.2028996677041444,CS,17.5
0.32288751292962775,1.2097733800910253,CS,17.6
0.3260248825292276,1.216647092477906,CS,17.700000000000003
0.3291919358655728,1.2235208048647868,CS,17.8
0.3323888913564728,1.2303945172516675,CS,17.9
0.3356159640287536,1.2372682296385484,CS,18
0.33887336505638116,1.2441419420254294,CS,18.1
0.3421613012607767,1.2510156544123103,CS,18.200000000000003
0.34547997457036916,1.2578893667991908,CS,18.3
0.34882958143620013,1.2647630791860716,CS,18.4
0.352210312200149,1.2716367915729525,CS,18.5
0.35562235041207674,1.2785105039598335,CS,18.6
0.3590658720919067,1.2853842163467144,CS,18.700000000000003
0.36254104493234013,1.2922579287335951,CS,18.8
0.36604802743758047,1.2991316411204756,CS,18.9
0.36958696799307367,1.3060053535073566,CS,19
0.37315800386088743,1.3128790658942375,CS,19.1
0.3767612600949337,1.3197527782811183,CS,19.2
0.3803968483697884,1.3266264906679992,CS,19.3
0.3840648657163757,1.3335002030548802,CS,19.400000000000002
0.38776539315726366,1.3403739154417609,CS,19.5
0.391498494233754,1.3472476278286416,CS,19.6
0.39526421341633605,1.3541213402155223,CS,19.7
0.3990625743894322,1.3609950526024033,CS,19.8
0.40289357820064103,1.3678687649892842,CS,19.900000000000002
0.4067572012639396,1.374742477376165,CS,20
0.41065339320547584,1.381616189763046,CS,20.1
0.4145820745397038,1.3884899021499264,CS,20.2
0.41854313416266425,1.3953636145368074,CS,20.3
0.4225364266481837,1.4022373269236883,CS,20.400000000000002
0.42656176933166445,1.409111039310569,CS,20.5
0.4306189391649442,1.41598475169745,CS,20.6
0.4347076693244209,1.4228584640843307,CS,20.7
0.4388276455532587,1.4297321764712116,CS,20.8
0.44297850221699453,1.4366058888580924,CS,20.900000000000002
0.4471598180502668,1.443479601244973,CS,21
0.45137111157064813,1.450353313631854,CS,21.1
0.4556118361337047,1.4572270260187348,CS,21.2
0.45988137460139483,1.4641007384056157,CS,21.3
0.46417903359374785,1.4709744507924967,CS,21.400000000000002
0.4685040372914348,1.4778481631793772,CS,21.5
0.4728555207543277,1.4847218755662581,CS,21.6
0.47723252271842453,1.4915955879531388,CS,21.7
0.48163397783060846,1.4984693003400198,CS,21.8
0.4860587082775465,1.5053430127269007,CS,21.900000000000002
0.4905054147616522,1.5122167251137815,CS,22
0.49497266677337487,1.5190904375006624,CS,22.1
0.4994588921051319,1.5259641498875431,CS,22.200000000000003
0.5039623655479654,1.5328378622744239,CS,22.3
0.5084811967074183,1.5397115746613048,CS,22.400000000000002
0.5130133168701967,1.5465852870481855,CS,22.5
0.5175564648478682,1.5534589994350665,CS,22.6
0.5221081717181223,1.5603327118219474,CS,22.700000000000003
0.5266657443779402,1.567206424208828,CS,22.8
0.5312262478163754,1.574080136595709,CS,22.900000000000002
0.5357864860074674,1.5809538489825896,CS,23
0.5403429813161023,1.5878275613694706,CS,23.1
0.5448919523012881,1.5947012737563515,CS,23.200000000000003
0.54942928979235806,1.6015749861432322,CS,23.3
0.5539505311039322,1.608448698530113,CS,23.400000000000002
0.558450832245058,1.6153224109169937,CS,23.5
0.56292493796671506,1.6221961233038746,CS,23.6
0.5673671494797713,1.6290698356907556,CS,23.700000000000003
0.5717712896624302,1.6359435480776363,CS,23.8
0.5761306655621675,1.6428172604645173,CS,23.900000000000002
0.5804380279819928,1.6496909728513978,CS,24
0.5846855279245643,1.6565646852382787,CS,24.1
0.5888646696500881,1.6634383976251597,CS,24.200000000000003
0.5929662600849789,1.6703121100120404,CS,24.3
0.596980354297833,1.6771858223989213,CS,24.400000000000002
0.6008961967372435,1.684059534785802,CS,24.5
0.6047021579022762,1.690933247172683,CS,24.6
0.6083856660908433,1.6978069595595637,CS,24.700000000000003
0.6119331338436728,1.7046806719464445,CS,24.8
0.6153298786718648,1.7115543843333254,CS,24.900000000000002
0.6185600376240469,1.7184280967202061,CS,25
0.6216064752146367,1.725301809107087,CS,25.1
0.6244506841975759,1.732175521493968,CS,25.200000000000003
0.6270726786298384,1.7390492338808485,CS,25.3
0.6294508786258699,1.7459229462677295,CS,25.400000000000002
0.6315619861575955,1.7527966586546102,CS,25.5
0.6333808512045189,1.7596703710414912,CS,25.6
0.6348803275044126,1.766544083428372,CS,25.700000000000003
0.636031117096902,1.7734177958152528,CS,25.8
0.6368016027895048,1.7802915082021338,CS,25.900000000000002
0.6371576676080846,1.7871652205890143,CS,26
0.6370625002208372,1.7940389329758952,CS,26.1
0.6364763852464005,1.8009126453627762,CS,26.200000000000003
0.6353564772720869,1.807786357749657,CS,26.3
0.6336565573170416,1.8146600701365379,CS,26.400000000000002
0.6313267703768861,1.8215337825234186,CS,26.5
0.6283133425805014,1.8284074949102993,CS,26.6
0.6245582763754935,1.8352812072971803,CS,26.700000000000003
0.6199990220359068,1.842154919684061,CS,26.8
0.6145681236532179,1.849028632070942,CS,26.900000000000002
0.6081928376288249,1.8559023444578227,CS,27
0.600794721532321,1.8627760568447036,CS,27.1
0.592289191023982,1.8696497692315845,CS,27.200000000000003
0.5825850423611482,1.876523481618465,CS,27.3
0.571583937815533,1.883397194005346,CS,27.400000000000002
0.5591798511209143,1.8902709063922267,CS,27.5
0.5452584698469342,1.8971446187791077,CS,27.6
0.5296965513536402,1.9040183311659886,CS,27.700000000000003
0.5123612287216026,1.9108920435528693,CS,27.8
0.4931092627724108,1.91776575593975,CS,27.900000000000002
0.47178623599266467,1.9246394683266308,CS,28
0.4482256838493326,1.9315131807135117,CS,28.1
0.42224815863400167,1.9383868931003927,CS,28.200000000000003
0.3936602205957972,1.9452606054872734,CS,28.3
0.3622533507158767,1.9521343178741544,CS,28.400000000000002
0.32780277903776,1.9590080302610349,CS,28.5
0.29006622199509313,1.9658817426479158,CS,28.6
0.2487825216691818,1.9727554550347968,CS,28.700000000000003
0.20367017935958232,1.9796291674216775,CS,28.8
0.15442577525962464,1.9865028798085584,CS,28.900000000000002
0.10072226539119189,1.9933765921954392,CS,29
0.042207146266054374,2.00025030458232,CS,29.1
-0.02149952299919433,2.007124016969201,CS,29.200000000000003
-0.0908072521854959,2.0139977293560816,CS,29.3
-0.16615741702170284,2.0208714417429627,CS,29.400000000000002
-0.24802573464011268,2.027745154129843,CS,29.5
-0.3369249312931395,2.034618866516724,CS,29.6
-0.4334076172629173,2.041492578903605,CS,29.700000000000003
-0.5380693850555538,2.0483662912904856,CS,29.8
-0.6515521482213276,2.055240003677367,CS,29.900000000000002
-0.7745477394890328,2.0621137160642475,CS,30
-0.9078017883540699,2.0689874284511283,CS,30.1
-1.0521178998239191,2.075861140838009,CS,30.200000000000003
-1.2083621577104333,2.0827348532248897,CS,30.3
-1.3774679776747139,2.089608565611771,CS,30.400000000000002
-1.5604413371880472,2.0964822779986516,CS,30.5
-1.7583664116820292,2.1033559903855323,CS,30.6
-1.9724116484343315,2.1102297027724135,CS,30.700000000000003
-2.2038363121868807,2.117103415159294,CS,30.8
-2.453997539133315,2.123977127546175,CS,30.900000000000002
-2.7243579387580716,2.1308508399330557,CS,31
-3.0164937860759276,2.1377245523199364,CS,31.1
-3.332103850125045,2.1445982647068176,CS,31.200000000000003
-3.6730189081282423,2.1514719770936983,CS,31.3
-4.0412119985744415,2.158345689480579,CS,31.400000000000002
-4.438809470608402,2.1652194018674598,CS,31.5
-4.8681028915738,2.1720931142543405,CS,31.6
-5.331561879357592,2.1789668266412217,CS,31.700000000000003
-5.831847931360398,2.1858405390281024,CS,31.8
-6.371829327495217,2.192714251414983,CS,31.900000000000002
-6.954597190628611,2.199587963801864,CS,32
-7.58348279435684,2.2064616761887446,CS,32.1
-8.262076214990332,2.2133353885756257,CS,32.2
-8.99424643214449,2.220209100962506,CS,32.3
-9.784162990442093,2.2270828133493876,CS,32.400000000000006
-10.636319343569848,2.233956525736268,CS,32.5
-11.555558011349946,2.240830238123149,CS,32.6
-12.547097690631869,2.24770395051003,CS,32.7
-13.616562471748665,2.25457766289691,CS,32.8
-14.770013324065058,2.2614513752837917,CS,32.900000000000006
-16.013982026844616,2.268325087670672,CS,33
-17.355507735352916,2.275198800057553,CS,33.1
-18.80217638685852,2.282072512444434,CS,33.2
-20.3621631670935,2.288946224831314,CS,33.3
-22.044278274862204,2.2958199372181958,CS,33.400000000000006
-23.8580162409463,2.302693649605076,CS,33.5
-25.813609077352304,2.3095673619919572,CS,33.6
-27.922083554379512,2.316441074378838,CS,33.7
-30.19532292609719,2.3233147867657187,CS,33.8
-32.64613344971377,2.3301884991526,CS,33.900000000000006
-35.28831607115194,2.33706221153948,CS,34
-38.1367436780654,2.3439359239263613,CS,34.1
-41.207444352684675,2.350809636313242,CS,34.2
-44.517691090470805,2.3576833487001227,CS,34.3
-48.08609848673985,2.364557061087004,CS,34.400000000000006
-51.93272693241997,2.3714307734738846,CS,34.5
-56.07919490214152,2.3783044858607654,CS,34.6
-60.54879996313925,2.385178198247646,CS,34.7
-65.36664918227171,2.392051910634527,CS,34.8
-70.55979966105808,2.398925623021408,CS,34.900000000000006
-76.15740998531145,2.4057993354082887,CS,35
-82.19090343706496,2.4126730477951694,CS,35.1
-88.69414388228276,2.4195467601820506,CS,35.2
-95.70362531883127,2.4264204725689313,CS,35.300000000000004
-103.25867614562121,2.4332941849558116,CS,35.4
-111.4016792962402,2.440167897342693,CS,35.5
-120.17830946917216,2.4470416097295735,CS,35.6
-129.6377887824226,2.4539153221164547,CS,35.7
-139.8331622834552,2.4607890345033354,CS,35.800000000000004
-150.82159485650328,2.4676627468902157,CS,35.9
-162.6646911890777,2.474536459277097,CS,36
-175.42884058853582,2.4814101716639776,CS,36.1
-189.1855885787104,2.4882838840508588,CS,36.2
-204.01203735643287,2.4951575964377395,CS,36.300000000000004
-219.99127734935686,2.50203130882462,CS,36.4
-237.21285229055547,2.508905021211501,CS,36.5
-255.77326041293657,2.5157787335983817,CS,36.6
-275.7764945687328,2.522652445985263,CS,36.7
-297.3346242971557,2.5295261583721436,CS,36.800000000000004
-320.56842309808883,2.5363998707590243,CS,36.9
-345.60804442275537,2.543273583145905,CS,37
-372.59375016490117,2.550147295532786,CS,37.1
-401.67669572997426,2.557021007919667,CS,37.2
-433.019776076362,2.5638947203065476,CS,37.300000000000004
-466.7985374640886,2.5707684326934284,CS,37.4
-503.2021600141029,2.577642145080309,CS,37.5
-542.4345165776037,2.5845158574671903,CS,37.6
-584.7153138420462,2.591389569854071,CS,37.7
-630.2813220606606,2.598263282240952,CS,37.800000000000004
-679.3877002883944,2.6051369946278324,CS,37.9
-732.3094245418002,2.612010707014713,CS,38
0.09976233803602809,6.611432130106947,TT,3
0.10075410544997587,6.6445224514967,TT,3.1
0.10175573232213939,6.677612772886453,TT,3.2
0.10276731666835873,6.710703094276206,TT,3.3
0.10378895747887905,6.743793415665959,TT,3.4
0.1048207547280372,6.776883737055712,TT,3.5
0.10586280938404509,6.809974058445465,TT,3.6
0.10691522341886993,6.843064379835218,TT,3.7
0.10797809981821294,6.876154701224971,TT,3.8
0.10905154259158722,6.909245022614724,TT,3.9
0.11013565678249568,6.942335344004477,TT,4
0.11123054847871029,6.97542566539423,TT,4.1
0.11233632482265354,7.0085159867839835,TT,4.2
0.11345309402188289,7.041606308173736,TT,4.3
0.11458096535967972,7.074696629563489,TT,4.4
0.1157200492057434,7.107786950953242,TT,4.5
0.11687045702699166,7.140877272342995,TT,4.6
0.11803230139846842,7.173967593732748,TT,4.7
0.11920569601435992,7.207057915122501,TT,4.8
0.12039075569912054,7.240148236512255,TT,4.9
0.12158759641870912,7.273238557902007,TT,5
0.12279633529193694,7.30632887929176,TT,5.1
0.12401709060192871,7.3394192006815135,TT,5.2
0.12524998180769711,7.372509522071266,TT,5.300000000000001
0.12649512955583292,7.405599843461019,TT,5.4
0.12775265569231095,7.438690164850772,TT,5.5
0.12902268327441344,7.471780486240525,TT,5.6
0.13030533658277216,7.504870807630278,TT,5.7
0.13160074113353,7.537961129020031,TT,5.800000000000001
0.13290902369062352,7.571051450409784,TT,5.9
0.1342303122781878,7.6041417717995365,TT,6
0.1355647361930843,7.63723209318929,TT,6.1
0.13691242601755346,7.670322414579044,TT,6.2
0.13827351363199314,7.703412735968796,TT,6.300000000000001
0.13964813222786376,7.736503057358549,TT,6.4
0.14103641632072217,7.7695933787483025,TT,6.5
0.14243850176338485,7.802683700138055,TT,6.6
0.143854525759222,7.835774021527808,TT,6.7
0.14528462687558366,7.868864342917561,TT,6.800000000000001
0.1467289450573597,7.901954664307315,TT,6.9
0.14818762164067414,7.935044985697067,TT,7
0.14966079936671595,7.96813530708682,TT,7.1000000000000005
0.15114862239570717,8.001225628476574,TT,7.2
0.15265123632100985,8.034315949866325,TT,7.3
0.15416878818337362,8.067406271256079,TT,7.4
0.15570142648532415,8.100496592645833,TT,7.5
0.1572493012056955,8.133586914035586,TT,7.6000000000000005
0.1588125638143064,8.166677235425338,TT,7.7
0.16039136728678235,8.199767556815091,TT,7.800000000000001
0.16198586611952578,8.232857878204843,TT,7.9
0.163596216344834,8.265948199594597,TT,8
0.16522257554616848,8.29903852098435,TT,8.100000000000001
0.16686510287357487,8.332128842374104,TT,8.2
0.16852395905925752,8.365219163763857,TT,8.3
0.17019930643330752,8.398309485153609,TT,8.4
0.17189130893958823,8.431399806543363,TT,8.5
0.17360013215177816,8.464490127933116,TT,8.600000000000001
0.17532594328957304,8.497580449322868,TT,8.7
0.17706891123505014,8.530670770712621,TT,8.8
0.17882920654919346,8.563761092102375,TT,8.9
0.18060700148858513,8.596851413492127,TT,9
0.18240247002226123,8.62994173488188,TT,9.100000000000001
0.18421578784873585,8.663032056271632,TT,9.2
0.18604713241319457,8.696122377661386,TT,9.3
0.18789668292485825,8.72921269905114,TT,9.4
0.1897646203745199,8.762303020440893,TT,9.5
0.19165112755225577,8.795393341830646,TT,9.600000000000001
0.19355638906531217,8.828483663220398,TT,9.7
0.19548059135617105,8.861573984610152,TT,9.8
0.19742392272079343,8.894664305999903,TT,9.9
0.1993865733270464,8.927754627389657,TT,10
0.20136873523331114,8.96084494877941,TT,10.100000000000001
0.20337060240727745,8.993935270169164,TT,10.2
0.20539237074492445,9.027025591558917,TT,10.3
0.20743423808968955,9.06011591294867,TT,10.4
0.20949640425182897,9.093206234338423,TT,10.5
0.21157907102796986,9.126296555728176,TT,10.600000000000001
0.21368244222085672,9.159386877117928,TT,10.7
0.2158067236592949,9.192477198507682,TT,10.8
0.21795212321829108,9.225567519897435,TT,10.9
0.22011885083939492,9.258657841287187,TT,11
0.2223071185512423,9.29174816267694,TT,11.1
0.22451714049030283,9.324838484066694,TT,11.200000000000001
0.2267491329218334,9.357928805456446,TT,11.3
0.22900331426104006,9.3910191268462,TT,11.4
0.23127990509444993,9.424109448235953,TT,11.5
0.23357912820149543,9.457199769625705,TT,11.6
0.23590120857631297,9.490290091015458,TT,11.700000000000001
0.23824637344975794,9.523380412405212,TT,11.8
0.24061485231163843,9.556470733794963,TT,11.9
0.24300687693316939,9.589561055184717,TT,12
0.2454226813896499,9.62265137657447,TT,12.1
0.2478625020833654,9.655741697964224,TT,12.200000000000001
0.2503265777667168,9.688832019353978,TT,12.3
0.2528151495655795,9.72192234074373,TT,12.4
0.25532846100289314,9.755012662133481,TT,12.5
0.2578667580224863,9.788102983523235,TT,12.600000000000001
0.26043028901313564,9.821193304912988,TT,12.700000000000001
0.2630193048328646,9.854283626302742,TT,12.8
0.2656340588334817,9.887373947692495,TT,12.9
0.2682748068853618,9.920464269082247,TT,13
0.2709418074024721,9.953554590472,TT,13.100000000000001
0.2736353213676448,9.986644911861752,TT,13.200000000000001
0.27635561235809986,10.019735233251506,TT,13.3
0.2791029465712185,10.05282555464126,TT,13.4
0.28187759285057024,10.085915876031013,TT,13.5
0.2846798227121965,10.119006197420767,TT,13.600000000000001
0.2875099103711505,10.152096518810518,TT,13.700000000000001
0.2903681327682986,10.185186840200272,TT,13.8
0.2932547695973828,10.218277161590024,TT,13.9
0.29617010333234645,10.251367482979777,TT,14
0.2991144192549269,10.28445780436953,TT,14.100000000000001
0.302088005482514,10.317548125759284,TT,14.200000000000001
0.3050911529962793,10.350638447149038,TT,14.3
0.3081241556695742,10.38372876853879,TT,14.4
0.31118731029660057,10.416819089928541,TT,14.5
0.3142809166213551,10.449909411318295,TT,14.600000000000001
0.3174052773668462,10.482999732708048,TT,14.700000000000001
0.3205606982645871,10.516090054097802,TT,14.8
0.32374748808436227,10.549180375487555,TT,14.9
0.3269659586642707,10.582270696877307,TT,15
0.3302164249410429,10.61536101826706,TT,15.100000000000001
0.33349920498063185,10.648451339656813,TT,15.200000000000001
0.3368146200090771,10.681541661046566,TT,15.3
0.3401629944436393,10.71463198243632,TT,15.4
0.3435446559242032,10.747722303826073,TT,15.5
0.34695993534494424,10.780812625215827,TT,15.600000000000001
0.3504091668862566,10.813902946605578,TT,15.700000000000001
0.3538926880469358,10.84699326799533,TT,15.8
0.3574108396766086,10.880083589385084,TT,15.9
0.3609639660084034,10.913173910774837,TT,16
0.36455241469185146,10.94626423216459,TT,16.1
0.36817653682600476,10.979354553554344,TT,16.200000000000003
0.37183668699276073,11.012444874944096,TT,16.3
0.3755332232903738,11.045535196333848,TT,16.4
0.3792665073671363,11.078625517723601,TT,16.5
0.3830369044552057,11.111715839113355,TT,16.6
0.386844783404553,11.144806160503109,TT,16.700000000000003
0.3906905167169993,11.177896481892862,TT,16.8
0.39457448058030703,11.210986803282614,TT,16.9
0.3984970549022832,11.244077124672367,TT,17
0.40245862334484694,11.277167446062121,TT,17.1
0.4064595733580055,11.310257767451874,TT,17.200000000000003
0.4105002962136746,11.343348088841626,TT,17.3
0.41458118703926905,11.37643841023138,TT,17.4
0.4187026448509768,11.409528731621133,TT,17.5
0.4228650725866174,11.442619053010887,TT,17.6
0.4270688771379724,11.47570937440064,TT,17.700000000000003
0.4313144693824547,11.50879969579039,TT,17.8
0.43560226421396475,11.541890017180144,TT,17.9
0.439932680572761,11.574980338569897,TT,18
0.44430614147414205,11.608070659959651,TT,18.1
0.448723074035711,11.641160981349405,TT,18.200000000000003
0.4531839095029562,11.674251302739156,TT,18.3
0.45768908327284347,11.707341624128908,TT,18.4
0.4622390349150677,11.740431945518662,TT,18.5
0.4668342081905617,11.773522266908415,TT,18.6
0.4714750510668005,11.806612588298169,TT,18.700000000000003
0.47616201572936534,11.839702909687922,TT,18.8
0.4808955585891609,11.872793231077674,TT,18.9
0.4856761402845791,11.905883552467428,TT,19
0.49050422567780605,11.938973873857181,TT,19.1
0.4953802838443467,11.972064195246933,TT,19.2
0.5003047880547021,12.005154516636686,TT,19.3
0.5052782157469802,12.03824483802644,TT,19.400000000000002
0.5103010484890391,12.071335159416194,TT,19.5
0.515373771928555,12.104425480805947,TT,19.6
0.5204968757291641,12.137515802195697,TT,19.7
0.5256708534905661,12.17060612358545,TT,19.8
0.5308962026501483,12.203696444975204,TT,19.900000000000002
0.536173424363343,12.236786766364958,TT,20
0.541503023359512,12.269877087754711,TT,20.1
0.546885507769674,12.302967409144463,TT,20.2
0.5523213889218614,12.336057730534217,TT,20.3
0.5578111810992481,12.36914805192397,TT,20.400000000000002
0.5633554012554965,12.402238373313722,TT,20.5
0.5689545686809341,12.435328694703475,TT,20.6
0.574609204612231,12.468419016093229,TT,20.7
0.5803198317771772,12.501509337482982,TT,20.8
0.5860869738649005,12.534599658872736,TT,20.900000000000002
0.5919111549104555,12.567689980262488,TT,21
0.5977928985810742,12.600780301652241,TT,21.1
0.6037327273494875,12.633870623041993,TT,21.2
0.6097311615375826,12.666960944431747,TT,21.3
0.6157887182111828,12.7000512658215,TT,21.400000000000002
0.6219059099039084,12.733141587211254,TT,21.5
0.6280832431448141,12.766231908601007,TT,21.6
0.6343212167607712,12.799322229990757,TT,21.7
0.640620319920278,12.83241255138051,TT,21.8
0.6469810298804582,12.865502872770264,TT,21.900000000000002
0.6534038093933713,12.898593194160018,TT,22
0.6598891037212803,12.931683515549771,TT,22.1
0.6664373372030857,12.964773836939525,TT,22.200000000000003
0.6730489093056188,12.997864158329277,TT,22.3
0.6797241900836863,13.03095447971903,TT,22.400000000000002
0.6864635149615408,13.064044801108782,TT,22.5
0.6932671787355562,13.097135122498536,TT,22.6
0.7001354286830979,13.130225443888289,TT,22.700000000000003
0.7070684566456106,13.163315765278043,TT,22.8
0.714066389934468,13.196406086667796,TT,22.900000000000002
0.7211292808857714,13.229496408057548,TT,23
0.7282570948646525,13.2625867294473,TT,23.1
0.7354496964901807,13.295677050837053,TT,23.200000000000003
0.7427068338182204,13.328767372226807,TT,23.3
0.7500281201808096,13.36185769361656,TT,23.400000000000002
0.7574130133361499,13.394948015006314,TT,23.5
0.7648607915322695,13.428038336396066,TT,23.6
0.7723705260288225,13.46112865778582,TT,23.700000000000003
0.77994104955429,13.494218979175571,TT,23.8
0.7875709200986958,13.527309300565324,TT,23.900000000000002
0.7952583793534276,13.560399621955078,TT,24
0.8030013050081845,13.593489943344832,TT,24.1
0.8107971559984758,13.626580264734585,TT,24.200000000000003
0.8186429096633432,13.659670586124335,TT,24.3
0.8265349896194405,13.692760907514089,TT,24.400000000000002
0.8344691829814486,13.725851228903842,TT,24.5
0.8424405453566336,13.758941550293596,TT,24.6
0.8504432918093539,13.79203187168335,TT,24.700000000000003
0.8584706717250886,13.825122193073103,TT,24.8
0.8665148251980528,13.858212514462856,TT,24.900000000000002
0.874566618215837,13.891302835852606,TT,25
0.8826154535121998,13.92439315724236,TT,25.1
0.890649053497403,13.957483478632113,TT,25.200000000000003
0.8986532111456644,13.990573800021867,TT,25.3
0.9066115041112611,14.02366412141162,TT,25.400000000000002
0.9145049666470672,14.056754442801374,TT,25.5
0.9223117130986185,14.089844764191128,TT,25.6
0.9300065058279057,14.122935085580881,TT,25.700000000000003
0.9375602593666645,14.156025406970631,TT,25.8
0.9449394713888619,14.189115728360385,TT,25.900000000000002
0.9521055697034707,14.222206049750138,TT,26
0.9590141628751035,14.255296371139892,TT,26.1
0.9656141802514011,14.288386692529645,TT,26.200000000000003
0.9718468850775706,14.321477013919395,TT,26.3
0.9776447419702884,14.354567335309149,TT,26.400000000000002
0.9829301172596451,14.387657656698902,TT,26.5
0.9876137875364994,14.420747978088656,TT,26.6
0.991593228103287,14.45383829947841,TT,26.700000000000003
0.9947506488500306,14.486928620868163,TT,26.8
0.9969507402846683,14.520018942257916,TT,26.900000000000002
0.9980380869470574,14.553109263647666,TT,27
0.9978341991245749,14.58619958503742,TT,27.1
0.9961341065445944,14.619289906427174,TT,27.200000000000003
0.9927024494076149,14.652380227816927,TT,27.3
0.9872689925869157,14.68547054920668,TT,27.400000000000002
0.9795234778752432,14.718560870596434,TT,27.5
0.969109716598523,14.751651191986188,TT,27.6
0.9556188105026224,14.784741513375941,TT,27.700000000000003
0.9385813722782671,14.817831834765691,TT,27.8
0.9174585981074079,14.850922156155445,TT,27.900000000000002
0.8916320228315984,14.884012477545198,TT,28
0.8603917633457571,14.917102798934952,TT,28.1
0.8229230271350088,14.950193120324705,TT,28.200000000000003
0.7782906299534604,14.983283441714455,TT,28.3
0.7254212288675161,15.016373763104209,TT,28.400000000000002
0.6630829335356062,15.049464084493962,TT,28.5
0.5898619088484438,15.082554405883716,TT,28.6
0.5041355249654422,15.11564472727347,TT,28.700000000000003
0.40404154526997926,15.148735048663223,TT,28.8
0.28744276758627296,15.181825370052977,TT,28.900000000000002
0.15188644772662485,15.214915691442727,TT,29
-0.00544226456672714,15.24800601283248,TT,29.1
-0.18777376083533337,15.281096334222234,TT,29.200000000000003
-0.3988152942031873,15.314186655611987,TT,29.3
-0.6428213483084906,15.34727697700174,TT,29.400000000000002
-0.9246743901132422,15.380367298391494,TT,29.5
-1.2499775388687875,15.413457619781248,TT,29.6
-1.6251609096225001,15.446547941171001,TT,29.700000000000003
-2.0576036491243963,15.479638262560751,TT,29.8
-2.555773979753583,15.512728583950505,TT,29.900000000000002
-3.1293899087844195,15.545818905340258,TT,30
-3.7896036524356855,15.578909226730012,TT,30.1
-4.549213274129994,15.611999548119766,TT,30.200000000000003
-5.42290555277877,15.645089869509516,TT,30.3
-6.427534689493211,15.678180190899269,TT,30.400000000000002
-7.582442141152258,15.711270512289023,TT,30.5
-8.909823649636365,15.744360833678776,TT,30.6
-10.435150431067054,15.77745115506853,TT,30.700000000000003
-12.187652517074227,15.810541476458283,TT,30.8
-14.200873419439588,15.843631797848037,TT,30.900000000000002
-16.513306642816605,15.876722119237787,TT,31
-19.169126123289274,15.90981244062754,TT,31.1
-22.219024452758298,15.942902762017294,TT,31.200000000000003
-25.72117479437328,15.975993083407047,TT,31.3
-29.74233474124967,16.0090834047968,TT,31.400000000000002
-34.359113064065525,16.042173726186554,TT,31.5
-39.65942338393708,16.075264047576304,TT,31.6
-45.7441523538518,16.108354368966058,TT,31.700000000000003
-52.72907400221671,16.14144469035581,TT,31.8
-60.74704656297943,16.174535011745565,TT,31.900000000000002
-69.95053347692216,16.20762533313532,TT,32
-80.51449639985654,16.240715654525072,TT,32.1
-92.63971511221297,16.273805975914826,TT,32.2
-106.55659732494715,16.306896297304576,TT,32.3
-122.52955067240653,16.339986618694333,TT,32.400000000000006
-140.86199985019866,16.373076940084083,TT,32.5
-161.9021440977541,16.406167261473836,TT,32.6
-186.04956427308426,16.43925758286359,TT,32.7
-213.7628048883038,16.47234790425334,TT,32.8
-245.56807497415883,16.505438225643097,TT,32.900000000000006
-282.069232871464,16.538528547032847,TT,33
-323.959244409804,16.5716188684226,TT,33.1
-372.03333189106576,16.604709189812354,TT,33.2
-427.20406337834504,16.637799511202108,TT,33.3
-490.51866860778546,16.67088983259186,TT,33.400000000000006
-563.1789100907,16.70398015398161,TT,33.5
-646.5638864581542,16.737070475371365,TT,33.6
-742.2562007385695,16.770160796761118,TT,33.7
-852.0719901087339,16.80325111815087,TT,33.8
-978.0953869292425,16.836341439540625,TT,33.900000000000006
-1122.7180649585375,16.86943176093038,TT,34
-1288.684621130734,16.902522082320132,TT,34.1
-1479.1446540110694,16.935612403709886,TT,34.2
-1697.7125271119119,16.968702725099636,TT,34.3
-1948.5359510716069,17.001793046489393,TT,34.400000000000006
-2236.3746860349065,17.034883367879143,TT,34.5
-2566.6908576043156,17.067973689268896,TT,34.6
-2945.752600096663,17.10106401065865,TT,34.7
-3380.752993724491,17.1341543320484,TT,34.8
-3879.9465525218584,17.167244653438157,TT,34.900000000000006
-4452.805852856557,17.200334974827907,TT,35
-5110.201274539093,17.23342529621766,TT,35.1
-5864.607265093083,17.266515617607414,TT,35.2
-6730.339041030441,17.299605938997168,TT,35.300000000000004
-7723.824217510089,17.332696260386918,TT,35.4
-8863.914520522916,17.36578658177667,TT,35.5
-10172.243496305664,17.398876903166425,TT,35.6
-11673.637005480432,17.43196722455618,TT,35.7
-13396.58429099885,17.465057545945932,TT,35.800000000000004
-15373.77855835266,17.498147867335685,TT,35.9
-17642.73732549834,17.53123818872544,TT,36
-20246.514313565614,17.564328510115192,TT,36.1
-23234.516386396383,17.597418831504946,TT,36.2
-26663.441040248425,17.6305091528947,TT,36.300000000000004
-30598.35223242513,17.66359947428445,TT,36.4
-35113.9149625603,17.696689795674203,TT,36.5
-40295.81203259215,17.729780117063957,TT,36.6
-46242.36986829492,17.76287043845371,TT,36.7
-53066.42425214198,17.795960759843464,TT,36.800000000000004
-60897.46136957242,17.829051081233214,TT,36.9
-69884.07479477415,17.862141402622967,TT,37
-80196.78503700484,17.89523172401272,TT,37.1
-92031.27514803139,17.928322045402474,TT,37.2
-105612.10378596748,17.961412366792228,TT,37.300000000000004
-121196.96619047616,17.994502688181978,TT,37.4
-139081.58392087047,18.02759300957173,TT,37.5
-159605.31613931403,18.060683330961485,TT,37.6
-183157.59891261972,18.09377365235124,TT,37.7
-210185.33471764467,18.126863973740992,TT,37.800000000000004
-241201.37236532036,18.159954295130746,TT,37.9
-276794.23824892275,18.1930446165205,TT,38
