umax_temp,ks_temp,Species,temp
0.021290156255586112,0.28627696287856697,AC,3
0.022886428188092667,0.2958195283078525,AC,3.1
0.024500528034455904,0.30536209373713813,AC,3.2
0.026132627479758253,0.31490465916642363,AC,3.3
0.02778289928290617,0.32444722459570924,AC,3.4
0.029451517269144745,0.3339897900249948,AC,3.5
0.031138656322088065,0.34353235545428035,AC,3.6
0.03284449237525283,0.35307492088356596,AC,3.7
0.03456920240308248,0.36261748631285146,AC,3.8
0.03631296441144605,0.37216005174213707,AC,3.9
0.03807595742760056,0.3817026171714226,AC,4
0.03985836148960015,0.3912451826007082,AC,4.1
0.0416603576351392,0.4007877480299938,AC,4.2
0.043482127889812816,0.4103303134592793,AC,4.3
0.04532385525478111,0.4198728788885649,AC,4.4
0.04718572369382068,0.42941544431785045,AC,4.5
0.049067918119747034,0.438958009747136,AC,4.6
0.0509706243801924,0.4485005751764216,AC,4.7
0.05289402924272296,0.4580431406057071,AC,4.8
0.05483832037927605,0.4675857060349927,AC,4.9
0.056803686349903126,0.4771282714642783,AC,5
0.058790316585797864,0.48667083689356383,AC,5.1
0.06079840137159365,0.49621340232284944,AC,5.2
0.06282813182691016,0.505755967752135,AC,5.300000000000001
0.06487969988713149,0.5152985331814206,AC,5.4
0.06695329828339552,0.5248410986107062,AC,5.5
0.06904912052177536,0.5343836640399916,AC,5.6
0.0711673608616325,0.5439262294692773,AC,5.7
0.07330821429312134,0.5534687948985628,AC,5.800000000000001
0.0754718765138242,0.5630113603278484,AC,5.9
0.07765854390449423,0.5725539257571339,AC,6
0.07986841350388618,0.5820964911864195,AC,6.1
0.08210168298265164,0.591639056615705,AC,6.2
0.08435855061627484,0.6011816220449907,AC,6.300000000000001
0.086639215257028,0.6107241874742763,AC,6.4
0.08894387630492151,0.6202667529035617,AC,6.5
0.0912727336776229,0.6298093183328473,AC,6.6
0.09362598777932218,0.6393518837621329,AC,6.7
0.09600383946851754,0.6488944491914185,AC,6.800000000000001
0.09840649002469448,0.658437014620704,AC,6.9
0.10083414111387412,0.6679795800499896,AC,7
0.10328699475300007,0.6775221454792753,AC,7.1000000000000005
0.10576525327314079,0.6870647109085607,AC,7.2
0.10826911928147598,0.6966072763378462,AC,7.3
0.11079879562204065,0.7061498417671319,AC,7.4
0.11335448533519499,0.7156924071964175,AC,7.5
0.1159363916157915,0.725234972625703,AC,7.6000000000000005
0.11854471777001163,0.7347775380549886,AC,7.7
0.12117966717083561,0.7443201034842741,AC,7.800000000000001
0.12384144321211576,0.7538626689135597,AC,7.9
0.12653024926122414,0.7634052343428452,AC,8
0.12924628861023602,0.7729477997721309,AC,8.100000000000001
0.13198976442561905,0.7824903652014163,AC,8.2
0.13476087969639328,0.792032930630702,AC,8.3
0.13755983718072362,0.8015754960599876,AC,8.4
0.14038683935091445,0.811118061489273,AC,8.5
0.14324208833676544,0.8206606269185588,AC,8.600000000000001
0.14612578586725045,0.8302031923478441,AC,8.7
0.14903813321048742,0.8397457577771298,AC,8.8
0.15197933111195183,0.8492883232064153,AC,8.9
0.15494957973090162,0.8588308886357009,AC,9
0.15794907857496765,0.8683734540649866,AC,9.100000000000001
0.16097802643287196,0.877916019494272,AC,9.2
0.16403662130522945,0.8874585849235577,AC,9.3
0.16712506033338992,0.8970011503528432,AC,9.4
0.17024353972627926,0.9065437157821288,AC,9.5
0.17339225468518993,0.9160862812114144,AC,9.600000000000001
0.17657139932648236,0.9256288466406998,AC,9.7
0.17978116660214094,0.9351714120699854,AC,9.8
0.18302174821814576,0.944713977499271,AC,9.9
0.18629333455060948,0.9542565429285566,AC,10
0.18959611455962366,0.9637991083578422,AC,10.100000000000001
0.1929302757007738,0.9733416737871277,AC,10.2
0.19629600383426282,0.9828842392164133,AC,10.3
0.19969348313159818,0.9924268046456989,AC,10.4
0.20312289597977895,1.0019693700749843,AC,10.5
0.20658442288294232,1.01151193550427,AC,10.600000000000001
0.21007824236139772,1.0210545009335554,AC,10.7
0.21360453084800535,1.0305970663628412,AC,10.8
0.21716346258183272,1.0401396317921268,AC,10.9
0.22075520949903216,1.0496821972214123,AC,11
0.22437994112088122,1.0592247626506976,AC,11.1
0.22803782443892062,1.0687673280799834,AC,11.200000000000001
0.23172902379713167,1.078309893509269,AC,11.3
0.23545370077108108,1.0878524589385545,AC,11.4
0.23921201404398107,1.09739502436784,AC,11.5
0.24300411927958088,1.1069375897971256,AC,11.6
0.24683016899183774,1.1164801552264112,AC,11.700000000000001
0.25069031241129003,1.1260227206556968,AC,11.8
0.2545846953480615,1.1355652860849823,AC,11.9
0.25851346005142606,1.1451078515142679,AC,12
0.26247674506586405,1.1546504169435534,AC,12.1
0.26647468508352423,1.1641929823728392,AC,12.200000000000001
0.27050741079302876,1.1737355478021245,AC,12.3
0.2745750487245311,1.18327811323141,AC,12.4
0.2786777210909548,1.1928206786606956,AC,12.5
0.28281554562533073,1.2023632440899814,AC,12.600000000000001
0.2869886354141462,1.211905809519267,AC,12.700000000000001
0.2911970987266308,1.2214483749485525,AC,12.8
0.2954410388398807,1.230990940377838,AC,12.9
0.2997205538597463,1.2405335058071234,AC,13
0.30403573653738225,1.2500760712364092,AC,13.100000000000001
0.3083866740813834,1.2596186366656947,AC,13.200000000000001
0.3127734479653952,1.2691612020949803,AC,13.3
0.31719613373112376,1.2787037675242658,AC,13.4
0.32165480078663067,1.2882463329535514,AC,13.5
0.32614951219983257,1.297788898382837,AC,13.600000000000001
0.3306803244870875,1.3073314638121225,AC,13.700000000000001
0.3352472873967791,1.316874029241408,AC,13.8
0.33985044368779005,1.3264165946706936,AC,13.9
0.34448982890275426,1.3359591600999792,AC,14
0.34916547113598817,1.345501725529265,AC,14.100000000000001
0.35387739079598357,1.3550442909585505,AC,14.200000000000001
0.35862560036235314,1.3645868563878358,AC,14.3
0.36341010413711516,1.3741294218171214,AC,14.4
0.3682308979901936,1.383671987246407,AC,14.5
0.37308796909902475,1.3932145526756927,AC,14.600000000000001
0.37798129568214156,1.4027571181049783,AC,14.700000000000001
0.38291084672661313,1.4122996835342638,AC,14.8
0.387876581709218,1.4218422489635494,AC,14.9
0.3928784503112117,1.431384814392835,AC,15
0.39791639212657537,1.4409273798221205,AC,15.100000000000001
0.4029903363635914,1.450469945251406,AC,15.200000000000001
0.408100201539626,1.4600125106806916,AC,15.3
0.4132458951689717,1.4695550761099772,AC,15.4
0.4184273134436123,1.4790976415392627,AC,15.5
0.4236443409067594,1.4886402069685483,AC,15.600000000000001
0.42889685011902423,1.4981827723978338,AC,15.700000000000001
0.43418470131707254,1.5077253378271194,AC,15.8
0.439507742064595,1.517267903256405,AC,15.9
0.4448658068954603,1.5268104686856905,AC,16
0.4502587169488823,1.5363530341149763,AC,16.1
0.4556862795964318,1.5458955995442618,AC,16.200000000000003
0.46114828806074026,1.5554381649735471,AC,16.3
0.46664452102572707,1.5649807304028327,AC,16.4
0.4721747422381717,1.5745232958321183,AC,16.5
0.4777387001004554,1.584065861261404,AC,16.6
0.4833361272543204,1.5936084266906898,AC,16.700000000000003
0.48896674015542096,1.6031509921199751,AC,16.8
0.4946302386385204,1.6126935575492605,AC,16.9
0.5003263054731404,1.622236122978546,AC,17
0.5060546059094433,1.6317786884078318,AC,17.1
0.5118147872141896,1.6413212538371176,AC,17.200000000000003
0.5176064781965497,1.650863819266403,AC,17.3
0.5234292887235799,1.6604063846956882,AC,17.4
0.5292828092251298,1.669948950124974,AC,17.5
0.5351666101880199,1.6794915155542596,AC,17.6
0.5410802416392184,1.6890340809835453,AC,17.700000000000003
0.5470232326178532,1.6985766464128307,AC,17.8
0.5529950906357826,1.708119211842116,AC,17.9
0.5589953011265503,1.7176617772714018,AC,18
0.5650233268824572,1.7272043427006876,AC,18.1
0.5710786074795307,1.7367469081299731,AC,18.200000000000003
0.5771605586901489,1.7462894735592585,AC,18.3
0.5832685718830692,1.755832038988544,AC,18.4
0.5894020134106395,1.7653746044178296,AC,18.5
0.595560223982889,1.7749171698471153,AC,18.6
0.6017425180282854,1.7844597352764011,AC,18.700000000000003
0.607948183040889,1.7940023007056864,AC,18.8
0.614176478913611,1.8035448661349718,AC,18.9
0.6204266372573186,1.8130874315642576,AC,19
0.6266978607055198,1.8226299969935431,AC,19.1
0.6329893222043359,1.8321725624228284,AC,19.2
0.6393001642874463,1.8417151278521142,AC,19.3
0.6456294983357749,1.8512576932814,AC,19.400000000000002
0.6519764038215432,1.8608002587106853,AC,19.5
0.6583399275364514,1.8703428241399709,AC,19.6
0.6647190828036282,1.8798853895692564,AC,19.7
0.6711128486730611,1.889427954998542,AC,19.8
0.6775201691001742,1.8989705204278278,AC,19.900000000000002
0.6839399521072274,1.908513085857113,AC,20
0.6903710689271989,1.9180556512863989,AC,20.1
0.6968123531298138,1.9275982167156842,AC,20.2
0.703262599729376,1.9371407821449698,AC,20.3
0.7097205642740358,1.9466833475742555,AC,20.400000000000002
0.716184961916146,1.9562259130035409,AC,20.5
0.7226544664633381,1.9657684784328266,AC,20.6
0.729127709409938,1.975311043862112,AC,20.7
0.7356032789483384,1.9848536092913978,AC,20.8
0.742079718959963,1.9943961747206833,AC,20.900000000000002
0.748555527985399,2.0039387401499686,AC,21
0.7550291581732997,2.0134813055792544,AC,21.1
0.761499014207673,2.0230238710085398,AC,21.2
0.7679634522131149,2.0325664364378255,AC,21.3
0.7744207786375483,2.0421090018671113,AC,21.400000000000002
0.7808692491120892,2.0516515672963966,AC,21.5
0.7873070672875313,2.0611941327256824,AC,21.6
0.7937323836470656,2.0707366981549677,AC,21.7
0.8001432942947044,2.0802792635842535,AC,21.8
0.806537839719021,2.089821829013539,AC,21.900000000000002
0.8129140035316764,2.0993643944428246,AC,22
0.8192697111802705,2.10890695987211,AC,22.1
0.8256028286350192,2.1184495253013957,AC,22.200000000000003
0.83191116104876,2.127992090730681,AC,22.3
0.8381924513897827,2.137534656159967,AC,22.400000000000002
0.8444443790469469,2.147077221589252,AC,22.5
0.8506645584065637,2.156619787018538,AC,22.6
0.8568505374005246,2.1661623524478237,AC,22.700000000000003
0.8629997960250977,2.175704917877109,AC,22.8
0.8691097448298359,2.185247483306395,AC,22.900000000000002
0.875177723376038,2.19479004873568,AC,23
0.8812009986642106,2.204332614164966,AC,23.1
0.8871767635298573,2.2138751795942513,AC,23.200000000000003
0.8931021350070818,2.2234177450235366,AC,23.3
0.8989741526593544,2.2329603104528224,AC,23.400000000000002
0.9047897768768118,2.2425028758821077,AC,23.5
0.9105458871394516,2.2520454413113935,AC,23.6
0.9162392802456099,2.2615880067406793,AC,23.700000000000003
0.9218666685050385,2.2711305721699646,AC,23.8
0.9274246778958712,2.2806731375992504,AC,23.900000000000002
0.9329098461848959,2.2902157030285357,AC,24
0.9383186210103442,2.2997582684578215,AC,24.1
0.9436473579265154,2.3093008338871073,AC,24.200000000000003
0.9488923184095439,2.3188433993163926,AC,24.3
0.9540496678235488,2.3283859647456784,AC,24.400000000000002
0.9591154733464116,2.3379285301749637,AC,24.5
0.9640857018544366,2.347471095604249,AC,24.6
0.9689562177651228,2.357013661033535,AC,24.700000000000003
0.9737227808372149,2.36655622646282,AC,24.8
0.9783810439273362,2.376098791892106,AC,24.900000000000002
0.9829265507022127,2.3856413573213913,AC,25
0.9873547333058292,2.395183922750677,AC,25.1
0.9916609099805509,2.404726488179963,AC,25.200000000000003
0.9958402826414172,2.414269053609248,AC,25.3
0.9998879344026896,2.423811619038534,AC,25.400000000000002
1.0037988270557374,2.4333541844678193,AC,25.5
1.0075677984974227,2.442896749897105,AC,25.6
1.0111895601079883,2.452439315326391,AC,25.700000000000003
1.0146586940775215,2.461981880755676,AC,25.8
1.0179696506800493,2.4715244461849615,AC,25.900000000000002
1.0211167454942665,2.481067011614247,AC,26
1.0240941565698876,2.4906095770435326,AC,26.1
1.0268959215386442,2.5001521424728184,AC,26.200000000000003
1.029515934668872,2.5096947079021037,AC,26.3
1.0319479438625834,2.5192372733313895,AC,26.400000000000002
1.0341855475940651,2.528779838760675,AC,26.5
1.03622219178882,2.5383224041899606,AC,26.6
1.0380511666417576,2.5478649696192464,AC,26.700000000000003
1.0396656033735105,2.5574075350485317,AC,26.8
1.0410584709237352,2.5669501004778175,AC,26.900000000000002
1.0422225725802363,2.576492665907103,AC,27
1.0431505425426177,2.5860352313363886,AC,27.1
1.0438348424194253,2.595577796765674,AC,27.200000000000003
1.0442677576573676,2.6051203621949592,AC,27.3
1.0444413939014563,2.614662927624245,AC,27.400000000000002
1.0443476732847543,2.6242054930535303,AC,27.5
1.0439783306464,2.633748058482816,AC,27.6
1.0433249096766701,2.643290623912102,AC,27.700000000000003
1.0423787589875708,2.6528331893413872,AC,27.8
1.0411310281077437,2.662375754770673,AC,27.900000000000002
1.0395726634001612,2.6719183201999583,AC,28
1.0376944039012486,2.681460885629244,AC,28.1
1.0354867770799654,2.69100345105853,AC,28.200000000000003
1.0329400945153608,2.7005460164878152,AC,28.3
1.0300444474910666,2.710088581917101,AC,28.400000000000002
1.0267897025052637,2.7196311473463863,AC,28.5
1.0231654966944976,2.7291737127756717,AC,28.6
1.019161233169772,2.7387162782049574,AC,28.700000000000003
1.0147660762633155,2.7482588436342428,AC,28.8
1.009968946684367,2.7578014090635286,AC,28.900000000000002
1.0047585165822763,2.767343974492814,AC,29
0.9991232045152714,2.7768865399220997,AC,29.1
0.9930511703230831,2.7864291053513854,AC,29.200000000000003
0.9865303099017169,2.7959716707806708,AC,29.3
0.9795482498785617,2.8055142362099565,AC,29.400000000000002
0.9720923421859453,2.815056801639242,AC,29.5
0.9641496585313014,2.8245993670685277,AC,29.6
0.9557069847622337,2.8341419324978134,AC,29.700000000000003
0.9467508151241297,2.8436844979270988,AC,29.8
0.9372673464086638,2.853227063356384,AC,29.900000000000002
0.9272424719913204,2.86276962878567,AC,30
0.9166617757554292,2.872312194214955,AC,30.1
0.905510525901061,2.881854759644241,AC,30.200000000000003
0.8937736686364772,2.8913973250735263,AC,30.3
0.8814358217500349,2.900939890502812,AC,30.400000000000002
0.868481268060318,2.9104824559320974,AC,30.5
0.8548939487423368,2.920025021361383,AC,30.6
0.8406574565274525,2.929567586790669,AC,30.700000000000003
0.8257550287747506,2.9391101522199543,AC,30.8
0.8101695404116178,2.94865271764924,AC,30.900000000000002
0.7938834967407544,2.9581952830785254,AC,31
0.7768790261118923,2.967737848507811,AC,31.1
0.7591378724548754,2.9772804139370965,AC,31.200000000000003
0.7406413876722624,2.986822979366382,AC,31.3
0.7213705238886163,2.9963655447956676,AC,31.400000000000002
0.7013058255539129,3.005908110224953,AC,31.5
0.6804274213981678,3.0154506756542387,AC,31.6
0.6587150162350959,3.0249932410835245,AC,31.700000000000003
0.6361478826116773,3.03453580651281,AC,31.8
0.6127048523006131,3.0440783719420956,AC,31.900000000000002
0.5883643076335368,3.053620937371381,AC,32
0.5631041726713519,3.0631635028006667,AC,32.1
0.5369019042090919,3.0727060682299525,AC,32.2
0.5097344826123198,3.0822486336592374,AC,32.3
0.4815784024816949,3.0917911990885236,AC,32.400000000000006
0.4524096631432215,3.101333764517809,AC,32.5
0.4222037589601193,3.1108763299470943,AC,32.6
0.3909356694638717,3.12041889537638,AC,32.7
0.35857984930083475,3.1299614608056654,AC,32.8
0.3251102179909857,3.1395040262349516,AC,32.900000000000006
0.2905001494956245,3.1490465916642365,AC,33
0.2547224615902799,3.1585891570935223,AC,33.1
0.21774940503985363,3.168131722522808,AC,33.2
0.17955265257149833,3.177674287952093,AC,33.3
0.14010328764253188,3.1872168533813796,AC,33.400000000000006
0.09937179299909715,3.1967594188106645,AC,33.5
0.05732803902196437,3.2063019842399503,AC,33.6
0.013941271855497206,3.215844549669236,AC,33.7
-0.03081989868379864,3.225387115098521,AC,33.8
-0.07698751142346794,3.234929680527807,AC,33.900000000000006
-0.12459426638016424,3.244472245957092,AC,34
-0.17367353753719073,3.254014811386378,AC,34.1
-0.2242593858593125,3.2635573768156636,AC,34.2
-0.27638657254881593,3.2730999422449485,AC,34.3
-0.33009057254697183,3.282642507674235,AC,34.400000000000006
-0.3854075882860286,3.29218507310352,AC,34.5
-0.44237456369519634,3.301727638532806,AC,34.6
-0.5010291984664264,3.3112702039620916,AC,34.7
-0.5614099625834612,3.3208127693913765,AC,34.8
-0.6235561111198962,3.3303553348206627,AC,34.900000000000006
-0.6875076993102667,3.339897900249948,AC,35
-0.7533055978997325,3.349440465679234,AC,35.1
-0.820991508777027,3.358983031108519,AC,35.2
-0.8906079808958083,3.368525596537805,AC,35.300000000000004
-0.9621984264895005,3.3780681619670903,AC,35.4
-1.0358071375854436,3.3876107273963756,AC,35.5
-1.1114793028226302,3.3971532928256614,AC,35.6
-1.189261024579757,3.406695858254947,AC,35.7
-1.2691993364181968,3.416238423684233,AC,35.800000000000004
-1.3513422208460213,3.425780989113518,AC,35.9
-1.4357386274087176,3.4353235545428036,AC,36
-1.5224384911123323,3.4448661199720894,AC,36.1
-1.6114927511852741,3.454408685401375,AC,36.2
-1.7029533701845097,3.4639512508306605,AC,36.300000000000004
-1.7968733534526322,3.473493816259946,AC,36.4
-1.8933067689318577,3.4830363816892316,AC,36.5
-1.9923087673414202,3.492578947118517,AC,36.6
-2.0939356027250753,3.5021215125478027,AC,36.7
-2.1982446533746014,3.5116640779770885,AC,36.800000000000004
-2.3052944431372566,3.5212066434063733,AC,36.9
-2.4151446631128337,3.530749208835659,AC,37
-2.527856193747972,3.540291774264945,AC,37.1
-2.643491127334549,3.5498343396942307,AC,37.2
-2.7621127909197867,3.5593769051235165,AC,37.300000000000004
-2.883785769634578,3.5689194705528013,AC,37.4
-3.008575930448245,3.578462035982087,AC,37.5
-3.1365504463574467,3.588004601411373,AC,37.6
-3.2677778210161676,3.5975471668406587,AC,37.7
-3.4023279138152844,3.607089732269944,AC,37.800000000000004
-3.5402719654196346,3.6166322976992293,AC,37.9
-3.6816826237708113,3.626174863128515,AC,38
-3.826633970563414,3.6357174285578004,AC,38.1
-3.975201548203934,3.6452599939870862,AC,38.2
-4.127462387260728,3.654802559416372,AC,38.300000000000004
-4.283495034413193,3.664345124845657,AC,38.4
-4.443379580909998,3.6738876902749427,AC,38.5
-4.607197691544322,3.6834302557042284,AC,38.6
-4.775032634156446,3.692972821133514,AC,38.7
-4.946969309672184,3.7025153865628,AC,38.800000000000004
-5.123094282687163,3.712057951992085,AC,38.9
-5.303495812606272,3.7216005174213707,AC,39
-5.4882638853489,3.7311430828506564,AC,39.1
-5.677490245628761,3.7406856482799418,AC,39.2
-5.871268429819736,3.7502282137092275,AC,39.300000000000004
-6.069693799417479,3.759770779138513,AC,39.4
-6.2728635751075785,3.769313344567798,AC,39.5
-6.4808768714504765,3.778855909997084,AC,39.6
-6.693834732195782,3.7883984754263698,AC,39.7
-6.911840166234299,3.7979410408556555,AC,39.800000000000004
-7.134998184201933,3.8074836062849404,AC,39.9
-7.363415835745428,3.817026171714226,AC,40
-7.597202247461723,3.826568737143512,AC,40.1
-7.836468661523654,3.8361113025727978,AC,40.2
-8.081328475003247,3.845653868002083,AC,40.300000000000004
-8.331897279905718,3.8551964334313684,AC,40.4
-8.588292903926003,3.864738998860654,AC,40.5
-8.850635451941486,3.8742815642899395,AC,40.6
-9.119047348252948,3.8838241297192253,AC,40.7
-9.393653379587803,3.893366695148511,AC,40.800000000000004
-9.67458073887883,3.902909260577796,AC,40.9
-9.961959069831735,3.9124518260070817,AC,41
-10.255920512296086,3.9219943914363675,AC,41.1
-10.556599748453351,3.9315369568656533,AC,41.2
-10.86413404983685,3.941079522294939,AC,41.300000000000004
-11.178663325197675,3.950622087724225,AC,41.400000000000006
-11.500330169232413,3.9601646531535097,AC,41.5
-11.829279912187431,3.9697072185827955,AC,41.6
-12.165660670354441,3.9792497840120813,AC,41.7
-12.509623397474272,3.9887923494413666,AC,41.800000000000004
-12.861321937064844,3.9983349148706524,AC,41.900000000000006
-13.220913075688188,4.007877480299937,AC,42
0.053209943282368055,0.19934695828686974,CH,3
0.05686230933178271,0.20599185689643207,CH,3.1
0.06054354564454867,0.2126367555059944,CH,3.2
0.06425381408796871,0.2192816541155567,CH,3.3
0.06799327613343542,0.22592655272511902,CH,3.4
0.07176209282129131,0.23257145133468138,CH,3.5
0.07556042472486457,0.2392163499442437,CH,3.6
0.07938843191366318,0.24586124855380603,CH,3.7
0.08324627391571193,0.25250614716336833,CH,3.8
0.08713410967901569,0.25915104577293063,CH,3.9
0.09105209753213561,0.265795944382493,CH,4
0.0950003951438575,0.2724408429920553,CH,4.1
0.09897915948193858,0.27908574160161764,CH,4.2
0.10298854677091596,0.28573064021117994,CH,4.3
0.10702871244895673,0.2923755388207423,CH,4.4
0.11109981112373501,0.2990204374303046,CH,4.5
0.11520199652731566,0.3056653360398669,CH,4.6
0.11933542147002907,0.31231023464942925,CH,4.7
0.12350023779331532,0.31895513325899155,CH,4.8
0.12769659632152197,0.3256000318685539,CH,4.9
0.13192464681263416,0.3322449304781162,CH,5
0.13618453790791885,0.33888982908767856,CH,5.1
0.14047641708046243,0.3455347276972409,CH,5.2
0.14480043058258252,0.3521796263068033,CH,5.300000000000001
0.14915672339209252,0.3588245249163656,CH,5.4
0.1535454391573996,0.36546942352592787,CH,5.5
0.15796672014141389,0.37211432213549017,CH,5.6
0.16242070716424584,0.3787592207450525,CH,5.7
0.16690753954467386,0.3854041193546149,CH,5.800000000000001
0.1714273550403571,0.3920490179641772,CH,5.9
0.17598028978677016,0.3986939165737395,CH,6
0.1805664782348405,0.4053388151833018,CH,6.1
0.18518605308726066,0.41198371379286414,CH,6.2
0.18983914523345424,0.4186286124024265,CH,6.300000000000001
0.19452588368317147,0.4252735110119888,CH,6.4
0.1992463954986895,0.4319184096215511,CH,6.5
0.2040008057255911,0.4385633082311134,CH,6.6
0.20878923732209875,0.44520820684067575,CH,6.7
0.21361181108693672,0.4518531054502381,CH,6.800000000000001
0.21846864558569623,0.4584980040598004,CH,6.9
0.22335985707567507,0.46514290266936276,CH,7
0.22828555942916728,0.4717878012789251,CH,7.1000000000000005
0.233245864055173,0.4784326998884874,CH,7.2
0.23824087981950115,0.4850775984980497,CH,7.3
0.2432707129632391,0.49172249710761207,CH,7.4
0.24833546701955522,0.49836739571717437,CH,7.5
0.25343524272881035,0.5050122943267367,CH,7.6000000000000005
0.2585701379519446,0.511657192936299,CH,7.7
0.263740247582111,0.5183020915458614,CH,7.800000000000001
0.2689456634545243,0.5249469901554237,CH,7.9
0.2741864742544947,0.531591888764986,CH,8
0.27946276542361304,0.5382367873745484,CH,8.100000000000001
0.28477461906405577,0.5448816859841106,CH,8.2
0.29012211384097863,0.551526584593673,CH,8.3
0.295505324882961,0.5581714832032353,CH,8.4
0.30092432368047306,0.5648163818127976,CH,8.5
0.3063791779823253,0.57146128042236,CH,8.600000000000001
0.31186995169006826,0.5781061790319222,CH,8.7
0.3173967047503097,0.5847510776414846,CH,8.8
0.32295949304490434,0.5913959762510469,CH,8.9
0.32855836827898854,0.5980408748606092,CH,9
0.3341933778668178,0.6046857734701716,CH,9.100000000000001
0.33986456481536953,0.6113306720797338,CH,9.2
0.34557196760567077,0.6179755706892962,CH,9.3
0.3513156200718175,0.6246204692988585,CH,9.4
0.3570955512776365,0.6312653679084208,CH,9.5
0.3629117853909596,0.6379102665179832,CH,9.600000000000001
0.3687643415554568,0.6445551651275454,CH,9.7
0.37465323376000015,0.6512000637371078,CH,9.8
0.38057847070550255,0.6578449623466701,CH,9.9
0.3865400556691987,0.6644898609562324,CH,10
0.39253798636631665,0.6711347595657949,CH,10.100000000000001
0.39857225480909886,0.6777796581753571,CH,10.2
0.40464284716313004,0.6844245567849195,CH,10.3
0.41074974360091554,0.6910694553944818,CH,10.4
0.41689291815267626,0.6977143540040441,CH,10.5
0.42307233855430315,0.7043592526136065,CH,10.600000000000001
0.42928796609242537,0.7110041512231687,CH,10.7
0.43553975544654633,0.7176490498327311,CH,10.8
0.44182765452818806,0.7242939484422934,CH,10.9
0.4481516043170093,0.7309388470518557,CH,11
0.4545115386938241,0.737583745661418,CH,11.1
0.46090738427049005,0.7442286442709805,CH,11.200000000000001
0.467339060216597,0.7508735428805428,CH,11.3
0.473806478082909,0.757518441490105,CH,11.4
0.48030954162150463,0.7641633400996674,CH,11.5
0.48684814660255604,0.7708082387092297,CH,11.6
0.4934221806276944,0.7774531373187921,CH,11.700000000000001
0.500031522939897,0.7840980359283544,CH,11.8
0.506676044229849,0.7907429345379167,CH,11.9
0.5133556064387064,0.797387833147479,CH,12
0.5200700625572074,0.8040327317570413,CH,12.1
0.5268192564210743,0.8106776303666037,CH,12.200000000000001
0.5336030225026283,0.817322528976166,CH,12.3
0.5404211856985761,0.8239674275857283,CH,12.4
0.5472735611138793,0.8306123261952906,CH,12.5
0.5541599538416597,0.837257224804853,CH,12.600000000000001
0.5610801587390661,0.8439021234144153,CH,12.700000000000001
0.5680339601990319,0.8505470220239776,CH,12.8
0.5750211319178626,0.8571919206335399,CH,12.9
0.5820414366585769,0.8638368192431022,CH,13
0.5890946260099317,0.8704817178526646,CH,13.100000000000001
0.5961804401410595,0.8771266164622269,CH,13.200000000000001
0.6032986075516462,0.8837715150717892,CH,13.3
0.6104488448175716,0.8904164136813515,CH,13.4
0.6176308563319381,0.8970613122909138,CH,13.5
0.624844334041414,0.9037062109004762,CH,13.600000000000001
0.6320889571778037,0.9103511095100385,CH,13.700000000000001
0.6393643919847809,0.9169960081196008,CH,13.8
0.6466702914396882,0.9236409067291631,CH,13.9
0.6540062949703274,0.9302858053387255,CH,14
0.6613720281666653,0.9369307039482879,CH,14.100000000000001
0.6687671024873538,0.9435756025578502,CH,14.200000000000001
0.6761911149609929,0.9502205011674125,CH,14.3
0.6836436478820431,0.9568653997769748,CH,14.4
0.6911242685012979,0.9635102983865371,CH,14.5
0.6986325287108281,0.9701551969960995,CH,14.600000000000001
0.7061679647233041,0.9768000956056618,CH,14.700000000000001
0.7137300967456102,0.9834449942152241,CH,14.8
0.7213184286466439,0.9900898928247864,CH,14.9
0.7289324476192158,0.9967347914343487,CH,15
0.7365716238359485,1.0033796900439111,CH,15.100000000000001
0.7442354100990738,1.0100245886534733,CH,15.200000000000001
0.7519232414840269,1.0166694872630357,CH,15.3
0.7596345349767399,1.023314385872598,CH,15.4
0.767368689104531,1.0299592844821603,CH,15.5
0.7751250835604755,1.0366041830917228,CH,15.600000000000001
0.782903078821158,1.043249081701285,CH,15.700000000000001
0.7907020157577012,1.0498939803108474,CH,15.8
0.7985212152399515,1.0565388789204095,CH,15.9
0.8063599777337103,1.063183777529972,CH,16
0.8142175828909095,1.0698286761395344,CH,16.1
0.8220932891325954,1.0764735747490968,CH,16.200000000000003
0.8299863332246158,1.083118473358659,CH,16.3
0.8378959298458974,1.0897633719682212,CH,16.4
0.8458212711491704,1.0964082705777836,CH,16.5
0.8537615263140355,1.103053169187346,CH,16.6
0.861715841092245,1.1096980677969084,CH,16.700000000000003
0.8696833373450619,1.1163429664064706,CH,16.8
0.8776631125725796,1.1229878650160328,CH,16.9
0.8856542394348563,1.1296327636255952,CH,17
0.8936557652647528,1.1362776622351576,CH,17.1
0.901666711572308,1.14292256084472,CH,17.200000000000003
0.9096860735405468,1.1495674594542822,CH,17.3
0.917712819512553,1.1562123580638444,CH,17.4
0.9257458904696858,1.1628572566734068,CH,17.5
0.9337841995007812,1.1695021552829692,CH,17.6
0.9418266312622003,1.1761470538925316,CH,17.700000000000003
0.9498720414285717,1.1827919525020938,CH,17.8
0.957919256134081,1.189436851111656,CH,17.9
0.9659670714041495,1.1960817497212184,CH,18
0.9740142525773425,1.2027266483307808,CH,18.1
0.9820595337173672,1.2093715469403432,CH,18.200000000000003
0.9901016170149723,1.2160164455499054,CH,18.3
0.9981391721796071,1.2226613441594676,CH,18.4
1.006170835820668,1.22930624276903,CH,18.5
1.0141952108181596,1.2359511413785924,CH,18.6
1.0222108656826039,1.2425960399881548,CH,18.700000000000003
1.0302163339040218,1.249240938597717,CH,18.8
1.038210113289816,1.2558858372072792,CH,18.9
1.046190665291359,1.2625307358168416,CH,19
1.0541564143191349,1.269175634426404,CH,19.1
1.0621057470462056,1.2758205330359662,CH,19.2
1.0700370116998705,1.2824654316455286,CH,19.3
1.0779485173412655,1.289110330255091,CH,19.400000000000002
1.0858385331327676,1.2957552288646532,CH,19.5
1.093705287592956,1.3024001274742156,CH,19.6
1.10154696783898,1.3090450260837778,CH,19.7
1.1093617188160754,1.3156899246933402,CH,19.8
1.1171476425140825,1.3223348233029029,CH,19.900000000000002
1.1249027971706966,1.3289797219124648,CH,20
1.1326251964613046,1.3356246205220275,CH,20.1
1.140312808675111,1.3422695191315897,CH,20.2
1.147963555877423,1.348914417741152,CH,20.3
1.155575313057796,1.3555593163507145,CH,20.400000000000002
1.163145907263854,1.3622042149602767,CH,20.5
1.1706731167205566,1.368849113569839,CH,20.6
1.1781546699346488,1.3754940121794013,CH,20.7
1.185588244784101,1.3821389107889637,CH,20.8
1.1929714675922414,1.388783809398526,CH,20.900000000000002
1.200301912186407,1.3954287080080883,CH,21
1.2075770989407975,1.4020736066176507,CH,21.1
1.2147944938033257,1.4087185052272129,CH,21.2
1.221951507306183,1.4153634038367753,CH,21.3
1.2290454935598811,1.4220083024463377,CH,21.400000000000002
1.2360737492304787,1.4286532010558999,CH,21.5
1.2430335124997645,1.4352980996654623,CH,21.6
1.2499219620080684,1.4419429982750245,CH,21.7
1.2567362157794948,1.448587896884587,CH,21.8
1.2634733301292251,1.4552327954941493,CH,21.900000000000002
1.2701302985526572,1.4618776941037115,CH,22
1.2767040505960812,1.468522592713274,CH,22.1
1.2831914507085593,1.4751674913228363,CH,22.200000000000003
1.289589297074785,1.4818123899323985,CH,22.3
1.2958943204285354,1.488457288541961,CH,22.400000000000002
1.3021031828464773,1.495102187151523,CH,22.5
1.3082124765219723,1.5017470857610855,CH,22.6
1.3142187225185853,1.508391984370648,CH,22.700000000000003
1.3201183695029512,1.51503688298021,CH,22.8
1.325907792456718,1.5216817815897725,CH,22.900000000000002
1.3315832913671617,1.5283266801993347,CH,23
1.3371410898962184,1.5349715788088971,CH,23.1
1.342577334027521,1.5416164774184595,CH,23.200000000000003
1.3478880906911281,1.5482613760280217,CH,23.3
1.3530693463656003,1.5549062746375841,CH,23.400000000000002
1.358117005657018,1.5615511732471463,CH,23.5
1.3630268898546474,1.5681960718567087,CH,23.6
1.3677947354628004,1.5748409704662711,CH,23.700000000000003
1.3724161927086027,1.5814858690758333,CH,23.8
1.3768868240251981,1.5881307676853957,CH,23.900000000000002
1.381202102510092,1.594775666294958,CH,24
1.3853574103581447,1.6014205649045203,CH,24.1
1.3893480372689218,1.6080654635140827,CH,24.200000000000003
1.39316917882788,1.614710362123645,CH,24.3
1.39681593486109,1.6213552607332073,CH,24.400000000000002
1.4002833077629786,1.6280001593427695,CH,24.5
1.403566200796753,1.634645057952332,CH,24.6
1.4066594163669963,1.6412899565618944,CH,24.700000000000003
1.4095576542640513,1.6479348551714565,CH,24.8
1.4122555098797411,1.654579753781019,CH,24.900000000000002
1.4147474723939357,1.6612246523905811,CH,25
1.4170279229315694,1.6678695510001436,CH,25.1
1.4190911326895685,1.674514449609706,CH,25.200000000000003
1.4209312610333047,1.6811593482192682,CH,25.3
1.422542353562,1.6878042468288306,CH,25.400000000000002
1.4239183401426798,1.6944491454383928,CH,25.5
1.4250530329121105,1.7010940440479552,CH,25.6
1.4259401242462806,1.7077389426575176,CH,25.700000000000003
1.4265731846968572,1.7143838412670798,CH,25.8
1.426945660894157,1.7210287398766422,CH,25.900000000000002
1.4270508734160439,1.7276736384862044,CH,26
1.4268820146222838,1.7343185370957668,CH,26.1
1.4264321464537648,1.7409634357053292,CH,26.200000000000003
1.4256941981960436,1.7476083343148914,CH,26.3
1.4246609642066952,1.7542532329244538,CH,26.400000000000002
1.4233251016058261,1.760898131534016,CH,26.5
1.42167912792927,1.7675430301435784,CH,26.6
1.4197154187437695,1.7741879287531408,CH,26.700000000000003
1.4174262052236664,1.780832827362703,CH,26.8
1.4148035716883864,1.7874777259722654,CH,26.900000000000002
1.4118394531002076,1.7941226245818276,CH,27
1.4085256325216031,1.80076752319139,CH,27.1
1.404853738531597,1.8074124218009524,CH,27.200000000000003
1.400815242600424,1.8140573204105146,CH,27.3
1.3964014564219323,1.820702219020077,CH,27.400000000000002
1.3916035292029623,1.8273471176296392,CH,27.5
1.3864124449091157,1.8339920162392016,CH,27.6
1.3808190194662018,1.8406369148487642,CH,27.700000000000003
1.3748138979166393,1.8472818134583262,CH,27.8
1.3683875515301844,1.8539267120678888,CH,27.900000000000002
1.361530274868195,1.860571610677451,CH,28
1.3542321828007848,1.8672165092870134,CH,28.1
1.3464832074760071,1.8738614078965758,CH,28.200000000000003
1.3382730952405169,1.880506306506138,CH,28.3
1.329591403510726,1.8871512051157004,CH,28.400000000000002
1.3204274975939043,1.8937961037252626,CH,28.5
1.3107705474582518,1.900441002334825,CH,28.6
1.3006095244512883,1.9070859009443875,CH,28.700000000000003
1.2899331979656807,1.9137307995539496,CH,28.8
1.2787301320517184,1.920375698163512,CH,28.900000000000002
1.2669886819756186,1.9270205967730742,CH,29
1.2546969907227732,1.9336654953826367,CH,29.1
1.2418429854451345,1.940310393992199,CH,29.200000000000003
1.228414373851832,1.9469552926017613,CH,29.3
1.2143986405421714,1.9536001912113237,CH,29.400000000000002
1.1997830432800853,1.9602450898208859,CH,29.5
1.1845546092092043,1.9668899884304483,CH,29.6
1.1687001310074443,1.9735348870400107,CH,29.700000000000003
1.1522061629804536,1.9801797856495729,CH,29.8
1.1350590170926633,1.9868246842591353,CH,29.900000000000002
1.1172447589352643,1.9934695828686975,CH,30
1.0987492036298754,2.00011448147826,CH,30.1
1.0795579116670915,2.0067593800878223,CH,30.200000000000003
1.0596561846788237,2.0134042786973843,CH,30.3
1.0390290611433617,2.0200491773069467,CH,30.400000000000002
1.0176613120222786,2.026694075916509,CH,30.5
0.9955374363279184,2.0333389745260715,CH,30.6
0.972641656620528,2.039983873135634,CH,30.700000000000003
0.9489579144338993,2.046628771745196,CH,30.8
0.9244698656284225,2.0532736703547583,CH,30.900000000000002
0.8991608756704235,2.0599185689643207,CH,31
0.8730140148366932,2.066563467573883,CH,31.1
0.8460120533428945,2.0732083661834455,CH,31.200000000000003
0.8181374563949202,2.0798532647930075,CH,31.3
0.7893723791617564,2.08649816340257,CH,31.400000000000002
0.7596986616688604,2.0931430620121323,CH,31.5
0.7290978236106422,2.0997879606216947,CH,31.6
0.6975510590809275,2.106432859231257,CH,31.700000000000003
0.6650392312200566,2.113077757840819,CH,31.8
0.631542866777357,2.119722656450382,CH,31.900000000000002
0.5970421505878036,2.126367555059944,CH,32
0.5615169199612176,2.1330124536695063,CH,32.1
0.524946658983092,2.1396573522790687,CH,32.2
0.4873104927252996,2.1463022508886307,CH,32.3
0.44858718136553577,2.1529471494981935,CH,32.400000000000006
0.4087551142139656,2.1595920481077555,CH,32.5
0.3677923036457287,2.166236946717318,CH,32.6
0.3256763789377217,2.1728818453268803,CH,32.7
0.2823845800083866,2.1795267439364423,CH,32.8
0.23789375105879884,2.186171642546005,CH,32.900000000000006
0.19218033411369895,2.192816541155567,CH,33
0.14522036246078862,2.1994614397651295,CH,33.1
0.09698945398690206,2.206106338374692,CH,33.2
0.04746280440925865,2.212751236984254,CH,33.3
-0.0033848195996686314,2.2193961355938168,CH,33.400000000000006
-0.05557908739531747,2.2260410342033787,CH,33.5
-0.10914611145400066,2.232685932812941,CH,33.6
-0.16411245457720014,2.2393308314225036,CH,33.7
-0.22050513720906295,2.2459757300320655,CH,33.8
-0.27835164486870667,2.2526206286416284,CH,33.900000000000006
-0.3376799356991693,2.2592655272511903,CH,34
-0.39851844813476056,2.2659104258607528,CH,34.1
-0.4608961086887362,2.272555324470315,CH,34.2
-0.524842339862877,2.279200223079877,CH,34.3
-0.5903870681812329,2.28584512168944,CH,34.400000000000006
-0.6575607323495571,2.292490020299002,CH,34.5
-0.7263942915426504,2.2991349189085644,CH,34.6
-0.7969192338213382,2.3057798175181268,CH,34.7
-0.8691675846813034,2.3124247161276887,CH,34.8
-0.9431719157355971,2.3190696147372516,CH,34.900000000000006
-1.018965353532984,2.3257145133468136,CH,35
-1.0965815885142014,2.332359411956376,CH,35.1
-1.1760548841081508,2.3390043105659384,CH,35.2
-1.2574200859703417,2.345649209175501,CH,35.300000000000004
-1.340712631365541,2.3522941077850628,CH,35.4
-1.4259685586971145,2.358939006394625,CH,35.5
-1.513224517184927,2.3655839050041876,CH,35.6
-1.6025177766945369,2.37222880361375,CH,35.7
-1.6938862377195676,2.3788737022233124,CH,35.800000000000004
-1.7873684415199378,2.3855186008328744,CH,35.9
-1.883003580418059,2.392163499442437,CH,36
-1.9808315082556796,2.398808398051999,CH,36.1
-2.080892751013568,2.4054532966615616,CH,36.2
-2.1832285175967634,2.412098195271124,CH,36.300000000000004
-2.287880710787725,2.418743093880686,CH,36.4
-2.394891938370222,2.4253879924902484,CH,36.5
-2.5043055244260763,2.432032891099811,CH,36.6
-2.6161655208080283,2.438677789709373,CH,36.7
-2.730516718790888,2.4453226883189356,CH,36.800000000000004
-2.847404660904008,2.4519675869284976,CH,36.9
-2.966875652947852,2.45861248553806,CH,37
-3.0889767761970184,2.4652573841476224,CH,37.1
-3.2137558997932416,2.471902282757185,CH,37.2
-3.34126169333085,2.4785471813667472,CH,37.300000000000004
-3.4715436396376163,2.485192079976309,CH,37.4
-3.604652047754289,2.4918369785858716,CH,37.5
-3.74063806611521,2.498481877195434,CH,37.6
-3.8795536959339536,2.5051267758049964,CH,37.7
-4.0214518047963885,2.511771674414559,CH,37.800000000000004
-4.166386140464649,2.518416573024121,CH,37.9
-4.314411344895195,2.525061471633683,CH,38
-4.465582968474067,2.5317063702432456,CH,38.1
-4.6199574844730265,2.538351268852808,CH,38.2
-4.777592303729481,2.5449961674623705,CH,38.300000000000004
-4.938545789553906,2.5516410660719324,CH,38.4
-5.102877272868053,2.558285964681495,CH,38.5
-5.270647067577759,2.5649308632910572,CH,38.6
-5.441916486183477,2.5715757619006196,CH,38.7
-5.616747855632514,2.578220660510182,CH,38.800000000000004
-5.795204533416435,2.584865559119744,CH,38.9
-5.977350923917644,2.5915104577293064,CH,39
-6.1632524950085426,2.598155356338869,CH,39.1
-6.35297579490728,2.6048002549484313,CH,39.2
-6.546588469294338,2.6114451535579937,CH,39.300000000000004
-6.744159278693228,2.6180900521675556,CH,39.4
-6.945758116119958,2.624734950777118,CH,39.5
-7.151456025004887,2.6313798493866805,CH,39.6
-7.3613252173915456,2.6380247479962433,CH,39.7
-7.575439092416175,2.6446696466058057,CH,39.800000000000004
-7.793872255072607,2.6513145452153672,CH,39.9
-8.016700535266583,2.6579594438249297,CH,40
-8.244001007164147,2.6646043424344925,CH,40.1
-8.475852008838334,2.671249241044055,CH,40.2
-8.712333162218801,2.6778941396536173,CH,40.300000000000004
-8.953525393348972,2.6845390382631793,CH,40.4
-9.199510952955496,2.6911839368727417,CH,40.5
-9.45037343733457,2.697828835482304,CH,40.6
-9.706197809559857,2.7044737340918665,CH,40.7
-9.967070421017397,2.711118632701429,CH,40.800000000000004
-10.233079033271729,2.717763531310991,CH,40.9
-10.504312840268913,2.7244084299205533,CH,41
-10.780862490880981,2.7310533285301157,CH,41.1
-11.062820111797635,2.737698227139678,CH,41.2
-11.350279330769837,2.7443431257492406,CH,41.300000000000004
-11.643335300211028,2.750988024358803,CH,41.400000000000006
-11.942084721161137,2.757632922968365,CH,41.5
-12.246625867619287,2.7642778215779273,CH,41.6
-12.557058611250156,2.7709227201874898,CH,41.7
-12.873484446470243,2.777567618797052,CH,41.800000000000004
-13.196006515919386,2.7842125174066146,CH,41.900000000000006
-13.524729636323805,2.7908574160161765,CH,42
0.07207949241861561,0.035732461603024485,CS,3
0.07388193070447047,0.036923543656458634,CS,3.1
0.07570203844101625,0.03811462570989278,CS,3.2
0.07753994439372308,0.039305707763326925,CS,3.3
0.07939577726785135,0.04049678981676108,CS,3.4
0.08126966567830296,0.04168787187019523,CS,3.5
0.08316173811858757,0.04287895392362938,CS,3.6
0.0850721229288855,0.04407003597706353,CS,3.7
0.08700094826318866,0.04526111803049768,CS,3.8
0.08894834205549468,0.046452200083931826,CS,3.9
0.09091443198503918,0.047643282137365975,CS,4
0.0928993454405404,0.04883436419080012,CS,4.1
0.09490320948343661,0.05002544624423427,CS,4.2
0.0969261508100932,0.05121652829766842,CS,4.3
0.09896829571295812,0.05240761035110258,CS,4.4
0.10102977004064184,0.05359869240453672,CS,4.5
0.1031106991568978,0.05478977445797087,CS,4.6
0.10521120789848115,0.055980856511405025,CS,4.7
0.10733142053185968,0.05717193856483917,CS,4.8
0.10947146070875324,0.05836302061827332,CS,4.9
0.11163145142047592,0.059554102671707465,CS,5
0.11381151495105513,0.060745184725141614,CS,5.1
0.11601177282910058,0.06193626677857577,CS,5.2
0.11823234577839825,0.06312734883200992,CS,5.300000000000001
0.12047335366720002,0.06431843088544408,CS,5.4
0.12273491545618198,0.06550951293887822,CS,5.5
0.12501714914504158,0.06670059499231236,CS,5.6
0.12732017171770849,0.06789167704574652,CS,5.7
0.12964409908613383,0.06908275909918067,CS,5.800000000000001
0.13198904603263306,0.07027384115261481,CS,5.9
0.13435512615074807,0.07146492320604897,CS,6
0.13674245178459876,0.07265600525948311,CS,6.1
0.1391511339666932,0.07384708731291727,CS,6.2
0.14158128235416056,0.07503816936635142,CS,6.300000000000001
0.14403300516337703,0.07622925141978557,CS,6.4
0.1465064091029492,0.07742033347321971,CS,6.5
0.1490015993050211,0.07861141552665385,CS,6.6
0.15151867925486895,0.079802497580088,CS,6.7
0.1540577507187485,0.08099357963352216,CS,6.800000000000001
0.1566189136699585,0.08218466168695632,CS,6.9
0.1592022662130831,0.08337574374039046,CS,7
0.16180790450637383,0.08456682579382462,CS,7.1000000000000005
0.16443592268223606,0.08575790784725876,CS,7.2
0.16708641276577596,0.0869489899006929,CS,7.3
0.16975946459137214,0.08814007195412706,CS,7.4
0.1724551657172273,0.0893311540075612,CS,7.5
0.17517360133786086,0.09052223606099535,CS,7.6000000000000005
0.17791485419450082,0.09171331811442951,CS,7.7
0.18067900448332685,0.09290440016786367,CS,7.800000000000001
0.18346612976152565,0.09409548222129781,CS,7.9
0.18627630485111268,0.09528656427473195,CS,8
0.18910960174047076,0.09647764632816612,CS,8.100000000000001
0.19196608948356308,0.09766872838160023,CS,8.2
0.19484583409677247,0.0988598104350344,CS,8.3
0.19774889845331545,0.10005089248846855,CS,8.4
0.200675342175185,0.1012419745419027,CS,8.5
0.20362522152257145,0.10243305659533686,CS,8.600000000000001
0.20659858928070596,0.10362413864877099,CS,8.7
0.20959549464408334,0.10481522070220516,CS,8.8
0.21261598309799845,0.1060063027556393,CS,8.9
0.2156600962973546,0.10719738480907344,CS,9
0.21872787194267962,0.10838846686250761,CS,9.100000000000001
0.22181934365329903,0.10957954891594174,CS,9.2
0.2249345408376041,0.1107706309693759,CS,9.3
0.22807348856036047,0.11196171302281005,CS,9.4
0.23123620740699535,0.11315279507624419,CS,9.5
0.23442271334480513,0.11434387712967836,CS,9.600000000000001
0.2376330175810173,0.11553495918311248,CS,9.7
0.2408671264176483,0.11672604123654665,CS,9.8
0.2441250411030913,0.11791712328998079,CS,9.9
0.24740675768036657,0.11910820534341493,CS,10
0.25071226683197345,0.1202992873968491,CS,10.100000000000001
0.254041553721268,0.12149036945028323,CS,10.2
0.25739459783030627,0.1226814515037174,CS,10.3
0.26077137279407403,0.12387253355715154,CS,10.4
0.2641718462310402,0.12506361561058568,CS,10.5
0.2675959795699524,0.12625469766401984,CS,10.600000000000001
0.27104372787280573,0.12744577971745397,CS,10.7
0.2745150396539082,0.12863686177088815,CS,10.8
0.27800985669496525,0.12982794382432228,CS,10.9
0.28152811385610144,0.13101902587775643,CS,11
0.28506973888274567,0.13221010793119056,CS,11.1
0.28863465220829343,0.13340118998462475,CS,11.200000000000001
0.2922227667524656,0.13459227203805887,CS,11.3
0.2958339877152757,0.13578335409149303,CS,11.4
0.2994682123665259,0.1369744361449272,CS,11.5
0.30312532983073437,0.13816551819836131,CS,11.6
0.3068052208674168,0.1393566002517955,CS,11.700000000000001
0.3105077576466183,0.14054768230522963,CS,11.8
0.3142328035196128,0.14173876435866378,CS,11.9
0.3179802127846709,0.14292984641209794,CS,12
0.32174983044779926,0.14412092846553207,CS,12.1
0.32554149197835813,0.14531201051896622,CS,12.200000000000001
0.3293550230594493,0.14650309257240038,CS,12.3
0.3331902393329851,0.14769417462583453,CS,12.4
0.3370469461393182,0.14888525667926866,CS,12.5
0.3409249382513455,0.15007633873270285,CS,12.600000000000001
0.3448239996029612,0.15126742078613697,CS,12.700000000000001
0.3487439030117654,0.15245850283957113,CS,12.8
0.352684409895903,0.1536495848930053,CS,12.9
0.35664526998492985,0.15484066694643941,CS,13
0.3606262210245863,0.15603174899987357,CS,13.100000000000001
0.36462698847535924,0.15722283105330773,CS,13.200000000000001
0.36864728520471624,0.15841391310674188,CS,13.3
0.3726868111728896,0.159604995160176,CS,13.4
0.3767452531120816,0.16079607721361017,CS,13.5
0.3808222841989686,0.16198715926704432,CS,13.600000000000001
0.38491756372037744,0.16317824132047848,CS,13.700000000000001
0.3890307367319983,0.16436932337391263,CS,13.8
0.393161433709998,0.16556040542734676,CS,13.9
0.3973092701954106,0.16675148748078092,CS,14
0.40147384643115025,0.16794256953421507,CS,14.100000000000001
0.4056547469915164,0.16913365158764923,CS,14.200000000000001
0.4098515404040486,0.17032473364108336,CS,14.3
0.4140637787635739,0.17151581569451751,CS,14.4
0.4182909973383082,0.17270689774795167,CS,14.5
0.4225327141678614,0.17389797980138583,CS,14.600000000000001
0.4267884296529785,0.17508906185481998,CS,14.700000000000001
0.43105762613687815,0.1762801439082541,CS,14.8
0.43533976747801373,0.17747122596168827,CS,14.9
0.43963429861409975,0.1786623080151224,CS,15
0.4439406451172372,0.17985339006855658,CS,15.100000000000001
0.4482582127399759,0.1810444721219907,CS,15.200000000000001
0.45258638695212805,0.18223555417542486,CS,15.3
0.4569245324681679,0.18342663622885902,CS,15.4
0.4612719927650397,0.18461771828229315,CS,15.5
0.4656280895901861,0.18580880033572733,CS,15.600000000000001
0.46999212245961575,0.18699988238916146,CS,15.700000000000001
0.4743633681458317,0.18819096444259562,CS,15.8
0.47874108015540595,0.18938204649602974,CS,15.9
0.4831244881960288,0.1905731285494639,CS,16
0.4875127976328224,0.19176421060289806,CS,16.1
0.49190518893372026,0.19295529265633224,CS,16.200000000000003
0.496300817103704,0.19414637470976637,CS,16.3
0.500698811107694,0.19533745676320047,CS,16.4
0.5050982732818721,0.19652853881663465,CS,16.5
0.5094982787332236,0.1977196208700688,CS,16.6
0.5138978747270935,0.198910702923503,CS,16.700000000000003
0.518296080062489,0.2001017849769371,CS,16.8
0.5226918844349564,0.20129286703037122,CS,16.9
0.527084247786751,0.2024839490838054,CS,17
0.531472099644092,0.20367503113723956,CS,17.1
0.5358543384412462,0.20486611319067372,CS,17.200000000000003
0.5402298308312021,0.20605719524410784,CS,17.3
0.544597410982683,0.20724827729754197,CS,17.4
0.5489558798632466,0.20843935935097613,CS,17.5
0.5533040045081905,0.2096304414044103,CS,17.6
0.557640517275046,0.21082152345784447,CS,17.700000000000003
0.561964115083339,0.2120126055112786,CS,17.8
0.5662734586393849,0.21320368756471272,CS,17.9
0.5705671716458158,0.21439476961814688,CS,18
0.5748438399955575,0.21558585167158106,CS,18.1
0.5791020109499962,0.21677693372501522,CS,18.200000000000003
0.5833401923009944,0.21796801577844935,CS,18.3
0.587556851516498,0.21915909783188348,CS,18.4
0.5917504148694133,0.22035017988531763,CS,18.5
0.5959192665494366,0.2215412619387518,CS,18.6
0.6000617477575472,0.22273234399218597,CS,18.700000000000003
0.6041761557828109,0.2239234260456201,CS,18.8
0.6082607430611864,0.22511450809905423,CS,18.9
0.6123137162160144,0.22630559015248838,CS,19
0.6163332350798143,0.22749667220592254,CS,19.1
0.6203174116970724,0.22868775425935667,CS,19.2
0.6242643093076827,0.22987883631279082,CS,19.3
0.6281719413106392,0.231069918366225,CS,19.400000000000002
0.6320382702076621,0.23226100041965914,CS,19.5
0.6358612065263642,0.2334520824730933,CS,19.6
0.639638607722584,0.23464316452652742,CS,19.7
0.6433682770615174,0.23583424657996158,CS,19.8
0.6470479624772274,0.23702532863339576,CS,19.900000000000002
0.6506753554101818,0.23821641068682986,CS,20
0.6542480896223726,0.23940749274026404,CS,20.1
0.6577637399896172,0.24059857479369817,CS,20.2
0.6612198212706581,0.24178965684713233,CS,20.3
0.6646137868525681,0.24298073890056648,CS,20.400000000000002
0.6679430274721057,0.2441718209540006,CS,20.5
0.6712048699125193,0.2453629030074348,CS,20.6
0.6743965756753751,0.24655398506086892,CS,20.7
0.6775153396269729,0.24774506711430308,CS,20.8
0.6805582886188448,0.24893614916773724,CS,20.900000000000002
0.6835224800818867,0.25012723122117136,CS,21
0.6864049005936548,0.2513183132746055,CS,21.1
0.6892024644183063,0.2525093953280397,CS,21.2
0.6919120120187179,0.25370047738147383,CS,21.3
0.6945303085402497,0.254891559434908,CS,21.400000000000002
0.6970540422656475,0.2560826414883421,CS,21.5
0.6994798230405843,0.2572737235417763,CS,21.6
0.7018041806692565,0.2584648055952104,CS,21.7
0.7040235632795309,0.25965588764864456,CS,21.8
0.7061343356570768,0.2608469697020787,CS,21.900000000000002
0.7081327775479247,0.26203805175551287,CS,22
0.7100150819288729,0.263229133808947,CS,22.1
0.7117773532451563,0.2644202158623812,CS,22.200000000000003
0.7134156056147951,0.26561129791581534,CS,22.3
0.714925760999022,0.2668023799692495,CS,22.400000000000002
0.7163036473381545,0.2679934620226836,CS,22.5
0.7175449966523031,0.26918454407611775,CS,22.6
0.7186454431062783,0.27037562612955196,CS,22.700000000000003
0.7196005210380552,0.27156670818298606,CS,22.8
0.7204056629501157,0.2727577902364202,CS,22.900000000000002
0.7210561974630165,0.2739488722898544,CS,23
0.7215473472304978,0.27513995434328853,CS,23.1
0.7218742268154559,0.2763310363967227,CS,23.200000000000003
0.7220318405260127,0.2775221184501568,CS,23.3
0.7220150802110572,0.278713200503591,CS,23.400000000000002
0.721818723014457,0.2799042825570251,CS,23.5
0.7214374290871932,0.28109536461045925,CS,23.6
0.7208657392567419,0.2822864466638934,CS,23.700000000000003
0.7200980726528243,0.28347752871732756,CS,23.8
0.7191287242888276,0.2846686107707617,CS,23.900000000000002
0.7179518625980625,0.2858596928241959,CS,24
0.7165615269240284,0.28705077487763003,CS,24.1
0.7149516249639154,0.2882418569310642,CS,24.200000000000003
0.7131159301644656,0.2894329389844983,CS,24.3
0.7110480790693154,0.29062402103793245,CS,24.400000000000002
0.7087415686170226,0.2918151030913666,CS,24.5
0.7061897533888244,0.29300618514480076,CS,24.6
0.7033858428052691,0.2941972671982349,CS,24.700000000000003
0.7003228982707714,0.29538834925166907,CS,24.8
0.6969938302651926,0.2965794313051032,CS,24.900000000000002
0.6933913953815027,0.2977705133585373,CS,25
0.6895081933084972,0.2989615954119715,CS,25.1
0.6853366637576572,0.3001526774654057,CS,25.200000000000003
0.6808690833331479,0.3013437595188398,CS,25.3
0.6760975623438918,0.30253484157227395,CS,25.400000000000002
0.6710140415567256,0.3037259236257081,CS,25.5
0.6656102888895647,0.30491700567914226,CS,25.6
0.6598778960435592,0.3061080877325764,CS,25.700000000000003
0.6538082750730485,0.3072991697860106,CS,25.8
0.6473926548923234,0.30849025183944473,CS,25.900000000000002
0.640622077718012,0.30968133389287883,CS,26
0.6334873954459059,0.310872415946313,CS,26.1
0.6259792659611492,0.31206349799974714,CS,26.200000000000003
0.6180881493805526,0.3132545800531813,CS,26.3
0.6098043042258272,0.31444566210661545,CS,26.400000000000002
0.6011177835264707,0.3156367441600496,CS,26.5
0.5920184308512066,0.31682782621348377,CS,26.6
0.5824958762664796,0.3180189082669179,CS,26.700000000000003
0.5725395322209099,0.319209990320352,CS,26.8
0.5621385893543316,0.32040107237378623,CS,26.900000000000002
0.5512820122299846,0.32159215442722033,CS,27
0.5399585349886351,0.3227832364806545,CS,27.1
0.5281566569232261,0.32397431853408865,CS,27.200000000000003
0.5158646379724559,0.3251654005875228,CS,27.3
0.5030704941321495,0.32635648264095696,CS,27.400000000000002
0.4897619927827961,0.32754756469439106,CS,27.5
0.47592664793165795,0.32873864674782527,CS,27.6
0.46155171536827844,0.3299297288012594,CS,27.700000000000003
0.4466241877314392,0.3311208108546935,CS,27.8
0.43113078948642425,0.3323118929081277,CS,27.900000000000002
0.41505797181060267,0.33350297496156184,CS,28
0.39839190738602603,0.334694057014996,CS,28.1
0.3811184850972378,0.33588513906843015,CS,28.200000000000003
0.3632233046326476,0.3370762211218643,CS,28.3
0.3446916709878298,0.33826730317529846,CS,28.400000000000002
0.3255085888688978,0.33945838522873256,CS,28.5
0.305658756994287,0.3406494672821667,CS,28.6
0.2851265622932271,0.34184054933560093,CS,28.700000000000003
0.2638960739988274,0.34303163138903503,CS,28.8
0.24195103763414139,0.3442227134424692,CS,28.900000000000002
0.21927486888941772,0.34541379549590334,CS,29
0.19585064738815028,0.3466048775493375,CS,29.1
0.17166111034064002,0.34779595960277165,CS,29.200000000000003
0.1466886460824739,0.34898704165620575,CS,29.3
0.12091528749634861,0.35017812370963997,CS,29.400000000000002
0.09432270531485898,0.35136920576307407,CS,29.5
0.06689220130243889,0.3525602878165082,CS,29.6
0.03860470131411553,0.3537513698699424,CS,29.700000000000003
0.00944074822898422,0.35494245192337653,CS,29.8
-0.020619505243654856,0.3561335339768107,CS,29.900000000000002
-0.05159630388802228,0.3573246160302448,CS,30
-0.08351029743745286,0.358515698083679,CS,30.1
-0.1163825481642462,0.35970678013711316,CS,30.200000000000003
-0.1502345386063091,0.36089786219054726,CS,30.3
-0.1850881794326753,0.3620889442439814,CS,30.400000000000002
-0.22096581745051225,0.36328002629741557,CS,30.5
-0.25789024375622915,0.3644711083508497,CS,30.6
-0.29588470203281503,0.3656621904042839,CS,30.700000000000003
-0.3349728969964012,0.36685327245771804,CS,30.8
-0.3751790029943365,0.3680443545111522,CS,30.900000000000002
-0.41652767275764546,0.3692354365645863,CS,31
-0.45904404631032847,0.37042651861802045,CS,31.1
-0.5027537600385656,0.37161760067145466,CS,31.200000000000003
-0.5476829559223191,0.37280868272488876,CS,31.3
-0.5938582909322747,0.3739997647783229,CS,31.400000000000002
-0.6413069465950691,0.3751908468317571,CS,31.5
-0.6900566387298461,0.37638192888519123,CS,31.6
-0.7401356273585051,0.3775730109386254,CS,31.700000000000003
-0.7915727267938024,0.3787640929920595,CS,31.8
-0.8443973159071945,0.3799551750454937,CS,31.900000000000002
-0.8986393485804243,0.3811462570989278,CS,32
-0.9543293643435398,0.38233733915236195,CS,32.1
-1.0114984992030358,0.3835284212057961,CS,32.2
-1.070178496662873,0.3847195032592302,CS,32.3
-1.130401718942391,0.3859105853126645,CS,32.400000000000006
-1.1922011583938463,0.3871016673660985,CS,32.5
-1.2556104491236617,0.38829274941953273,CS,32.6
-1.3206638788205929,0.3894838314729669,CS,32.7
-1.3873964007943975,0.39067491352640094,CS,32.8
-1.4558436462288142,0.3918659955798352,CS,32.900000000000006
-1.526041936652593,0.3930570776332693,CS,33
-1.5980282966321582,0.39424815968670346,CS,33.1
-1.6718404666899573,0.3954392417401376,CS,33.2
-1.7475169164521702,0.3966303237935717,CS,33.3
-1.8250968580303315,0.397821405847006,CS,33.400000000000006
-1.9046202596400867,0.39901248790044,CS,33.5
-1.9861278594617815,0.4002035699538742,CS,33.6
-2.0696611797470688,0.4013946520073084,CS,33.7
-2.155262541175464,0.40258573406074244,CS,33.8
-2.2429750774654487,0.4037768161141767,CS,33.900000000000006
-2.3328427502444207,0.4049678981676108,CS,34
-2.424910364182189,0.40615898022104496,CS,34.1
-2.5192235823921507,0.4073500622744791,CS,34.2
-2.615828942105118,0.4085411443279132,CS,34.3
-2.714773870620604,0.40973222638134743,CS,34.400000000000006
-2.8161067015399475,0.41092330843478153,CS,34.5
-2.9198766912864933,0.4121143904882157,CS,34.6
-3.026134035917856,0.41330547254164984,CS,34.7
-3.1349298882348435,0.41449655459508394,CS,34.8
-3.2463163751927873,0.4156876366485182,CS,34.900000000000006
-3.3603466156200987,0.41687871870195226,CS,35
-3.4770747382494314,0.41806980075538647,CS,35.1
-3.5965559000668037,0.4192608828088206,CS,35.2
-3.718846304984531,0.4204519648622548,CS,35.300000000000004
-3.844003222843,0.4216430469156889,CS,35.4
-3.972085008747335,0.42283412896912304,CS,35.5
-4.103151122744599,0.4240252110225572,CS,35.6
-4.237262149847645,0.42521629307599135,CS,35.7
-4.374479820411082,0.4264073751294255,CS,35.800000000000004
-4.514867030865865,0.4275984571828596,CS,35.9
-4.658487864818696,0.42878953923629376,CS,36
-4.8054076145222595,0.4299806212897279,CS,36.1
-4.955692802722652,0.4311717033431621,CS,36.2
-5.109411204890932,0.4323627853965963,CS,36.300000000000004
-5.266631871845178,0.43355386745003033,CS,36.4
-5.42742515276926,0.43474494950346454,CS,36.5
-5.591862718636172,0.4359360315568987,CS,36.6
-5.760017586042068,0.43712711361033285,CS,36.7
-5.93196414145816,0.438318195663767,CS,36.800000000000004
-6.107778165908307,0.4395092777172011,CS,36.9
-6.287536860078809,0.44070035977063526,CS,37
-6.471318869868007,0.4418914418240694,CS,37.1
-6.659204312383871,0.4430825238775036,CS,37.2
-6.8512748023965315,0.4442736059309378,CS,37.300000000000004
-7.047613479253869,0.44546468798437183,CS,37.4
-7.248305034268014,0.446655770037806,CS,37.5
-7.453435738581199,0.4478468520912402,CS,37.6
-7.6630934715186285,0.44903793414467436,CS,37.7
-7.877367749436857,0.4502290161981085,CS,37.800000000000004
-8.096349755077057,0.4514200982515426,CS,37.9
-8.320132367430318,0.45261118030497677,CS,38
-8.548810192124698,0.4538022623584109,CS,38.1
-8.782479592343286,0.4549933444118451,CS,38.2
-9.02123872028129,0.45618442646527924,CS,38.300000000000004
-9.265187549152493,0.45737550851871334,CS,38.4
-9.514427905753571,0.4585665905721475,CS,38.5
-9.769063503596534,0.45975767262558165,CS,38.6
-10.029199976618884,0.46094875467901586,CS,38.7
-10.29494491348062,0.46213983673245,CS,38.800000000000004
-10.566407892459544,0.4633309187858841,CS,38.9
-10.843700516953746,0.46452200083931827,CS,39
-11.126936451602205,0.46571308289275243,CS,39.1
-11.416231459034677,0.4669041649461866,CS,39.2
-11.711703437260248,0.46809524699962074,CS,39.300000000000004
-12.013472457706833,0.46928632905305484,CS,39.4
-12.321660803922185,0.470477411106489,CS,39.5
-12.63639301094728,0.47166849315992315,CS,39.6
-12.957795905374468,0.4728595752133573,CS,39.7
-13.285998646101113,0.4740506572667915,CS,39.800000000000004
-13.621132765791891,0.47524173932022556,CS,39.9
-13.963332213060305,0.4764328213736597,CS,40
-14.312733395382693,0.47762390342709393,CS,40.1
-14.669475222757029,0.4788149854805281,CS,40.2
-15.033699152119581,0.48000606753396224,CS,40.300000000000004
-15.40554923253093,0.48119714958739634,CS,40.4
-15.785172151146668,0.4823882316408305,CS,40.5
-16.172717279984283,0.48357931369426466,CS,40.6
-16.568336723500508,0.4847703957476988,CS,40.7
-16.97218536699326,0.48596147780113297,CS,40.800000000000004
-17.38442092584195,0.48715255985456707,CS,40.9
-17.805203995599854,0.4883436419080012,CS,41
-18.234698102954383,0.4895347239614354,CS,41.1
-18.67306975756854,0.4907258060148696,CS,41.2
-19.120488504819917,0.49191688806830375,CS,41.300000000000004
-19.57712697945128,0.4931079701217379,CS,41.400000000000006
-20.043160960149166,0.494299052175172,CS,41.5
-20.518769425066807,0.49549013422860616,CS,41.6
-21.00413460830427,0.4966812162820403,CS,41.7
-21.499442057367474,0.4978722983354745,CS,41.800000000000004
-22.004880691617416,0.49906338038890863,CS,41.900000000000006
-22.52064286172954,0.5002544624423427,CS,42
-0.06730835836441273,1.282734113249235,TT,3
-0.0642440905829742,1.3254919170242094,TT,3.1
-0.06115626846659361,1.368249720799184,TT,3.2
-0.058044773541738426,1.4110075245741582,TT,3.3
-0.05490948799704176,1.4537653283491327,TT,3.4
-0.05175029471825132,1.4965231321241073,TT,3.5
-0.04856707732395349,1.5392809358990818,TT,3.6
-0.04535972020208723,1.5820387396740565,TT,3.7
-0.042128108547263565,1.6247965434490308,TT,3.8
-0.03887212839890264,1.6675543472240053,TT,3.9
-0.0355916666802063,1.7103121509989798,TT,4
-0.032286611237977714,1.753069954773954,TT,4.1
-0.028956850883306462,1.7958277585489288,TT,4.2
-0.025602275433133537,1.8385855623239031,TT,4.3
-0.022222775752710366,1.8813433660988779,TT,4.4
-0.0188182437989719,1.9241011698738524,TT,4.5
-0.015388572664835176,1.9668589736488267,TT,4.6
-0.011933656624445121,2.009616777423801,TT,4.7
-0.008453391179379377,2.0523745811987757,TT,4.8
-0.004947673105833772,2.0951323849737506,TT,4.9
-0.0014164005028033388,2.1378901887487247,TT,5
0.002140527158723482,2.1806479925236992,TT,5.1
0.0057232089855371315,2.2234057962986737,TT,5.2
0.009331742610930616,2.2661636000736487,TT,5.300000000000001
0.0129662241423526,2.3089214038486228,TT,5.4
0.016626748107973932,2.3516792076235973,TT,5.5
0.02031340740214671,2.394437011398572,TT,5.6
0.02402629322973615,2.4371948151735463,TT,5.7
0.027765495049306366,2.4799526189485213,TT,5.800000000000001
0.03153110051513919,2.5227104227234953,TT,5.9
0.03532319541806528,2.56546822649847,TT,6
0.039141863625088424,2.608226030273444,TT,6.1
0.04298718701777848,2.650983834048419,TT,6.2
0.04685924542941389,2.6937416378233934,TT,6.300000000000001
0.05075811658085261,2.736499441598368,TT,6.4
0.05468387601510605,2.7792572453733424,TT,6.5
0.058636597030596094,2.8220150491483165,TT,6.6
0.0626163506130708,2.8647728529232914,TT,6.7
0.06662320536615651,2.907530656698266,TT,6.800000000000001
0.07065722744052105,2.9502884604732404,TT,6.9
0.07471848046162544,2.9930462642482145,TT,7
0.07880702545603846,3.0358040680231895,TT,7.1000000000000005
0.08292292077629015,3.0785618717981635,TT,7.2
0.08706622202423753,3.121319675573138,TT,7.3
0.09123698197291852,3.164077479348113,TT,7.4
0.09543525048686519,3.206835283123087,TT,7.5
0.0996610744408537,3.249593086898062,TT,7.6000000000000005
0.10391449763705984,3.292350890673036,TT,7.7
0.10819556072059588,3.335108694448011,TT,7.800000000000001
0.11250430109339837,3.377866498222985,TT,7.9
0.1168407528264398,3.4206243019979596,TT,8
0.12120494657023617,3.4633821057729346,TT,8.100000000000001
0.12559690946361868,3.506139909547908,TT,8.2
0.13001666504074183,3.5488977133228836,TT,8.3
0.13446423313629718,3.5916555170978577,TT,8.4
0.13893962978890229,3.634413320872832,TT,8.5
0.14344286714263255,3.677171124647807,TT,8.600000000000001
0.1479739533466643,3.719928928422781,TT,8.7
0.15253289245300006,3.7626867321977557,TT,8.8
0.15711968431223777,3.8054445359727302,TT,8.9
0.16173432446735514,3.8482023397477048,TT,9
0.16637680404547472,3.8909601435226797,TT,9.100000000000001
0.17104710964757008,3.9337179472976533,TT,9.2
0.17574522323609054,3.9764757510726283,TT,9.3
0.18047112202045135,4.019233554847602,TT,9.4
0.18522477834036977,4.061991358622577,TT,9.5
0.19000615954700173,4.104749162397552,TT,9.600000000000001
0.19481522788184213,4.147506966172526,TT,9.7
0.19965194035335465,4.190264769947501,TT,9.8
0.20451624861128836,4.233022573722475,TT,9.9
0.20940809881864708,4.275780377497449,TT,10
0.21432743152126643,4.318538181272425,TT,10.100000000000001
0.21927418151496236,4.3612959850473985,TT,10.2
0.2242482777102086,4.404053788822373,TT,10.3
0.22924964299430073,4.4468115925973475,TT,10.4
0.23427819409096773,4.489569396372322,TT,10.5
0.23933384141738379,4.532327200147297,TT,10.600000000000001
0.24441648893853962,4.575085003922271,TT,10.7
0.2495260340189296,4.6178428076972455,TT,10.8
0.2546623672715056,4.66060061147222,TT,10.9
0.2598253724038586,4.703358415247195,TT,11
0.26501492606157373,4.746116219022169,TT,11.1
0.2702308976687191,4.788874022797144,TT,11.200000000000001
0.2754731492654128,4.831631826572118,TT,11.3
0.2807415353424303,4.874389630347093,TT,11.4
0.28603590267278767,4.917147434122067,TT,11.5
0.29135609014026587,4.959905237897042,TT,11.6
0.2967019285648127,5.002663041672016,TT,11.700000000000001
0.30207324052478035,5.045420845446991,TT,11.8
0.30746984017593926,5.088178649221965,TT,11.9
0.31289153306721507,5.13093645299694,TT,12
0.3183381159531009,5.173694256771914,TT,12.1
0.3238093766026795,5.216452060546889,TT,12.200000000000001
0.3293050936052102,5.259209864321863,TT,12.3
0.3348250361722125,5.301967668096838,TT,12.4
0.34036896393600125,5.344725471871812,TT,12.5
0.34593662674459846,5.387483275646787,TT,12.600000000000001
0.3515277644529813,5.430241079421761,TT,12.700000000000001
0.3571421067105869,5.472998883196736,TT,12.8
0.3627793727450266,5.51575668697171,TT,12.9
0.368439271141938,5.558514490746685,TT,13
0.3741214996209161,5.601272294521659,TT,13.100000000000001
0.37982574480745845,5.644030098296634,TT,13.200000000000001
0.38555168200085577,5.686787902071608,TT,13.3
0.39129897493796406,5.729545705846583,TT,13.4
0.3970672755527924,5.7723035096215565,TT,13.5
0.4028562237318316,5.815061313396532,TT,13.600000000000001
0.40866544706505925,5.857819117171506,TT,13.700000000000001
0.4144945605925505,5.900576920946481,TT,13.8
0.4203431665466173,5.943334724721455,TT,13.9
0.4262108540894085,5.986092528496429,TT,14
0.43209719904589217,6.028850332271404,TT,14.100000000000001
0.43800176363215226,6.071608136046379,TT,14.200000000000001
0.4439240961789097,6.1143659398213535,TT,14.3
0.4498637308502058,6.157123743596327,TT,14.4
0.45582018735715435,6.199881547371302,TT,14.5
0.4617929706666932,6.242639351146277,TT,14.600000000000001
0.4677815707052495,6.2853971549212515,TT,14.700000000000001
0.47378546205723104,6.328154958696226,TT,14.8
0.47980410365827253,6.3709127624712,TT,14.9
0.4858369384831325,6.413670566246174,TT,15
0.49188339322817387,6.4564283700211496,TT,15.100000000000001
0.4979428779883268,6.499186173796124,TT,15.200000000000001
0.5040147859284478,6.541943977571098,TT,15.3
0.5100984929489865,6.584701781346072,TT,15.4
0.5161933573458637,6.627459585121047,TT,15.5
0.5222987194644737,6.670217388896022,TT,15.600000000000001
0.5284139013477045,6.712975192670997,TT,15.700000000000001
0.5345382063778898,6.75573299644597,TT,15.8
0.5406709189125956,6.798490800220945,TT,15.9
0.5468113039141247,6.841248603995919,TT,16
0.5529586065726613,6.884006407770895,TT,16.1
0.5591120519229333,6.926764211545869,TT,16.200000000000003
0.5652708444543015,6.969522015320843,TT,16.3
0.5714341677141621,7.012279819095816,TT,16.4
0.5776011839045532,7.055037622870792,TT,16.5
0.5837710334718627,7.097795426645767,TT,16.6
0.5899428346895279,7.140553230420742,TT,16.700000000000003
0.5961156832335941,7.183311034195715,TT,16.8
0.6022886517510508,7.226068837970689,TT,16.9
0.6084607894207985,7.268826641745664,TT,17
0.6146311215071427,7.311584445520639,TT,17.1
0.6207986489056962,7.354342249295614,TT,17.200000000000003
0.6269623476815611,7.397100053070588,TT,17.3
0.6331211685996698,7.439857856845562,TT,17.4
0.6392740366471643,7.482615660620537,TT,17.5
0.6454198505476711,7.5253734643955115,TT,17.6
0.6515574822673647,7.568131268170487,TT,17.700000000000003
0.6576857765126622,7.6108890719454605,TT,17.8
0.663803550219445,7.653646875720434,TT,17.9
0.6699095920336366,7.6964046794954095,TT,18
0.6760026617830377,7.739162483270384,TT,18.1
0.6820814899402374,7.781920287045359,TT,18.200000000000003
0.688144777076497,7.824678090820333,TT,18.3
0.6941911933064406,7.867435894595307,TT,18.4
0.700219377723402,7.910193698370282,TT,18.5
0.7062279378252936,7.952951502145257,TT,18.6
0.7122154489308414,7.995709305920232,TT,18.700000000000003
0.7181804535860263,8.038467109695205,TT,18.8
0.7241214609605806,8.081224913470178,TT,18.9
0.7300369462343905,8.123982717245154,TT,19
0.735925349973614,8.16674052102013,TT,19.1
0.7417850774964019,8.209498324795103,TT,19.2
0.7476144982279953,8.252256128570078,TT,19.3
0.7534119450450825,8.295013932345054,TT,19.400000000000002
0.7591757136092223,8.337771736120027,TT,19.5
0.7649040616891507,8.380529539895003,TT,19.6
0.7705952084718208,8.423287343669974,TT,19.7
0.7762473338619706,8.46604514744495,TT,19.8
0.7818585777700644,8.508802951219925,TT,19.900000000000002
0.7874270393883842,8.551560754994899,TT,20
0.7929507764551404,8.594318558769874,TT,20.1
0.798427804506348,8.637076362544848,TT,20.2
0.8038560961153274,8.679834166319823,TT,20.3
0.8092335801196118,8.722591970094799,TT,20.400000000000002
0.814558140835044,8.765349773869772,TT,20.5
0.819827617256915,8.808107577644746,TT,20.6
0.8250398022478649,8.85086538141972,TT,20.7
0.8301924417124154,8.893623185194695,TT,20.8
0.83528323375785,8.93638098896967,TT,20.900000000000002
0.8403098278412964,8.979138792744644,TT,21
0.8452698239027252,9.02189659651962,TT,21.1
0.8501607714836998,9.064654400294593,TT,21.2
0.8549801688316281,9.107412204069568,TT,21.3
0.8597254619892718,9.150170007844544,TT,21.400000000000002
0.8643940438693236,9.192927811619516,TT,21.5
0.8689832533137731,9.235685615394491,TT,21.6
0.8734903741378632,9.278443419169465,TT,21.7
0.8779126341583487,9.32120122294444,TT,21.8
0.8822472042058549,9.363959026719415,TT,21.900000000000002
0.8864911971210665,9.40671683049439,TT,22
0.8906416667344823,9.449474634269365,TT,22.1
0.8946956068295062,9.49223243804434,TT,22.200000000000003
0.898649950088577,9.534990241819314,TT,22.3
0.9025015670221177,9.577748045594287,TT,22.400000000000002
0.9062472648799735,9.62050584936926,TT,22.5
0.909883786545135,9.663263653144236,TT,22.6
0.9134078094094091,9.706021456919212,TT,22.700000000000003
0.9168159442307875,9.748779260694185,TT,22.8
0.920104733972221,9.79153706446916,TT,22.900000000000002
0.9232706526214942,9.834294868244134,TT,23
0.9263101039919435,9.87705267201911,TT,23.1
0.9292194205036526,9.919810475794085,TT,23.200000000000003
0.9319948619449034,9.962568279569057,TT,23.3
0.9346326142134989,10.005326083344032,TT,23.400000000000002
0.9371287880376897,10.048083887119006,TT,23.5
0.9394794176763797,10.090841690893981,TT,23.6
0.9416804595982589,10.133599494668957,TT,23.700000000000003
0.9437277911395823,10.17635729844393,TT,23.8
0.9456172091402104,10.219115102218906,TT,23.900000000000002
0.9473444285576287,10.26187290599388,TT,24
0.9489050810585367,10.304630709768855,TT,24.1
0.9502947135877227,10.347388513543828,TT,24.200000000000003
0.9515087869138323,10.390146317318802,TT,24.3
0.9525426741516743,10.432904121093777,TT,24.400000000000002
0.9533916592607161,10.475661924868751,TT,24.5
0.9540509355193745,10.518419728643726,TT,24.6
0.954515603974758,10.561177532418702,TT,24.700000000000003
0.9547806718674288,10.603935336193675,TT,24.8
0.9548410510308747,10.64669313996865,TT,24.900000000000002
0.9546915562651925,10.689450943743624,TT,25
0.9543269036847004,10.732208747518598,TT,25.1
0.9537417090389733,10.774966551293574,TT,25.200000000000003
0.9529304860069479,10.817724355068547,TT,25.3
0.9518876444636719,10.860482158843523,TT,25.400000000000002
0.9506074887192373,10.903239962618496,TT,25.5
0.9490842157295365,10.945997766393472,TT,25.6
0.9473119132783161,10.988755570168447,TT,25.700000000000003
0.9452845581301768,11.03151337394342,TT,25.8
0.9429960141539793,11.074271177718396,TT,25.900000000000002
0.9404400304162763,11.11702898149337,TT,26
0.9376102392442673,11.159786785268343,TT,26.1
0.9345001542577851,11.202544589043319,TT,26.200000000000003
0.9311031683699031,11.245302392818292,TT,26.3
0.92741255175559,11.288060196593268,TT,26.400000000000002
0.9234214497880195,11.330818000368241,TT,26.5
0.919122880941921,11.373575804143217,TT,26.6
0.9145097346635582,11.416333607918192,TT,26.700000000000003
0.9095747692067935,11.459091411693166,TT,26.8
0.9043106094346687,11.50184921546814,TT,26.900000000000002
0.898709744586041,11.544607019243113,TT,27
0.8927645260066788,11.587364823018088,TT,27.1
0.8864671648443165,11.630122626793064,TT,27.200000000000003
0.8798097297070564,11.672880430568037,TT,27.3
0.872784144284612,11.715638234343013,TT,27.400000000000002
0.8653821849317946,11.758396038117986,TT,27.5
0.8575954782136233,11.801153841892962,TT,27.6
0.8494154984115685,11.843911645667937,TT,27.700000000000003
0.8408335649902048,11.88666944944291,TT,27.8
0.8318408400237693,11.929427253217884,TT,27.900000000000002
0.8224283255819422,11.972185056992858,TT,28
0.8125868610742524,12.014942860767833,TT,28.1
0.8023071205524914,12.057700664542809,TT,28.200000000000003
0.7915796099704364,12.100458468317782,TT,28.3
0.7803946644002488,12.143216272092758,TT,28.400000000000002
0.7687424452049116,12.185974075867732,TT,28.5
0.7566129371660386,12.228731879642707,TT,28.6
0.7439959455662475,12.27148968341768,TT,28.700000000000003
0.7308810932256034,12.314247487192654,TT,28.8
0.717257817491225,12.35700529096763,TT,28.900000000000002
0.7031153671795058,12.399763094742603,TT,29
0.6884427994700921,12.442520898517579,TT,29.1
0.6732289767509432,12.485278702292554,TT,29.200000000000003
0.657462563413751,12.528036506067528,TT,29.3
0.6411320225988391,12.570794309842503,TT,29.400000000000002
0.6242256128889636,12.613552113617477,TT,29.5
0.6067313849510203,12.656309917392452,TT,29.6
0.5886371781249995,12.699067721167426,TT,29.700000000000003
0.5699306169593505,12.7418255249424,TT,29.8
0.5505991076919123,12.784583328717375,TT,29.900000000000002
0.5306298346756062,12.827341132492348,TT,30
0.5100097567479871,12.870098936267324,TT,30.1
0.4887256035439389,12.912856740042299,TT,30.200000000000003
0.4667638717504161,12.955614543817273,TT,30.3
0.4441108213026155,12.998372347592248,TT,30.400000000000002
0.42075247152041406,13.041130151367222,TT,30.5
0.3966745971843739,13.083887955142195,TT,30.6
0.37186272455029723,13.12664575891717,TT,30.700000000000003
0.34630212730140464,13.169403562692144,TT,30.8
0.3199778224371368,13.21216136646712,TT,30.900000000000002
0.29287456609772455,13.254919170242093,TT,31
0.2649768493234941,13.297676974017069,TT,31.1
0.2362688937478037,13.340434777792044,TT,31.200000000000003
0.20673464722282553,13.383192581567018,TT,31.3
0.17635777937692687,13.425950385341993,TT,31.400000000000002
0.1451216771027557,13.468708189116967,TT,31.5
0.11300943997493285,13.51146599289194,TT,31.6
0.08000387559619782,13.554223796666916,TT,31.700000000000003
0.04608749487109165,13.59698160044189,TT,31.8
0.011242507205862395,13.639739404216865,TT,31.900000000000002
-0.0245491843662613,13.682497207991839,TT,32
-0.06130598813593835,13.725255011766814,TT,32.1
-0.09904662874546766,13.76801281554179,TT,32.2
-0.13779015229487968,13.810770619316761,TT,32.3
-0.17755593152750393,13.853528423091738,TT,32.400000000000006
-0.218363671096089,13.89628622686671,TT,32.5
-0.2602334129109174,13.939044030641686,TT,32.6
-0.3031855415709277,13.981801834416661,TT,32.7
-0.3472407898793133,14.024559638191633,TT,32.8
-0.39242024444472,14.067317441966612,TT,32.900000000000006
-0.4387453513694375,14.110075245741584,TT,33
-0.48623792202588234,14.152833049516559,TT,33.1
-0.5349201389226863,14.195590853291534,TT,33.2
-0.5848145616617533,14.238348657066506,TT,33.3
-0.6359441329877971,14.281106460841483,TT,33.400000000000006
-0.6883321849314257,14.323864264616455,TT,33.5
-0.7420024450476355,14.36662206839143,TT,33.6
-0.7969790427508237,14.409379872166406,TT,33.7
-0.853286515747893,14.452137675941378,TT,33.8
-0.9109498165709855,14.494895479716357,TT,33.900000000000006
-0.9699943192112546,14.537653283491329,TT,34
-1.0304458258553169,14.580411087266304,TT,34.1
-1.0923305737258282,14.623168891041278,TT,34.2
-1.155675242027824,14.665926694816251,TT,34.3
-1.22050695900246,14.708684498591229,TT,34.400000000000006
-1.2868533090896292,14.7514423023662,TT,34.5
-1.3547423402013283,14.794200106141176,TT,34.6
-1.4242025711072497,14.836957909916151,TT,34.7
-1.4952629989343524,14.879715713691123,TT,34.8
-1.5679531067822534,14.922473517466102,TT,34.900000000000006
-1.6423028714559624,14.965231321241074,TT,35
-1.7183427713179853,15.00798912501605,TT,35.1
-1.7961037942613913,15.050746928791023,TT,35.2
-1.8756174458058048,15.093504732565998,TT,35.300000000000004
-1.9569157573181144,15.13626253634097,TT,35.4
-2.0400312943598067,15.179020340115946,TT,35.5
-2.1249971651628385,15.221778143890921,TT,35.6
-2.2118470292359476,15.264535947665896,TT,35.7
-2.3006151061034252,15.307293751440872,TT,35.800000000000004
-2.3913361841783427,15.350051555215844,TT,35.9
-2.4840456297722717,15.392809358990819,TT,36
-2.578779396243416,15.435567162765793,TT,36.1
-2.675574033285468,15.478324966540768,TT,36.2
-2.774466696359198,15.521082770315743,TT,36.300000000000004
-2.8754951562688227,15.563840574090715,TT,36.4
-2.97869780888562,15.60659837786569,TT,36.5
-3.0841136850206254,15.649356181640666,TT,36.6
-3.191782460449083,15.692113985415642,TT,36.7
-3.3017444660885147,15.734871789190617,TT,36.800000000000004
-3.4140406983330855,15.777629592965589,TT,36.9
-3.5287128295463646,15.820387396740564,TT,37
-3.6458032187149705,15.863145200515538,TT,37.1
-3.765354922265576,15.905903004290513,TT,37.2
-3.8874117050475725,15.948660808065489,TT,37.300000000000004
-4.012018051484073,15.99141861184046,TT,37.4
-4.139219176893626,16.034176415615434,TT,37.5
-4.269061038985292,16.07693421939041,TT,37.6
-4.401590349529776,16.119692023165385,TT,37.7
-4.536854586208953,16.16244982694036,TT,37.800000000000004
-4.67490200464686,16.205207630715332,TT,37.9
-4.815781650624711,16.247965434490308,TT,38
-4.959543372482521,16.290723238265283,TT,38.1
-5.106237833710395,16.33348104204026,TT,38.2
-5.255916525732388,16.376238845815234,TT,38.300000000000004
-5.408631780885525,16.418996649590206,TT,38.4
-5.564436785597081,16.46175445336518,TT,38.5
-5.723385593763133,16.504512257140156,TT,38.6
-5.885533140331479,16.54727006091513,TT,38.7
-6.05093525509162,16.590027864690107,TT,38.800000000000004
-6.219648676675412,16.63278566846508,TT,38.9
-6.391731066771218,16.675543472240054,TT,39
-6.567241024554889,16.71830127601503,TT,39.1
-6.746238101340637,16.761059079790005,TT,39.2
-6.928782815455516,16.803816883564977,TT,39.300000000000004
-7.114936667340352,16.84657468733995,TT,39.4
-7.304762154881036,16.889332491114924,TT,39.5
-7.498322788973031,16.9320902948899,TT,39.6
-7.695683109323163,16.974848098664875,TT,39.7
-7.896908700492027,17.01760590243985,TT,39.800000000000004
-8.102066208180386,17.060363706214822,TT,39.9
-8.311223355763651,17.103121509989798,TT,40
-8.524448961077791,17.145879313764773,TT,40.1
-8.741812953460702,17.18863711753975,TT,40.2
-8.963386391052602,17.231394921314724,TT,40.300000000000004
-9.189241478359538,17.274152725089696,TT,40.4
-9.419451584084047,17.31691052886467,TT,40.5
-9.654091259226437,17.359668332639647,TT,40.6
-9.893236255461325,17.402426136414622,TT,40.7
-10.13696354379336,17.445183940189597,TT,40.800000000000004
-10.385351333496274,17.48794174396457,TT,40.9
-10.63847909133926,17.530699547739545,TT,41
-10.896427561105451,17.573457351514516,TT,41.1
-11.159278783406627,17.616215155289492,TT,41.2
-11.427116115798402,17.658972959064467,TT,41.300000000000004
-11.700024253200713,17.701730762839443,TT,41.400000000000006
-11.978089248627935,17.744488566614415,TT,41.5
-12.261398534233514,17.78724637038939,TT,41.6
-12.550040942673284,17.830004174164365,TT,41.7
-12.844106728792958,17.87276197793934,TT,41.800000000000004
-13.143687591643996,17.915519781714316,TT,41.900000000000006
-13.448876696833238,17.958277585489288,TT,42
