umax_temp,ks_temp,Species,temp
-0.07002836890847701,0.03363094287037392,AC,3
-0.06649255558931683,0.035910373442699275,AC,3.1
-0.06293078489474352,0.03826453944362545,AC,3.2
-0.05934300571288595,0.040693440873152444,AC,3.3
-0.05572916817857926,0.04319707773128028,AC,3.4
-0.052089223696559626,0.04577545001800896,AC,3.5
-0.04842312496494077,0.048428557733338456,AC,3.6
-0.0447308259989667,0.05115640087726879,AC,3.7
-0.04101228215504894,0.053958979449799944,AC,3.8
-0.03726745015509116,0.056836293450931934,AC,3.9
-0.03349628811109923,0.05978834288066476,AC,4
-0.029698755550087025,0.0628151277389984,AC,4.1
-0.025874813439273493,0.0659166480259329,AC,4.2
-0.022024424211577884,0.0690929037414682,AC,4.3
-0.01814755179141791,0.07234389488560437,AC,4.4
-0.014244161620808,0.07566962145834133,AC,4.5
-0.010314220685766432,0.07907008345967913,AC,4.6
-0.0063576975430315215,0.0825452808896178,AC,4.7
-0.0023745623470899533,0.08609521374815725,AC,4.8
0.0016352131224782334,0.08971988203529757,AC,4.9
0.005671655433336497,0.09341928575103868,AC,5
0.009734789472405496,0.09719342489538065,AC,5.1
0.01382463841755229,0.10104229946832345,AC,5.2
0.017941223708951202,0.10496590946986709,AC,5.300000000000001
0.022084565020111115,0.10896425490001153,AC,5.4
0.026254680228570252,0.11303733575875681,AC,5.5
0.03045158538624997,0.11718515204610291,AC,5.6
0.03467529468946833,0.12140770376204989,AC,5.7
0.038925820448608234,0.12570499090659767,AC,5.800000000000001
0.043203173057436144,0.13007701347974626,AC,5.9
0.04750736096207005,0.1345237714814957,AC,6
0.05183839062959078,0.13904526491184596,AC,6.1
0.05619626651629479,0.1436414937707971,AC,6.2
0.0605809910355846,0.14831245805834906,AC,6.300000000000001
0.0649925645254925,0.1530581577745018,AC,6.4
0.06943098521583531,0.15787859291925538,AC,6.5
0.073896249194995,0.16277376349260977,AC,6.6
0.07838835037632286,0.16774366949456507,AC,6.7
0.08290728046416264,0.17278831092512117,AC,6.800000000000001
0.08745302891948926,0.1779076877842781,AC,6.9
0.09202558292515939,0.18310180007203583,AC,7
0.09662492735077023,0.18837064778839444,AC,7.1000000000000005
0.10125104471712147,0.19371423093335383,AC,7.2
0.1059039151602794,0.19913254950691406,AC,7.3
0.11058351639523469,0.20462560350907516,AC,7.4
0.11528982367915533,0.21019339293983705,AC,7.5
0.12002280977422644,0.2158359177991998,AC,7.6000000000000005
0.1247824449100745,0.22155317808716338,AC,7.7
0.12956869674577307,0.2273451738037278,AC,7.800000000000001
0.13438153033142333,0.233211904948893,AC,7.9
0.1392209080693084,0.23915337152265903,AC,8
0.1440867896746144,0.24516957352502602,AC,8.100000000000001
0.14897913213571573,0.2512605109559936,AC,8.2
0.15389788967402096,0.25742618381556226,AC,8.3
0.15884301370337192,0.2636665921037316,AC,8.4
0.16381445278899653,0.2699817358205018,AC,8.5
0.16881215260600566,0.2763716149658729,AC,8.600000000000001
0.17383605589743423,0.28283622953984466,AC,8.7
0.17888610243181985,0.2893755795424175,AC,8.8
0.18396222896031375,0.29598966497359097,AC,8.9
0.1890643691733219,0.3026784858333653,AC,9
0.1941924536566703,0.30944204212174065,AC,9.100000000000001
0.19934640984728924,0.3162803338387165,AC,9.2
0.20452616198841397,0.32319336098429347,AC,9.3
0.20973163108429477,0.3301811235584712,AC,9.4
0.2149627348544136,0.33724362156124965,AC,9.5
0.22021938768720153,0.3443808549926291,AC,9.600000000000001
0.22550150059325177,0.35159282385260915,AC,9.7
0.23080898115802606,0.3588795281411903,AC,9.8
0.23614173349404483,0.36624096785837207,AC,9.9
0.2414996581925617,0.3736771430041547,AC,10
0.24688265227471282,0.38118805357853836,AC,10.100000000000001
0.25229060914213847,0.3887736995815226,AC,10.2
0.25772341852707203,0.39643408101310784,AC,10.3
0.26318096644188854,0.4041691978732938,AC,10.4
0.26866313512811196,0.4119790501620806,AC,10.5
0.27416980300487187,0.41986363787946834,AC,10.600000000000001
0.2797008446168068,0.4278229610254567,AC,10.7
0.28525613058140875,0.43585701960004614,AC,10.8
0.29083552753580144,0.4439658136032362,AC,10.9
0.29643889808295054,0.45214934303502724,AC,11
0.30206610073729717,0.460407607895419,AC,11.1
0.3077169898698109,0.4687406081844118,AC,11.200000000000001
0.31339141565245554,0.4771483439020052,AC,11.3
0.3190892240020649,0.48563081504819955,AC,11.4
0.3248102565236186,0.49418802162299463,AC,11.5
0.3305543504529163,0.5028199636263906,AC,11.6
0.3363213385986419,0.5115266410583875,AC,11.700000000000001
0.3421110492838133,0.520308053918985,AC,11.8
0.34792330628661255,0.5291642022081836,AC,11.9
0.3537579287805876,0.5380950859259828,AC,12
0.3596147312742229,0.547100705072383,AC,12.1
0.3654935235498729,0.5561810596473841,AC,12.200000000000001
0.3713941106020479,0.5653361496509858,AC,12.3
0.3773162925750528,0.5745659750831884,AC,12.4
0.38325986469996715,0.5838705359439917,AC,12.5
0.3892246172309641,0.5932498322333962,AC,12.600000000000001
0.3952103353809584,0.6027038639514013,AC,12.700000000000001
0.40121679925658094,0.6122326310980072,AC,12.8
0.40724378379247095,0.6218361336732139,AC,12.9
0.41329105868488,0.6315143716770215,AC,13
0.41935838832458155,0.6412673451094301,AC,13.100000000000001
0.4254455317290802,0.6510950539704393,AC,13.200000000000001
0.4315522424741119,0.6609974982600494,AC,13.3
0.4376782686244323,0.6709746779782603,AC,13.4
0.44382335266388123,0.681026593125072,AC,13.5
0.44998723142472263,0.6911532437004847,AC,13.600000000000001
0.45616963601624694,0.7013546297044981,AC,13.700000000000001
0.4623702917526354,0.7116307511371124,AC,13.8
0.4685889180800732,0.7219816079983274,AC,13.9
0.47482522850310926,0.7324072002881433,AC,14
0.4810789305102537,0.7429075280065601,AC,14.100000000000001
0.48734972549880395,0.7534825911535777,AC,14.200000000000001
0.49363730869889705,0.7641323897291961,AC,14.3
0.499941369096777,0.7748569237334153,AC,14.4
0.5062615893572697,0.7856561931662354,AC,14.5
0.5125976457454618,0.7965301980276565,AC,14.600000000000001
0.5189492080475726,0.8074789383176781,AC,14.700000000000001
0.5253159394910114,0.8185024140363006,AC,14.8
0.5316974966636165,0.829600625183524,AC,14.9
0.5380935294320639,0.8407735717593482,AC,15
0.5445036808594393,0.8520212537637734,AC,15.100000000000001
0.5509275871219688,0.8633436711967992,AC,15.200000000000001
0.5573648774248942,0.8747408240584259,AC,15.3
0.5638151739174918,0.8862127123486535,AC,15.4
0.5702780916072215,0.8977593360674817,AC,15.5
0.576753238273002,0.9093806952149112,AC,15.600000000000001
0.5832402143775997,0.9210767897909411,AC,15.700000000000001
0.5897386129791289,0.932847619795572,AC,15.8
0.5962480196416489,0.9446931852288036,AC,15.9
0.602768012344855,0.9566134860906361,AC,16
0.609298161392851,0.9686085223810696,AC,16.1
0.6158380293219968,0.9806782941001041,AC,16.200000000000003
0.6223871708078235,0.9928228012477387,AC,16.3
0.6289451325710037,1.0050420438239744,AC,16.4
0.6355114532823734,1.0173360218288112,AC,16.5
0.6420856634669909,1.029704735262249,AC,16.6
0.6486672854072308,1.0421481841242874,AC,16.700000000000003
0.6552558330448972,1.0546663684149264,AC,16.8
0.6618508118823516,1.0672592881341663,AC,16.9
0.6684517188826467,1.0799269432820071,AC,17
0.6750580423686516,1.092669333858449,AC,17.1
0.6816692619211681,1.1054864598634917,AC,17.200000000000003
0.6882848482760191,1.1183783212971348,AC,17.3
0.6949042632201072,1.1313449181593787,AC,17.4
0.7015269594864316,1.1443862504502238,AC,17.5
0.7081523806480506,1.15750231816967,AC,17.6
0.7147799610109851,1.1706931213177167,AC,17.700000000000003
0.7214091255060511,1.1839586598943639,AC,17.8
0.7280392895796113,1.197298933899612,AC,17.9
0.734669859083236,1.2107139433334613,AC,18
0.7413002301622623,1.2242036881959115,AC,18.1
0.7479297891432456,1.2377681684869626,AC,18.200000000000003
0.7545579124202877,1.251407384206614,AC,18.3
0.7611839663402354,1.265121335354866,AC,18.4
0.7678073070867388,1.2789100219317195,AC,18.5
0.7744272805631545,1.2927734439371739,AC,18.6
0.7810432222742913,1.3067116013712292,AC,18.700000000000003
0.7876544572069804,1.3207244942338847,AC,18.8
0.7942602997094627,1.3348121225251408,AC,18.9
0.8008600533695842,1.3489744862449986,AC,19
0.8074530108917827,1.3632115853934572,AC,19.1
0.8140384539728621,1.377523419970516,AC,19.2
0.8206156531765395,1.391909989976176,AC,19.3
0.827183867806752,1.406371295410437,AC,19.400000000000002
0.8337423457797166,1.4209073362732985,AC,19.5
0.8402903234947302,1.4355181125647611,AC,19.6
0.8468270257036947,1.450203624284824,AC,19.7
0.8533516653793627,1.4649638714334883,AC,19.8
0.859863443582284,1.4797988540107536,AC,19.900000000000002
0.8663615493264492,1.4947085720166189,AC,20
0.8728451594436133,1.5096930254510856,AC,20.1
0.8793134384462882,1.5247522143141528,AC,20.2
0.8857655383893938,1.5398861386058214,AC,20.3
0.8922005987305538,1.5550947983260905,AC,20.400000000000002
0.8986177461890265,1.5703781934749603,AC,20.5
0.905016094603255,1.5857363240524314,AC,20.6
0.9113947447870258,1.6011691900585026,AC,20.7
0.9177527843842253,1.6166767914931752,AC,20.8
0.9240892877221761,1.6322591283564487,AC,20.900000000000002
0.9304033156635493,1.6479162006483223,AC,21
0.9366939154568302,1.6636480083687974,AC,21.1
0.9429601205853299,1.679454551517873,AC,21.2
0.9492009506147303,1.69533583009555,AC,21.3
0.9554154110391448,1.7112918441018274,AC,21.400000000000002
0.9616024931256879,1.7273225935367054,AC,21.5
0.9677611737575343,1.7434280784001845,AC,21.6
0.973890415275456,1.759608298692264,AC,21.7
0.979989165317827,1.775863254412945,AC,21.8
0.9860563566590747,1.7921929455622267,AC,21.900000000000002
0.9920909070465725,1.808597372140109,AC,22
0.9980917190359548,1.8250765341465924,AC,22.1
1.0040576798248386,1.8416304315816767,AC,22.200000000000003
1.0099876610849412,1.8582590644453612,AC,22.3
1.0158805187925803,1.8749624327376473,AC,22.400000000000002
1.021735093057538,1.8917405364585334,AC,22.5
1.0275502079502776,1.908593375608021,AC,22.6
1.033324671327494,1.9255209501861092,AC,22.700000000000003
1.0390572746559905,1.9425232601927982,AC,22.8
1.0447467928348606,1.9596003056280882,AC,22.900000000000002
1.0503919840159595,1.9767520864919785,AC,23
1.0559915894226575,1.9939786027844701,AC,23.1
1.061544333166847,2.011279854505563,AC,23.200000000000003
1.0670489220642039,2.028655841655256,AC,23.3
1.0725040454476724,2.04610656423355,AC,23.400000000000002
1.077908374979168,2.0636320222404447,AC,23.5
1.0832605644594786,2.08123221567594,AC,23.6
1.0885592496363459,2.0989071445400374,AC,23.700000000000003
1.0938030480107168,2.1166568088327344,AC,23.8
1.0989905586411426,2.134481208554033,AC,23.900000000000002
1.104120361946312,2.152380343703931,AC,24
1.1091910195057042,2.1703542142824315,AC,24.1
1.1142010738583368,2.1884028202895323,AC,24.200000000000003
1.119149048299604,2.2065261617252334,AC,24.3
1.1240334466761774,2.2247242385895363,AC,24.400000000000002
1.1288527531789572,2.2429970508824386,AC,24.5
1.133605432134057,2.261344598603943,AC,24.6
1.1382899277918022,2.279766881754048,AC,24.700000000000003
1.1429046641137257,2.2982639003327536,AC,24.8
1.147448044557546,2.31683565434006,AC,24.900000000000002
1.1519184518601016,2.335482143775967,AC,25
1.156314247818237,2.3542033686404755,AC,25.1
1.160633773067608,2.372999328933585,AC,25.200000000000003
1.164875346859396,2.391870024655294,AC,25.3
1.1690372668349134,2.410815455805605,AC,25.400000000000002
1.1731178087980778,2.429835622384516,AC,25.5
1.1771152264857372,2.4489305243920287,AC,25.6
1.1810277513358298,2.468100161828142,AC,25.700000000000003
1.1848535922533545,2.4873445346928555,AC,25.8
1.1885909353741397,2.5066636429861706,AC,25.900000000000002
1.192237943826383,2.526057486708086,AC,26
1.1957927574899487,2.5455260658586027,AC,26.1
1.1992534927534018,2.5650693804377203,AC,26.200000000000003
1.2026182422687541,2.584687430445438,AC,26.3
1.2058850747039096,2.6043802158817573,AC,26.400000000000002
1.2090520344927842,2.624147736746677,AC,26.5
1.2121171415830803,2.6439899930401976,AC,26.6
1.215078391181695,2.663906984762319,AC,26.700000000000003
1.2179337534977446,2.683898711913041,AC,26.8
1.2206811734831784,2.7039651744923647,AC,26.900000000000002
1.223318570570969,2.724106372500288,AC,27
1.2258438384108472,2.744322305936813,AC,27.1
1.2282548446025716,2.764612974801939,AC,27.200000000000003
1.2305494304267022,2.7849783790956653,AC,27.3
1.2327254105728598,2.8054185188179925,AC,27.400000000000002
1.234780572865451,2.82593339396892,AC,27.5
1.2367126779868334,2.8465230045484495,AC,27.6
1.238519459197899,2.8671873505565797,AC,27.700000000000003
1.2401986220560555,2.88792643199331,AC,27.8
1.2417478441305823,2.908740248858641,AC,27.900000000000002
1.2431647747153345,2.9296288011525733,AC,28
1.2444470345387773,2.9505920888751067,AC,28.1
1.2455922154713244,2.9716301120262405,AC,28.200000000000003
1.2465978802299569,2.9927428706059747,AC,28.3
1.2474615620800986,3.013930364614311,AC,28.400000000000002
1.2481807645347274,3.0351925940512468,AC,28.5
1.2487529610506942,3.0565295589167842,AC,28.6
1.2491755947222267,3.077941259210923,AC,28.700000000000003
1.2494460779715948,3.099427694933661,AC,28.8
1.2495617922369104,3.120988866085001,AC,28.900000000000002
1.24952008765704,3.1426247726649414,AC,29
1.2493182827536033,3.164335414673483,AC,29.1
1.2489536641100287,3.186120792110626,AC,29.200000000000003
1.248423486047649,3.207980904976368,AC,29.3
1.2477249702988027,3.2299157532707126,AC,29.400000000000002
1.2468553056769198,3.2519253369936565,AC,29.5
1.2458116477435663,3.2740096561452026,AC,29.6
1.2445911184724159,3.296168710725349,AC,29.700000000000003
1.2431908059101302,3.318402500734096,AC,29.8
1.2416077638341123,3.3407110261714443,AC,29.900000000000002
1.2398390114071134,3.3630942870373928,AC,30
1.2378815328286625,3.385552283331943,AC,30.1
1.2357322769832892,3.4080850150550934,AC,30.200000000000003
1.233388157085518,3.4306924822068443,AC,30.3
1.230846050321597,3.453374684787197,AC,30.400000000000002
1.2281027974879462,3.4761316227961494,AC,30.5
1.2251552026262813,3.4989632962337036,AC,30.6
1.2220000326553966,3.5218697050998586,AC,30.700000000000003
1.2186340169995742,3.544850849394614,AC,30.8
1.215053847213584,3.5679067291179707,AC,30.900000000000002
1.2112561766042595,3.591037344269927,AC,31
1.2072376198486043,3.614242694850485,AC,31.1
1.2029947526084106,3.6375227808596446,AC,31.200000000000003
1.1985241111413527,3.6608776022974037,AC,31.3
1.1938221919085277,3.6843071591637644,AC,31.400000000000002
1.1888854511784164,3.7078114514587255,AC,31.5
1.1837103046272273,3.731390479182288,AC,31.6
1.1782931269355945,3.7550442423344514,AC,31.700000000000003
1.1726302513816012,3.7787727409152145,AC,31.8
1.1667179694300929,3.8025759749245793,AC,31.900000000000002
1.160552530318256,3.8264539443625445,AC,32
1.1541301406374116,3.850406649229111,AC,32.1
1.1474469639110214,3.8744340895242786,AC,32.2
1.1404991201688421,3.898536265248045,AC,32.3
1.1332826855172164,3.9227131764004164,AC,32.400000000000006
1.1257936917054625,3.9469648229813843,AC,32.5
1.1180281256883138,3.971291204990955,AC,32.6
1.1099819291844089,3.995692322429127,AC,32.7
1.1016509982307574,4.020168175295898,AC,32.8
1.0930311827331738,4.0447187635912725,AC,32.900000000000006
1.084118286012644,4.069344087315245,AC,33
1.0749080643475697,4.09404414646782,AC,33.1
1.0653962265118802,4.118818941048996,AC,33.2
1.05557843330896,4.143668471058771,AC,33.3
1.0454502971013608,4.16859273649715,AC,33.400000000000006
1.0350073813362672,4.193591737364127,AC,33.5
1.024245200066667,4.218665473659706,AC,33.6
1.0131592174682025,4.243813945383886,AC,33.7
1.0017448473516624,4.269037152536665,AC,33.8
0.9899974526710672,4.294335095118049,AC,33.900000000000006
0.9779123450273327,4.3197077731280284,AC,34
0.9654847841674408,4.345155186566612,AC,34.1
0.9527099774791151,4.370677335433796,AC,34.2
0.9395830794809392,4.396274219729579,AC,34.3
0.9260991913078784,4.421945839453967,AC,34.400000000000006
0.9122533601921948,4.447692194606952,AC,34.5
0.8980405789396612,4.473513285188539,AC,34.6
0.8834557854011029,4.4994091111987276,AC,34.7
0.8684938619391667,4.525379672637515,AC,34.8
0.8531496348903065,4.5514249695049065,AC,34.900000000000006
0.837417874021956,4.577545001800895,AC,35
0.8212932919848039,4.603739769525487,AC,35.1
0.8047705437601811,4.63000927267868,AC,35.2
0.7878442261024843,4.656353511260473,AC,35.300000000000004
0.7705088769766061,4.682772485270865,AC,35.4
0.7527589749903224,4.70926619470986,AC,35.5
0.7345889388216118,4.7358346395774555,AC,35.6
0.7159931266408354,4.762477819873652,AC,35.7
0.696965835527762,4.78919573559845,AC,35.800000000000004
0.6775013008833783,4.8159883867518465,AC,35.9
0.6575936958364336,4.842855773333845,AC,36
0.6372371306447047,4.869797895344445,AC,36.1
0.6164256520908992,4.896814752783646,AC,36.2
0.595153242873176,4.923906345651448,AC,36.300000000000004
0.5734138209902279,4.951072673947848,AC,36.4
0.5512012391208769,4.978313737672852,AC,36.5
0.5285092839981587,5.005629536826456,AC,36.6
0.5053316757778101,5.03302007140866,AC,36.7
0.481662067401148,5.060485341419466,AC,36.800000000000004
0.45749404395227644,5.0880253468588705,AC,36.9
0.4328211220095665,5.115640087726878,AC,37
0.4076367489913875,5.143329564023486,AC,37.1
0.3819343024960067,5.1710937757486954,AC,37.2
0.3557070896356332,5.198932722902506,AC,37.300000000000004
0.32894834636454745,5.226846405484915,AC,37.4
0.30165123680126144,5.254834823495926,AC,37.5
0.2738088525446764,5.282897976935539,AC,37.6
0.24541421198416447,5.311035865803752,AC,37.7
0.2164602596035422,5.339248490100566,AC,37.800000000000004
0.18693986527887216,5.367535849825979,AC,37.9
0.15684582357003948,5.395897944979994,AC,38
-0.0861719276754838,0.022358990540011094,CH,3
-0.08066407353223325,0.023874433232167404,CH,3.1
-0.07512112753578111,0.025439562569968183,CH,3.2
-0.06954308301317985,0.02705437855341342,CH,3.3
-0.0639299358432678,0.028718881182503136,CH,3.4
-0.05828168449618664,0.03043307045723732,CH,3.5
-0.05259833007333895,0.03219694637761598,CH,3.6
-0.04687987634778354,0.0340105089436391,CH,3.7
-0.041126329805078896,0.03587375815530668,CH,3.8
-0.03533769968457612,0.03778669401261874,CH,3.9
-0.029513998021163383,0.03974931651557528,CH,4
-0.023655239687473323,0.04176162566417627,CH,4.1
-0.01776144243654775,0.043823621458421745,CH,4.2
-0.011832626944972566,0.04593530389831167,CH,4.3
-0.005868816856484087,0.048096672983846095,CH,4.4
1.29961173949898e-4,0.05030772871502496,CH,4.5
0.006163677435567583,0.0525684710918483,CH,4.6
0.012232299116766964,0.05487890011431613,CH,4.7
0.01833579025956839,0.0572390157824284,CH,4.8
0.024474111713584063,0.05964881809618516,CH,4.9
0.03064722108948841,0.06210830705558637,CH,5
0.03685507271198502,0.06461748266063205,CH,5.1
0.04309761757226477,0.06717634491132222,CH,5.2
0.04937480327995161,0.06978489380765686,CH,5.300000000000001
0.055686574014529255,0.07244312934963595,CH,5.4
0.06203287047624689,0.07515105153725951,CH,5.5
0.06841362983649538,0.07790866037052753,CH,5.6
0.07482878568765138,0.08071595584944005,CH,5.7
0.0812782679923847,0.08357293797399704,CH,5.800000000000001
0.08776200303242106,0.08647960674419847,CH,5.9
0.09427991335675925,0.08943596216004437,CH,6
0.10083191772933343,0.09244200422153474,CH,6.1
0.10741793107611865,0.09549773292866962,CH,6.2
0.11403786443167208,0.09860314828144895,CH,6.300000000000001
0.12069162488510651,0.10175825027987273,CH,6.4
0.12737911552548903,0.10496303892394096,CH,6.5
0.1341002353866617,0.10821751421365368,CH,6.6
0.14085487939147587,0.11152167614901089,CH,6.7
0.14764293829543823,0.11487552473001257,CH,6.800000000000001
0.15446429862975922,0.1182790599566587,CH,6.9
0.16131884264380253,0.12173228182894928,CH,7
0.16820644824692604,0.12523519034688438,CH,7.1000000000000005
0.1751269889497109,0.1287877855104639,CH,7.2
0.1820803338045739,0.13239006731968792,CH,7.3
0.1890663473457526,0.1360420357745564,CH,7.4
0.19608488952866523,0.13974369087506933,CH,7.5
0.20313581566863181,0.14349503262122676,CH,7.6000000000000005
0.21021897637895537,0.14729606101302864,CH,7.7
0.21733421750835594,0.15114677605047502,CH,7.800000000000001
0.22448138007775043,0.15504717773356583,CH,7.9
0.23166030021637427,0.1589972660623011,CH,8
0.2388708090972376,0.16299704103668095,CH,8.100000000000001
0.24611273287190794,0.1670465026567051,CH,8.2
0.2533858926046194,0.17114565092237383,CH,8.3
0.2606901042056924,0.17529448583368698,CH,8.4
0.26802517836426787,0.1794930073906446,CH,8.5
0.2753909204803427,0.18374121559324677,CH,8.600000000000001
0.28278713059610167,0.18803911044149324,CH,8.7
0.2902136033265412,0.19238669193538438,CH,8.8
0.2976701277893765,0.19678396007491988,CH,8.9
0.30515648753422603,0.20123091486009984,CH,9
0.3126724604710662,0.20572755629092437,CH,9.100000000000001
0.3202178187979518,0.2102738843673932,CH,9.2
0.327792328927992,0.21486989908950663,CH,9.3
0.33539575141557754,0.2195156004572645,CH,9.4
0.343027840881852,0.22421098847066678,CH,9.5
0.3506883459394196,0.22895606312971364,CH,9.600000000000001
0.35837700911628106,0.23375082443440484,CH,9.7
0.36609356677899635,0.23859527238474065,CH,9.8
0.37383774905505773,0.24348940698072083,CH,9.9
0.38160927975447584,0.24843322822234548,CH,10
0.38940787629056434,0.2534267361096147,CH,10.100000000000001
0.3972332495999188,0.2584699306425282,CH,10.2
0.4050851040615841,0.2635628118210864,CH,10.3
0.4129631374153985,0.2687053796452889,CH,10.4
0.4208670406795105,0.2738976341151359,CH,10.5
0.4287964980670613,0.27913957523062743,CH,10.600000000000001
0.4367511869020204,0.2844312029917633,CH,10.7
0.44473077753417506,0.2897725173985438,CH,10.8
0.4527349332532555,0.29516351845096866,CH,10.9
0.46076331020219813,0.30060420614903804,CH,11
0.4688155572895318,0.30609458049275184,CH,11.1
0.47689131610088203,0.31163464148211023,CH,11.200000000000001
0.4849902208095862,0.317224389117113,CH,11.3
0.4931118980864083,0.3228638233977602,CH,11.4
0.5012559670083493,0.3285529443240519,CH,11.5
0.5094220389665404,0.3342917518959881,CH,11.6
0.5176097175732162,0.34008024611356874,CH,11.700000000000001
0.5258185985677533,0.34591842697679387,CH,11.8
0.5340482697217724,0.3518062944856635,CH,11.9
0.5422983107432894,0.3577438486401775,CH,12
0.5505682931799115,0.363731089440336,CH,12.1
0.5588577803210673,0.3697680168861391,CH,12.200000000000001
0.567166327099263,0.37585463097758653,CH,12.3
0.5754934799903547,0.38199093171467846,CH,12.4
0.5838387769128323,0.3881769190974148,CH,12.5
0.5922017471260979,0.3944125931257958,CH,12.600000000000001
0.6005819111277384,0.4006979537998211,CH,12.700000000000001
0.6089787805497787,0.4070330011194909,CH,12.8
0.6173918580539056,0.4134177350848051,CH,12.9
0.6258206372256567,0.41985215569576384,CH,13
0.6342646024675617,0.4263362629523672,CH,13.100000000000001
0.6427232288912279,0.4328700568546149,CH,13.200000000000001
0.6511959822083618,0.439453537402507,CH,13.3
0.6596823186207152,0.44608670459604355,CH,13.4
0.6681816847089467,0.45276955843522465,CH,13.5
0.6766935173203896,0.4595020989200503,CH,13.600000000000001
0.6852172434557163,0.4662843260505203,CH,13.700000000000001
0.6937522801544896,0.4731162398266348,CH,13.8
0.7022980343795879,0.4799978402483937,CH,13.9
0.7108539029005009,0.48692912731579713,CH,14
0.7194192721754774,0.49391010102884514,CH,14.100000000000001
0.7279935182325227,0.5009407613875375,CH,14.200000000000001
0.7365760065492295,0.5080211083918743,CH,14.3
0.745166091931436,0.5151511420418556,CH,14.4
0.7537631183906973,0.5223308623374814,CH,14.5
0.7623664190205632,0.5295602692787518,CH,14.600000000000001
0.7709753158716479,0.5368393628656665,CH,14.700000000000001
0.7795891198254848,0.5441681430982256,CH,14.8
0.7882071304671525,0.5515466099764292,CH,14.9
0.7968286359566628,0.5589747635002773,CH,15
0.805452912899098,0.56645260366977,CH,15.100000000000001
0.8140792262134899,0.573980130484907,CH,15.200000000000001
0.8227068290004248,0.5815573439456886,CH,15.3
0.8313349624083664,0.5891842440521146,CH,15.4
0.8399628554986845,0.5968608308041851,CH,15.5
0.8485897251093788,0.6045871042019001,CH,15.600000000000001
0.8572147757174817,0.6123630642452594,CH,15.700000000000001
0.8658371993001369,0.6201887109342633,CH,15.8
0.8744561751943342,0.6280640442689116,CH,15.9
0.8830708699552922,0.6359890642492044,CH,16
0.891680437213477,0.6439637708751418,CH,16.1
0.9002840175302443,0.6519881641467238,CH,16.200000000000003
0.9088807382520919,0.6600622440639496,CH,16.3
0.9174697133635132,0.6681860106268204,CH,16.4
0.9260500433384354,0.6763594638353355,CH,16.5
0.9346208149902326,0.6845826036894953,CH,16.6
0.9431811013203015,0.6928554301892995,CH,16.700000000000003
0.951729961365185,0.7011779433347479,CH,16.8
0.9602664400422332,0.7095501431258409,CH,16.9
0.9687895679937881,0.7179720295625784,CH,17
0.9772983614298766,0.7264436026449604,CH,17.1
0.985791821969403,0.7349648623729871,CH,17.200000000000003
0.9942689364798257,0.7435358087466578,CH,17.3
1.0027286769153059,0.752156441765973,CH,17.4
1.0111700001533097,0.7608267614309331,CH,17.5
1.0195918478296588,0.7695467677415375,CH,17.6
1.0279931461720095,0.7783164606977864,CH,17.700000000000003
1.0363728058317485,0.7871358402996795,CH,17.8
1.0447297217142941,0.7960049065472171,CH,17.9
1.0530627728077813,0.8049236594403993,CH,18
1.0613708220101257,0.8138920989792262,CH,18.1
1.0696527159544473,0.8229102251636975,CH,18.200000000000003
1.07790728483284,0.8319780379938129,CH,18.3
1.0861333422184734,0.8410955374695728,CH,18.4
1.0943296848860127,0.8502627235909774,CH,18.5
1.1024950926303376,0.8594795963580265,CH,18.6
1.110628328083555,0.8687461557707202,CH,18.700000000000003
1.1187281365302797,0.878062401829058,CH,18.8
1.1267932457211762,0.88742833453304,CH,18.9
1.1348223656847412,0.8968439538826671,CH,19
1.1428141885373142,0.9063092598779386,CH,19.1
1.1507673882913005,0.9158242525188544,CH,19.2
1.1586806206615916,0.9253889318054147,CH,19.3
1.166552522870165,0.9350032977376196,CH,19.400000000000002
1.1743817134488481,0.9446673503154687,CH,19.5
1.182166792040235,0.9543810895389626,CH,19.6
1.1899063391967337,0.9641445154081005,CH,19.7
1.19759891617773,0.9739576279228833,CH,19.8
1.2052430647448527,0.9838204270833106,CH,19.900000000000002
1.2128373069553238,0.9937329128893819,CH,20
1.2203801449533753,1.0036950853410982,CH,20.1
1.227870060759716,1.0137069444384583,CH,20.2
1.2353055160590358,1.0237684901814637,CH,20.3
1.2426849519855212,1.033879722570113,CH,20.400000000000002
1.250006788906375,1.0440406416044068,CH,20.5
1.2572694262033206,1.0542512472843455,CH,20.6
1.2644712420520627,1.064511539609928,CH,20.7
1.2716105931997057,1.0748215185811556,CH,20.8
1.278685814740096,1.0851811841980277,CH,20.900000000000002
1.2856952198870764,1.0955905364605436,CH,21
1.2926370997456387,1.1060495753687043,CH,21.1
1.2995097230809463,1.1165583009225095,CH,21.2
1.3063113360852199,1.1271167131219593,CH,21.3
1.3130401621424574,1.1377248119670536,CH,21.400000000000002
1.3196944015909795,1.148382597457792,CH,21.5
1.3262722314837723,1.1590900695941753,CH,21.6
1.3327718053466135,1.1698472283762027,CH,21.7
1.3391912529339687,1.1806540738038747,CH,21.8
1.3455286799826212,1.1915106058771914,CH,21.900000000000002
1.3517821679630366,1.2024168245961522,CH,22
1.3579497738284305,1.2133727299607577,CH,22.1
1.3640295297615184,1.2243783219710078,CH,22.200000000000003
1.370019442918935,1.235433600626902,CH,22.3
1.3759174951733035,1.246538565928441,CH,22.400000000000002
1.381721642852921,1.257693217875624,CH,22.5
1.3874298164790597,1.268897556468452,CH,22.6
1.393039920500847,1.2801515817069242,CH,22.700000000000003
1.3985498330277113,1.2914552935910408,CH,22.8
1.4039574055593746,1.3028086921208022,CH,22.900000000000002
1.4092604627133625,1.3142117772962076,CH,23
1.41445680195002,1.3256645491172578,CH,23.1
1.4195441932950057,1.3371670075839526,CH,23.200000000000003
1.4245203790592447,1.3487191526962914,CH,23.3
1.4293830735563178,1.360320984454275,CH,23.400000000000002
1.4341299628172661,1.3719725028579028,CH,23.5
1.438758704302791,1.3836737079071755,CH,23.6
1.4432669266128197,1.3954245996020926,CH,23.700000000000003
1.4476522291934233,1.407225177942654,CH,23.8
1.451912182041062,1.41907544292886,CH,23.900000000000002
1.4560443254041244,1.43097539456071,CH,24
1.4600461694817588,1.4429250328382048,CH,24.1
1.463915194119953,1.4549243577613442,CH,24.200000000000003
1.4676488485048502,1.466973369330128,CH,24.3
1.471244550853274,1.4790720675445563,CH,24.400000000000002
1.4746996881004426,1.4912204524046286,CH,24.5
1.4780116155848413,1.5034185239103461,CH,24.6
1.4811776567302348,1.515666282061708,CH,24.700000000000003
1.484195102724795,1.5279637268587138,CH,24.8
1.4870612121973157,1.5403108583013645,CH,24.900000000000002
1.489773210890494,1.5527076763896592,CH,25
1.4923282913312514,1.565154181123599,CH,25.1
1.4947236124980667,1.5776503725031832,CH,25.200000000000003
1.4969562994853027,1.5901962505284113,CH,25.3
1.499023443164495,1.6027918151992844,CH,25.400000000000002
1.5009220998425779,1.6154370665158015,CH,25.5
1.5026492909170233,1.6281320044779637,CH,25.6
1.5042020025278675,1.64087662908577,CH,25.700000000000003
1.5055771852065951,1.6536709403392205,CH,25.8
1.5067717535218588,1.6665149382383158,CH,25.900000000000002
1.5077825857220037,1.6794086227830554,CH,26
1.5086065233743726,1.6923519939734397,CH,26.1
1.5092403710013615,1.7053450518094688,CH,26.200000000000003
1.509680895713205,1.7183877962911416,CH,26.3
1.5099248268374517,1.7314802274184595,CH,26.400000000000002
1.5099688555451145,1.7446223451914211,CH,26.5
1.5098096344734633,1.757814149610028,CH,26.6
1.5094437773454235,1.771055640674279,CH,26.700000000000003
1.508867858585568,1.7843468183841742,CH,26.8
1.5080784129326579,1.7976876827397144,CH,26.900000000000002
1.507071935048714,1.8110782337408986,CH,27
1.5058448791245835,1.8245184713877276,CH,27.1
1.5043936584819775,1.8380083956802011,CH,27.200000000000003
1.502714645171944,1.8515480066183188,CH,27.3
1.5008041695697492,1.8651373042020811,CH,27.400000000000002
1.498658519966141,1.8787762884314876,CH,27.5
1.4962739421549542,1.8924649593065392,CH,27.6
1.4936466390170384,1.9062033168272352,CH,27.700000000000003
1.4907727701004694,1.9199913609935748,CH,27.8
1.4876484511970145,1.9338290918055596,CH,27.900000000000002
1.4842697539148235,1.9477165092631885,CH,28
1.480632705247312,1.9616536133664624,CH,28.1
1.476733287138202,1.9756404041153806,CH,28.200000000000003
1.4725674360426915,1.9896768815099426,CH,28.3
1.4681310424847225,2.00376304555015,CH,28.400000000000002
1.4634199506103056,2.017898896236001,CH,28.5
1.4584299577368796,2.0320844335674972,CH,28.6
1.453156813898666,2.046319657544638,CH,28.700000000000003
1.4475962213879843,2.0606045681674225,CH,28.8
1.4417438342924989,2.074939165435852,CH,28.900000000000002
1.4355952580283637,2.0893234493499255,CH,29
1.429146048869218,2.103757419909644,CH,29.1
1.4223917134710211,2.118241077115007,CH,29.200000000000003
1.4153277083926707,2.1327744209660136,CH,29.3
1.4079494396123773,2.147357451462666,CH,29.400000000000002
1.400252262039763,2.1619901686049614,CH,29.5
1.3922314790236454,2.1766725723929023,CH,29.6
1.3838823418554662,2.1914046628264874,CH,29.700000000000003
1.375200049268338,2.206186439905717,CH,29.8
1.3661797469316648,2.221017903630591,CH,29.900000000000002
1.356816526941302,2.235899054001109,CH,30
1.3471054273052194,2.2508298910172724,CH,30.1
1.3370414314246297,2.26581041467908,CH,30.200000000000003
1.326619467570543,2.280840624986532,CH,30.3
1.3158344083557085,2.295920521939628,CH,30.400000000000002
1.3046810702019151,2.311050105538369,CH,30.5
1.2931542128025917,2.3262293757827543,CH,30.6
1.281248538580691,2.3414583326727842,CH,30.700000000000003
1.2689586921418048,2.3567369762084582,CH,30.8
1.2562792597224688,2.372065306389777,CH,30.900000000000002
1.2432047686336252,2.3874433232167402,CH,31
1.2297296866992051,2.402871026689348,CH,31.1
1.2158484216897714,2.4183484168076004,CH,31.200000000000003
1.201555320751209,2.4338754935714966,CH,31.3
1.1868446698283939,2.4494522569810377,CH,31.400000000000002
1.1717106930838215,2.465078707036223,CH,31.5
1.1561475523111384,2.4807548437370532,CH,31.6
1.140149346343543,2.496480667083528,CH,31.700000000000003
1.1237101104570073,2.5122561770756464,CH,31.8
1.1068238157682768,2.5280813737134102,CH,31.900000000000002
1.08948436862762,2.5439562569968177,CH,32
1.0716856100062517,2.55988082692587,CH,32.1
1.0534213148784277,2.575855083500567,CH,32.2
1.0346851915981312,2.5918790267209073,CH,32.3
1.0154708812703201,2.607952656586895,CH,32.400000000000006
0.9957719571167074,2.624075973098524,CH,32.5
0.9755819238359859,2.6402489762557986,CH,32.6
0.9548942169585011,2.6564716660587187,CH,32.7
0.9337022021952964,2.6727440425072815,CH,32.8
0.9119991747814777,2.6890661056014906,CH,32.900000000000006
0.8897783588138982,2.705437855341342,CH,33
0.867032906583034,2.72185929172684,CH,33.1
0.8437558978990968,2.7383304147579812,CH,33.2
0.8199403394122673,2.7548512244347663,CH,33.3
0.7955791639270161,2.771421720757198,CH,33.400000000000006
0.7706652297105056,2.788041903725272,CH,33.5
0.7451913197949414,2.8047117733389917,CH,33.6
0.7191501412739177,2.821431329598356,CH,33.7
0.692534324592634,2.8382005725033634,CH,33.8
0.6653364228319619,2.855019502054018,CH,33.900000000000006
0.6375489109863328,2.8718881182503138,CH,34
0.6091641852353334,2.888806421092256,CH,34.1
0.580174562209034,2.9057744105798418,CH,34.2
0.5505722782469422,2.9227920867130717,CH,34.3
0.5203494886505378,2.9398594494919483,CH,34.400000000000006
0.48949826692938775,2.956976498916467,CH,34.5
0.45801060404068233,2.9741432349866312,CH,34.6
0.42587840762226975,2.99135965770244,CH,34.7
0.3930935012190258,3.008625767063892,CH,34.8
0.3596476235025536,3.025941563070991,CH,34.900000000000006
0.32553242748418815,3.0433070457237323,CH,35
0.2907394797211494,3.0607222150221185,CH,35.1
0.2552602595159227,3.07818707096615,CH,35.2
0.2190861581086945,3.0957016135558257,CH,35.300000000000004
0.18220847786286104,3.113265842791144,CH,35.4
0.14461843144349867,3.130879758672109,CH,35.5
0.10630714098880553,3.148543361198718,CH,35.6
0.06726563727437881,3.1662566503709715,CH,35.7
0.027484858870330663,3.1840196261888694,CH,35.800000000000004
-0.013044348708847322,3.2018322886524104,CH,35.9
-0.05433123386172623,3.2196946377615974,CH,36
-0.09638513976472667,3.237606673516429,CH,36.1
-0.1392155052443492,3.255568395916905,CH,36.2
-0.18283186565686735,3.273579804963025,CH,36.300000000000004
-0.22724385377558182,3.291640900654788,CH,36.4
-0.2724612006856781,3.309751682992198,CH,36.5
-0.31849373668673003,3.3279121519752515,CH,36.6
-0.36535139220296076,3.3461223076039492,CH,36.7
-0.4130441987012755,3.364382149878292,CH,36.800000000000004
-0.46158228961717057,3.382691678798278,CH,36.9
-0.5109759012885535,3.4010508943639097,CH,37
-0.5612353738975359,3.4194597965751856,CH,37.1
-0.6123711524202903,3.437918385432106,CH,37.2
-0.6643937875850294,3.4564266609346714,CH,37.300000000000004
-0.7173139368381464,3.4749846230828796,CH,37.4
-0.7711423653186341,3.493592271876733,CH,37.5
-0.8258899468407697,3.512249607316232,CH,37.6
-0.8815676648852391,3.5309566294013743,CH,37.7
-0.9381866135986772,3.549713338132162,CH,37.800000000000004
-0.9957579988017339,3.5685197335085923,CH,37.9
-1.054293139005744,3.5873758155306685,CH,38
0.010686572169036864,0.007299008275476885,CS,3
0.012110945698649424,0.00779371883637032,CS,3.1
0.013555216359458768,0.008304649415653703,CS,3.2
0.015019535779025138,0.008831800013327031,CS,3.3
0.016504055237803586,0.00937517062939031,CS,3.4
0.018008925628864712,0.00993476126384354,CS,3.5
0.019534297416610547,0.010510571916686716,CS,3.6
0.021080320594467274,0.011102602587919841,CS,3.7
0.022647144641535263,0.011710853277542914,CS,3.8
0.024234918478176392,0.012335323985555936,CS,3.9
0.02584379042051948,0.012976014711958908,CS,4
0.02747390813386258,0.013632925456751826,CS,4.1
0.029125418584952073,0.014306056219934696,CS,4.2
0.030798467993117577,0.014995407001507512,CS,4.3
0.03249320178024077,0.01570097780147028,CS,4.4
0.03420976451953732,0.016422768619822992,CS,4.5
0.03594829988312903,0.017160779456565654,CS,4.6
0.03770895058838416,0.01791501031169827,CS,4.7
0.039491858343003304,0.018685461185220825,CS,4.8
0.041297163788827126,0.01947213207713334,CS,4.9
0.04312500644434319,0.020275022987435793,CS,5
0.04497552464586711,0.0210941339161282,CS,5.1
0.04684885548737421,0.021929464863210558,CS,5.2
0.048745134758957094,0.022781015828682864,CS,5.300000000000001
0.05066449688388333,0.023648786812545113,CS,5.4
0.05260707485422869,0.02453277781479731,CS,5.5
0.054573000165058914,0.025432988835439457,CS,5.6
0.05656240274713453,0.02634941987447156,CS,5.7
0.058575410898111524,0.02728207093189361,CS,5.800000000000001
0.06061215121221031,0.028230942007705602,CS,5.9
0.0626727485083262,0.02919603310190754,CS,6
0.06475732575655233,0.03017734421449943,CS,6.1
0.06686600400308665,0.03117487534548128,CS,6.2
0.06899890229349478,0.03218862649485307,CS,6.300000000000001
0.07115613759429747,0.03321859766261481,CS,6.4
0.07333782471285487,0.03426478884876649,CS,6.5
0.07554407621551498,0.035327200053308125,CS,6.6
0.0777750023439968,0.03640583127623971,CS,6.7
0.08003071092997602,0.03750068251756125,CS,6.800000000000001
0.08231130730784138,0.03861175377727273,CS,6.9
0.08461689422558921,0.03973904505537416,CS,7
0.08694757175382355,0.040882556351865544,CS,7.1000000000000005
0.08930343719282688,0.042042287666746864,CS,7.2
0.09168458497766979,0.04321823900001814,CS,7.3
0.09409110658132212,0.044410410351679364,CS,7.4
0.09652309041573284,0.04561880172173054,CS,7.5
0.09898062173084123,0.046843413110171664,CS,7.6000000000000005
0.10146378251148376,0.04808424451700273,CS,7.7
0.10397265137216018,0.04934129594222376,CS,7.800000000000001
0.10650730344961969,0.05061456738583472,CS,7.9
0.10906781029323134,0.05190405884783563,CS,8
0.11165423975309807,0.05320977032822652,CS,8.100000000000001
0.11426665586587585,0.054531701827007305,CS,8.2
0.11690511873825851,0.055869853344178086,CS,8.3
0.11956968442808602,0.057224224879738786,CS,8.4
0.12226040482303704,0.05859481643368944,CS,8.5
0.12497732751686257,0.05998162800603007,CS,8.600000000000001
0.12772049568311766,0.061384659596760593,CS,8.7
0.13048994794635047,0.06280391120588112,CS,8.8
0.13328571825070118,0.06423938283339158,CS,8.9
0.13610783572586918,0.06569107447929197,CS,9
0.13895632455040194,0.06715898614358234,CS,9.100000000000001
0.14183120381225914,0.06864311782626262,CS,9.2
0.14473248736660665,0.07014346952733287,CS,9.3
0.14766018369079145,0.07166004124679308,CS,9.4
0.15061429573645027,0.07319283298464321,CS,9.5
0.15359482077870265,0.07474184474088333,CS,9.600000000000001
0.15660175026237805,0.07630707651551334,CS,9.7
0.15963506964522828,0.07788852830853336,CS,9.8
0.16269475823807092,0.07948620011994328,CS,9.9
0.16578078904181537,0.08110009194974317,CS,10
0.16889312858131497,0.08273020379793304,CS,10.100000000000001
0.1720317367359936,0.0843765356645128,CS,10.2
0.1751965665671923,0.08603908754948254,CS,10.3
0.1783875641421783,0.08771785945284223,CS,10.4
0.1816046683547627,0.08941285137459185,CS,10.5
0.18484781074246798,0.09112406331473145,CS,10.600000000000001
0.18811691530018748,0.09285149527326095,CS,10.7
0.1914118982902788,0.09459514725018045,CS,10.8
0.1947326680490292,0.09635501924548986,CS,10.9
0.19807912478943462,0.09813111125918925,CS,11
0.20145116040022865,0.09992342329127855,CS,11.1
0.20484865824109913,0.10173195534175786,CS,11.200000000000001
0.2082714929340291,0.10355670741062707,CS,11.3
0.2117195301506972,0.10539767949788624,CS,11.4
0.21519262639587133,0.10725487160353535,CS,11.5
0.2186906287867296,0.10912828372757441,CS,11.6
0.22221337482803957,0.11101791587000344,CS,11.700000000000001
0.22576069218312864,0.11292376803082241,CS,11.8
0.2293323984405743,0.11484584021003132,CS,11.9
0.23292830087654406,0.11678413240763016,CS,12
0.2365481962127122,0.11873864462361898,CS,12.1
0.24019187036968115,0.12070937685799776,CS,12.200000000000001
0.24385909821583265,0.12269632911076646,CS,12.3
0.24754964331153329,0.12469950138192512,CS,12.4
0.2512632576486175,0.1267188936714737,CS,12.5
0.25499968138507156,0.1287545059794123,CS,12.600000000000001
0.2587586425748373,0.1308063383057408,CS,12.700000000000001
0.26253985689265796,0.13287439065045925,CS,12.8
0.26634302735388266,0.13495866301356763,CS,12.9
0.2701678440291481,0.13705915539506597,CS,13
0.2740139837538533,0.1391758677949543,CS,13.100000000000001
0.277881109832341,0.14130880021323253,CS,13.200000000000001
0.2817688717367018,0.14345795264990072,CS,13.3
0.2856769048001105,0.14562332510495885,CS,13.4
0.2896048299046067,0.14780491757840694,CS,13.5
0.2935522531632295,0.150002730070245,CS,13.600000000000001
0.2975187655964135,0.15221676258047298,CS,13.700000000000001
0.30150394280255355,0.15444701510909092,CS,13.8
0.3055073446226425,0.15669348765609878,CS,13.9
0.30952851479888716,0.15895618022149663,CS,14
0.3135669806272042,0.16123509280528442,CS,14.100000000000001
0.3176222526034953,0.16353022540746218,CS,14.200000000000001
0.3216938240636049,0.16584157802802982,CS,14.3
0.32578117081685326,0.16816915066698745,CS,14.4
0.3298837507730458,0.17051294332433503,CS,14.5
0.3340010035628501,0.1728729560000726,CS,14.600000000000001
0.33813235015143567,0.17524918869420006,CS,14.700000000000001
0.34227719244526716,0.17764164140671745,CS,14.8
0.3464349128919411,0.18005031413762485,CS,14.9
0.35060487407295415,0.18247520688692215,CS,15
0.3547864182892899,0.18491631965460945,CS,15.100000000000001
0.35897886713970806,0.18737365244068666,CS,15.200000000000001
0.3631815210916205,0.18984720524515383,CS,15.3
0.3673936590444344,0.19233697806801092,CS,15.4
0.37161453788524257,0.19484297090925798,CS,15.5
0.3758433920367371,0.19736518376889503,CS,15.600000000000001
0.38007943299722563,0.19990361664692197,CS,15.700000000000001
0.3843218488726202,0.20245826954333887,CS,15.8
0.3885698039002743,0.2050291424581457,CS,15.9
0.39282243796453475,0.20761623539134252,CS,16
0.397078866103881,0.2102195483429293,CS,16.1
0.40133817800951327,0.21283908131290608,CS,16.200000000000003
0.405599437515258,0.21547483430127262,CS,16.3
0.4098616820786504,0.21812680730802922,CS,16.4
0.414123922253055,0.22079500033317578,CS,16.5
0.41838514115068137,0.22347941337671234,CS,16.6
0.4226442938963533,0.22618004643863882,CS,16.700000000000003
0.42690030707188176,0.22889689951895514,CS,16.8
0.4311520781508976,0.23162997261766144,CS,16.9
0.4353984749239886,0.23437926573475776,CS,17
0.43963833491399085,0.23714477887024404,CS,17.1
0.4438704647812801,0.23992651202412027,CS,17.200000000000003
0.4480936397189029,0.24272446519638635,CS,17.3
0.4523066028373903,0.24553863838704237,CS,17.4
0.4565080645390894,0.24836903159608847,CS,17.5
0.46069670188185063,0.2512156448235245,CS,17.6
0.46487115793190265,0.25407847806935047,CS,17.700000000000003
0.4690300411057447,0.2569575313335663,CS,17.8
0.4731719245008858,0.25985280461617205,CS,17.9
0.47729534521525474,0.2627642979171679,CS,18
0.48139880365510457,0.26569201123655367,CS,18.1
0.4854807628312319,0.2686359445743294,CS,18.200000000000003
0.48953964764332736,0.27159609793049494,CS,18.3
0.49357384415227484,0.27457247130505047,CS,18.4
0.49758169884020625,0.277565064697996,CS,18.5
0.5015615178581284,0.2805738781093315,CS,18.6
0.5055115662609213,0.283598911539057,CS,18.700000000000003
0.509430067229517,0.2866401649871723,CS,18.8
0.5133152012800566,0.2896976384536775,CS,18.9
0.5171651054598239,0.29277133193857285,CS,19
0.5209778725297503,0.2958612454418581,CS,19.1
0.5247515501332848,0.2989673789635332,CS,19.2
0.5284841399514139,0.30208973250359833,CS,19.3
0.5321735968436203,0.3052283060620535,CS,19.400000000000002
0.5358178279745628,0.30838309963889843,CS,19.5
0.5394146919262522,0.31155411323413346,CS,19.6
0.5429619977955064,0.3147413468477583,CS,19.7
0.5464575042764505,0.31794480047977314,CS,19.8
0.5498989187278354,0.321164474130178,CS,19.900000000000002
0.5532838962249405,0.3244003677989727,CS,20
0.5566100385958201,0.32765248148615744,CS,20.1
0.5598748934416569,0.330920815191732,CS,20.2
0.5630759531409744,0.3342053689156967,CS,20.3
0.5662106538374615,0.33750614265805123,CS,20.400000000000002
0.5692763744111584,0.3408231364187957,CS,20.5
0.5722704354327485,0.34415635019793017,CS,20.6
0.5751900981006927,0.3475057839954545,CS,20.7
0.5780325631609511,0.3508714378113689,CS,20.8
0.5807949698090189,0.35425331164567325,CS,20.900000000000002
0.5834743945740071,0.3576514054983674,CS,21
0.5860678501844971,0.3610657193694516,CS,21.1
0.5885722844158838,0.3644962532589257,CS,21.2
0.5909845789189321,0.36794300716678985,CS,21.3
0.5933015480292535,0.3714059810930439,CS,21.400000000000002
0.5955199375574164,0.3748851750376878,CS,21.5
0.5976364235593918,0.3783805890007218,CS,21.6
0.5996476110870365,0.38189222298214565,CS,21.7
0.6015500329183103,0.38542007698195946,CS,21.8
0.6033401482669166,0.3889641510001633,CS,21.900000000000002
0.6050143414710556,0.392524445036757,CS,22
0.6065689206609731,0.3961009590917407,CS,22.1
0.6080001164049803,0.3996936931651144,CS,22.200000000000003
0.6093040803336216,0.40330264725687787,CS,22.3
0.6104768837416549,0.40692782136703143,CS,22.400000000000002
0.6115145161675132,0.4105692154955748,CS,22.5
0.6124128839499007,0.4142268296425083,CS,22.6
0.6131678087611833,0.41790066380783164,CS,22.700000000000003
0.6137750261172159,0.42159071799154496,CS,22.8
0.6142301838632587,0.42529699219364825,CS,22.900000000000002
0.6145288406356114,0.4290194864141414,CS,23
0.614666464298609,0.43275820065302456,CS,23.1
0.6146384303565974,0.43651313491029775,CS,23.200000000000003
0.6144400203405216,0.4402842891859607,CS,23.3
0.6140664201687352,0.44407166348001376,CS,23.400000000000002
0.6135127184816486,0.4478752577924567,CS,23.5
0.6127739049498196,0.45169507212328963,CS,23.6
0.6118448685550886,0.45553110647251255,CS,23.700000000000003
0.6107203958443511,0.45938336084012527,CS,23.8
0.6093951691555596,0.4632518352261281,CS,23.900000000000002
0.6078637648155326,0.46713652963052066,CS,24
0.606120651309157,0.4710374440533034,CS,24.1
0.6041601874195434,0.474954578494476,CS,24.200000000000003
0.601976620338708,0.4788879329540385,CS,24.3
0.5995640837483348,0.48283750743199105,CS,24.400000000000002
0.5969165958701746,0.4868033019283334,CS,24.5
0.5940280574856198,0.49078531644306583,CS,24.6
0.5908922499240027,0.49478355097618826,CS,24.700000000000003
0.5875028330191407,0.4987980055277005,CS,24.8
0.5838533430336643,0.5028286800976027,CS,24.900000000000002
0.5799371905506382,0.5068755746858948,CS,25
0.5757476583319909,0.510938689292577,CS,25.1
0.5712778991432625,0.5150180239176492,CS,25.200000000000003
0.5665209335441598,0.5191135785611111,CS,25.3
0.5614696476444162,0.5232253532229632,CS,25.400000000000002
0.5561167908244419,0.527353347903205,CS,25.5
0.5504549734202288,0.531497562601837,CS,25.6
0.5444766643719983,0.5356579973188588,CS,25.700000000000003
0.5381741888360316,0.5398346520542705,CS,25.8
0.5315397257591518,0.5440275268080722,CS,25.900000000000002
0.5245653054152983,0.5482366215802639,CS,26
0.5172428069036273,0.5524619363708455,CS,26.1
0.5095639556075766,0.5567034711798172,CS,26.200000000000003
0.5015203206143064,0.5609612260071786,CS,26.3
0.4931033120939368,0.5652352008529301,CS,26.400000000000002
0.48430417863798686,0.5695253957170714,CS,26.5
0.47511400455640407,0.5738318105996029,CS,26.6
0.46552370713258223,0.5781544455005242,CS,26.700000000000003
0.4555240338357389,0.5824933004198354,CS,26.8
0.4451055594900269,0.5868483753575366,CS,26.900000000000002
0.43425868339974155,0.5912196703136278,CS,27
0.4229736264299711,0.5956071852881089,CS,27.1
0.41124042804204025,0.60001092028098,CS,27.200000000000003
0.3990489432830773,0.6044308752922409,CS,27.3
0.3863888397290223,0.6088670503218919,CS,27.400000000000002
0.3732495943804091,0.6133194453699328,CS,27.5
0.3596204905102016,0.6177880604363637,CS,27.6
0.34549061446300294,0.6222728955211846,CS,27.700000000000003
0.33084885240490686,0.6267739506243951,CS,27.8
0.3156838870232684,0.6312912257459959,CS,27.900000000000002
0.2999841941756714,0.6358247208859865,CS,28
0.2837380394873244,0.6403744360443672,CS,28.1
0.2669334748961512,0.6449403712211377,CS,28.200000000000003
0.2495583351447957,0.649522526416298,CS,28.3
0.23160023421876166,0.6541209016298487,CS,28.400000000000002
0.21304656172991476,0.6587354968617889,CS,28.5
0.19388447924452035,0.6633663121121193,CS,28.6
0.17410091655503518,0.6680133473808397,CS,28.700000000000003
0.15368256789480658,0.6726766026679498,CS,28.8
0.1326158880948529,0.6773560779734501,CS,28.900000000000002
0.11088708868188928,0.6820517732973401,CS,29
0.08848213391671661,0.6867636886396202,CS,29.1
0.06538673677213193,0.6914918240002904,CS,29.200000000000003
0.04158635484945475,0.6962361793793502,CS,29.3
0.01706618623278132,0.7009967547768002,CS,29.400000000000002
-0.00818883471992782,0.70577355019264,CS,29.5
-0.034194041649876133,0.7105665656268698,CS,29.6
-0.06096504053547322,0.7153758010794897,CS,29.700000000000003
-0.08851771409636972,0.7202012565504994,CS,29.8
-0.11686822626442298,0.725042932039899,CS,29.900000000000002
-0.14603302672257737,0.7299008275476886,CS,30
-0.1760288555126457,0.7347749430738683,CS,30.1
-0.20687274771298242,0.7396652786184378,CS,30.200000000000003
-0.23858203818708248,0.7445718341813972,CS,30.3
-0.2711743664041172,0.7494946097627466,CS,30.400000000000002
-0.30466768133246036,0.7544336053624858,CS,30.5
-0.33908024640726436,0.7593888209806153,CS,30.6
-0.3744306445731463,0.7643602566171346,CS,30.700000000000003
-0.41073778340309247,0.7693479122720437,CS,30.8
-0.44802090029467523,0.774351787945343,CS,30.900000000000002
-0.48629956774468214,0.7793718836370319,CS,31
-0.5255936987033414,0.7844081993471109,CS,31.1
-0.565923552009235,0.7894607350755801,CS,31.200000000000003
-0.6073097379061095,0.794529490822439,CS,31.3
-0.6497732236427545,0.7996144665876879,CS,31.400000000000002
-0.6933353391571315,0.8047156623713266,CS,31.5
-0.7380177828460093,0.8098330781733555,CS,31.6
-0.7838426274212911,0.8149667139937743,CS,31.700000000000003
-0.830832325854321,0.8201165698325829,CS,31.8
-0.8790097174094289,0.8252826456897816,CS,31.900000000000002
-0.9283980337679774,0.8304649415653701,CS,32
-0.9790209052442599,0.8356634574593487,CS,32.1
-1.0309023670945208,0.8408781933717172,CS,32.2
-1.0840668659204726,0.8461091493024754,CS,32.3
-1.13853926616868,0.8513563252516243,CS,32.400000000000006
-1.1943448567271029,0.8566197212191623,CS,32.5
-1.2515093576203662,0.8618993372050905,CS,32.6
-1.3100589268049647,0.867195173209409,CS,32.7
-1.3700201670660055,0.8725072292321169,CS,32.8
-1.4314201330168808,0.8778355052732153,CS,32.900000000000006
-1.4942863382032907,0.8831800013327031,CS,33
-1.558646762313279,0.8885407174105813,CS,33.1
-1.624529858494585,0.8939176535068494,CS,33.2
-1.691964560781028,0.899310809621507,CS,33.3
-1.7609802916294142,0.9047201857545553,CS,33.400000000000006
-1.8316069695684867,0.9101457819059927,CS,33.5
-1.9038750169617085,0.9155875980758206,CS,33.6
-1.9778153678852584,0.9210456342640385,CS,33.7
-2.0534594761230975,0.9265198904706458,CS,33.8
-2.130839323280696,0.932010366695644,CS,33.900000000000006
-2.209987427019036,0.937517062939031,CS,34
-2.290936849410827,0.9430399792008087,CS,34.1
-2.373721205420416,0.9485791154809762,CS,34.2
-2.45837467150935,0.9541344717795333,CS,34.3
-2.544931994369331,0.9597060480964811,CS,34.400000000000006
-2.633428499784274,0.9652938444318181,CS,34.5
-2.7239001016235567,0.9708978607855454,CS,34.6
-2.8163833109680154,0.9765180971576627,CS,34.7
-2.910915245370842,0.9821545535481695,CS,34.8
-3.0075336382551834,0.9878072299570672,CS,34.900000000000006
-3.1062768484503214,0.9934761263843539,CS,35
-3.207183869868653,0.9991612428300308,CS,35.1
-3.31029434132513,1.004862579294098,CS,35.2
-3.4156485565014805,1.010580135776555,CS,35.300000000000004
-3.523287474057091,1.0163139122774014,CS,35.4
-3.6332527278887654,1.0220639087966383,CS,35.5
-3.7455866375412774,1.0278301253342652,CS,35.6
-3.8603322187711093,1.033612561890282,CS,35.7
-3.9775331942653582,1.0394112184646886,CS,35.800000000000004
-4.097234004518063,1.045226095057485,CS,35.9
-4.219479818866283,1.0510571916686715,CS,36
-4.344316546687964,1.056904508298248,CS,36.1
-4.47179084876416,1.0627680449462147,CS,36.2
-4.601950148807727,1.0686478016125711,CS,36.300000000000004
-4.73484264516095,1.074543778297317,CS,36.4
-4.870517322664493,1.0804559750004534,CS,36.5
-5.009023964699973,1.0863843917219798,CS,36.6
-5.150413165408834,1.0923290284618958,CS,36.7
-5.294736342089815,1.098289885220202,CS,36.800000000000004
-5.44204574777759,1.1042669619968979,CS,36.9
-5.592394484005282,1.110260258791984,CS,37
-5.745836513753135,1.11626977560546,CS,37.1
-5.902426674586325,1.122295512437326,CS,37.2
-6.0622206919843356,1.128337469287582,CS,37.300000000000004
-6.22527519286469,1.1343956461562277,CS,37.4
-6.39164771930382,1.1404700430432633,CS,37.5
-6.5613967424576805,1.1465606599486893,CS,37.6
-6.7345816766851785,1.1526674968725048,CS,37.7
-6.911262893877065,1.1587905538147107,CS,37.800000000000004
-7.091501737993251,1.1649298307753058,CS,37.9
-7.275360539811566,1.1710853277542914,CS,38
-0.21405195327096208,0.15730881348020587,TT,3
-0.20859806467574585,0.16579422338849836,TT,3.1
-0.20311238064535173,0.1744887805737125,TT,3.2
-0.1975949466288457,0.18339248503584826,TT,3.3
-0.19204581104932303,0.19250533677490567,TT,3.4
-0.18646502534509304,0.2018273357908848,TT,3.5
-0.18085264401129147,0.21135848208378555,TT,3.6
-0.17520872464192339,0.22109877565360794,TT,3.7
-0.1695333279723402,0.23104821650035196,TT,3.8
-0.16382651792215563,0.24120680462401767,TT,3.9
-0.15808836163860265,0.25157454002460505,TT,4
-0.15231892954033976,0.262151422702114,TT,4.1
-0.14651829536170308,0.27293745265654473,TT,4.2
-0.1406865361974168,0.283932629887897,TT,4.3
-0.13482373254776112,0.29513695439617105,TT,4.4
-0.12892996836420012,0.30655042618136663,TT,4.5
-0.12300533109548051,0.31817304524348383,TT,4.6
-0.11704991173419865,0.3300048115825228,TT,4.7
-0.11106380486384303,0.34204572519848336,TT,4.8
-0.10504710870631694,0.3542957860913657,TT,4.9
-0.09899992516994453,0.3667549942611695,TT,5
-0.09292235989796453,0.379423349707895,TT,5.1
-0.08681452231751638,0.3923008524315423,TT,5.2
-0.08067652568912408,0.40538750243211114,TT,5.300000000000001
-0.07450848715668093,0.41868329970960155,TT,5.4
-0.0683105277979382,0.4321882442640137,TT,5.5
-0.06208277267550722,0.44590233609534746,TT,5.6
-0.05582535088837368,0.4598255752036029,TT,5.7
-0.04953839562393238,0.4739579615887801,TT,5.800000000000001
-0.04322204421054594,0.4882994952508788,TT,5.9
-0.036876438170631895,0.5028501761898991,TT,6
-0.030501723274283375,0.5176100044058412,TT,6.1
-0.02409804959342743,0.5325789798987051,TT,6.2
-0.017665571556526847,0.5477571026684905,TT,6.300000000000001
-0.011204448003830218,0.5631443727151975,TT,6.4
-0.004714842243171974,0.5787407900388261,TT,6.5
0.0018030778936669906,0.5945463546393763,TT,6.6
0.00834913999403801,0.6105610665168484,TT,6.7
0.014923167006935628,0.6267849256712421,TT,6.800000000000001
0.021524977184936483,0.6432179321025573,TT,6.9
0.028154384025559864,0.6598600858107941,TT,7
0.034811196212047146,0.6767113867959529,TT,7.1000000000000005
0.04149521755355151,0.6937718350580331,TT,7.2
0.04820624692473728,0.711041430597035,TT,7.3
0.054944078204778694,0.7285201734129585,TT,7.4
0.061708500215757016,0.7462080635058036,TT,7.5
0.06849929666044824,0.7641051008755706,TT,7.6000000000000005
0.07531624605949656,0.782211285522259,TT,7.7
0.08215912168796922,0.8005266174458694,TT,7.800000000000001
0.08902769151128523,0.8190510966464011,TT,7.9
0.09592171812051462,0.8377847231238544,TT,8
0.10284095866704158,0.8567274968782299,TT,8.100000000000001
0.10978516479658562,0.8758794179095263,TT,8.2
0.11675408258257643,0.895240486217745,TT,8.3
0.1237474524588748,0.9148107018028849,TT,8.4
0.13076500915183598,0.9345900646649465,TT,8.5
0.13780648161170833,0.9545785748039303,TT,8.600000000000001
0.14487159294336147,0.9747762322198348,TT,8.7
0.15196006033633974,0.9951830369126617,TT,8.8
0.1590715949942315,1.0157989888824102,TT,8.9
0.16620590206335328,1.03662408812908,TT,9
0.17336268056073806,1.057658334652672,TT,9.100000000000001
0.18054162330142395,1.0789017284531848,TT,9.2
0.18774241682503828,1.10035426953062,TT,9.3
0.1949647413216672,1.1220159578849767,TT,9.4
0.2022082705570092,1.1438867935162547,TT,9.5
0.20947267179680243,1.165966776424455,TT,9.600000000000001
0.2167576057305214,1.1882559066095761,TT,9.7
0.22406272639433747,1.2107541840716196,TT,9.8
0.23138768109333335,1.2334616088105843,TT,9.9
0.23873211032297043,1.256378180826471,TT,10
0.24609564768979697,1.2795039001192794,TT,10.100000000000001
0.25347791983139356,1.3028387666890087,TT,10.2
0.26087854633555074,1.3263827805356605,TT,10.3
0.26829713965866636,1.3501359416592336,TT,10.4
0.27573330504336346,1.3740982500597283,TT,10.5
0.2831866404353157,1.398269705737145,TT,10.600000000000001
0.2906567363992763,1.4226503086914823,TT,10.7
0.2981431760343051,1.4472400589227425,TT,10.8
0.30564553488818147,1.472038956430924,TT,10.9
0.31316338087100276,1.497047001216027,TT,11
0.32069627416795604,1.5222641932780514,TT,11.1
0.32824376715125925,1.5476905326169983,TT,11.200000000000001
0.33580540429126154,1.5733260192328662,TT,11.3
0.3433807220666989,1.5991706531256555,TT,11.4
0.35096924887409636,1.625224434295367,TT,11.5
0.35857050493630754,1.651487362742,TT,11.6
0.36618400221018726,1.6779594384655545,TT,11.700000000000001
0.3738092442933879,1.7046406614660308,TT,11.8
0.3814457263302728,1.731531031743429,TT,11.9
0.389092934916938,1.7586305492977483,TT,12
0.3967503480053362,1.7859392141289894,TT,12.1
0.4044174348064934,1.8134570262371528,TT,12.200000000000001
0.4120936556928124,1.8411839856222372,TT,12.3
0.4197784620994547,1.8691200922842433,TT,12.4
0.42747129642479087,1.897265346223171,TT,12.5
0.43517159192991495,1.925619747439021,TT,12.600000000000001
0.44287877263721215,1.954183295931792,TT,12.700000000000001
0.4505922532279728,1.9829559917014847,TT,12.8
0.45831143893904414,2.0119378347480987,TT,12.9
0.46603572545851263,2.041128825071635,TT,13
0.4737644988204065,2.070528962672093,TT,13.100000000000001
0.4814971352984114,2.1001382475494728,TT,13.200000000000001
0.48923300129859265,2.1299566797037732,TT,13.3
0.4969714532511109,2.159984259134996,TT,13.4
0.5047118375009276,2.19022098584314,TT,13.5
0.5124534901974882,2.2206668598282064,TT,13.600000000000001
0.5201957371833756,2.251321881090194,TT,13.700000000000001
0.5279378938819265,2.2821860496291038,TT,13.8
0.5356792651837988,2.3132593654449343,TT,13.9
0.5434191453324835,2.344541828537687,TT,14
0.5511568178087517,2.3760334389073616,TT,14.100000000000001
0.5588915552140262,2.407734196553957,TT,14.200000000000001
0.5666226191526713,2.439644101477475,TT,14.3
0.574349260113189,2.471763153677914,TT,14.4
0.5820707173483128,2.5040913531552746,TT,14.5
0.589786218753993,2.5366286999095577,TT,14.600000000000001
0.5974949807472566,2.569375193940762,TT,14.700000000000001
0.605196208142943,2.602330835248887,TT,14.8
0.612889094029295,2.635495623833935,TT,14.9
0.6205728196424036,2.668869559695904,TT,15
0.6282465542394918,2.7024526428347952,TT,15.100000000000001
0.635909454971031,2.7362448732506075,TT,15.200000000000001
0.6435606667516778,2.770246250943342,TT,15.3
0.6511993221300232,2.804456775912997,TT,15.4
0.6588245411571418,2.8388764481595743,TT,15.5
0.6664354312539323,2.873505267683074,TT,15.600000000000001
0.6740310870772402,2.9083432344834947,TT,15.700000000000001
0.6816105903847499,2.943390348560837,TT,15.8
0.6891730098986387,2.978646609915101,TT,15.9
0.6967174011679779,3.0141120185462866,TT,16
0.704242806429877,3.0497865744543944,TT,16.1
0.7117482544693529,3.085670277639424,TT,16.200000000000003
0.7192327604779202,3.121763128101373,TT,16.3
0.7266953259108879,3.1580651258402455,TT,16.4
0.7341349383433516,3.19457627085604,TT,16.5
0.7415505713248717,3.231296563148756,TT,16.6
0.748941184232826,3.268226002718394,TT,16.700000000000003
0.7563057221244267,3.3053645895649515,TT,16.8
0.7636431155873885,3.3427123236884313,TT,16.9
0.7709522805892377,3.380269205088834,TT,17
0.7782321183252493,3.418035233766158,TT,17.1
0.785481515065005,3.4560104097204047,TT,17.200000000000003
0.7926993419975555,3.4941947329515712,TT,17.3
0.7998844550751778,3.5325882034596585,TT,17.4
0.8070356948557166,3.5711908212446697,TT,17.5
0.8141518863434946,3.6100025863066025,TT,17.6
0.8212318388287827,3.6490234986454566,TT,17.700000000000003
0.82827434572582,3.688253558261232,TT,17.8
0.8352781844093654,3.7276927651539284,TT,17.9
0.8422421160497732,3.7673411193235475,TT,18
0.849164885446579,3.8071986207700883,TT,18.1
0.8560452208605832,3.8472652694935507,TT,18.200000000000003
0.8628818338444225,3.8875410654939335,TT,18.3
0.8696734190716096,3.928026008771238,TT,18.4
0.8764186541640386,3.968720099325466,TT,18.5
0.8831161995179329,4.009623337156615,TT,18.6
0.8897646981282292,4.050735722264686,TT,18.700000000000003
0.8963627754113846,4.092057254649677,TT,18.8
0.9029090390265905,4.133587934311589,TT,18.9
0.9094020786953804,4.175327761250426,TT,19
0.9158404660196219,4.217276735466183,TT,19.1
0.9222227542978738,4.259434856958861,TT,19.2
0.9285474783401028,4.301802125728461,TT,19.3
0.9348131542807346,4.344378541774984,TT,19.400000000000002
0.9410182793900392,4.387164105098427,TT,19.5
0.9471613318838248,4.4301588156987926,TT,19.6
0.9532407707314327,4.473362673576078,TT,19.7
0.9592550354620187,4.516775678730287,TT,19.8
0.9652025459691035,4.560397831161418,TT,19.900000000000002
0.9710817023133819,4.604229130869469,TT,20
0.97689088452377415,4.6482695778544425,TT,20.1
0.9826284523967034,4.692519172116338,TT,20.2
0.98829274529359,4.736977913655155,TT,20.3
0.9938820819365395,4.781645802470894,TT,20.400000000000002
0.9993947602022191,4.826522838563553,TT,20.5
1.004829056913901,4.871609021933135,TT,20.6
1.0101832276316558,4.916904352579637,TT,20.7
1.015455506440692,4.962408830503064,TT,20.8
1.0206441057378093,5.008122455703411,TT,20.900000000000002
1.025747216015967,5.054045228180678,TT,21
1.0307630056469408,5.100177147934867,TT,21.1
1.0356896206620536,5.14651821496598,TT,21.2
1.0405251845309735,5.193068429274013,TT,21.3
1.0452677979385483,5.2398277908589685,TT,21.400000000000002
1.0499155385596737,5.286796299720844,TT,21.5
1.054466460832172,5.333973955859643,TT,21.6
1.0589185957276652,5.3813607592753625,TT,21.7
1.0632699505204308,5.428956709968004,TT,21.8
1.0675185085542147,5.476761807937568,TT,21.900000000000002
1.071662229006997,5.524776053184052,TT,22
1.075699046653682,5.57299944570746,TT,22.1
1.0796268716267003,5.621431985507788,TT,22.200000000000003
1.0834435891745102,5.670073672585037,TT,22.3
1.087147059417972,5.718924506939209,TT,22.400000000000002
1.0907351171045847,5.767984488570301,TT,22.5
1.0942055713605676,5.8172536174783165,TT,22.6
1.0975562054407624,5.866731893663252,TT,22.700000000000003
1.1007847764763463,5.9164193171251105,TT,22.8
1.1038890152203358,5.966315887863891,TT,22.900000000000002
1.106866625790856,6.016421605879591,TT,23
1.1097152854121695,6.066736471172215,TT,23.1
1.112432644153436,6.11726048374176,TT,23.200000000000003
1.115016324665191,6.167993643588225,TT,23.3
1.1174639219135203,6.2189359507116135,TT,23.400000000000002
1.119773002911912,6.270087405111924,TT,23.5
1.1219411064507732,6.321448006789154,TT,23.6
1.1239657428245833,6.373017755743309,TT,23.700000000000003
1.1258443935566702,6.424796651974383,TT,23.8
1.12757451112159,6.47678469548238,TT,23.900000000000002
1.1291535186650858,6.528981886267296,TT,24
1.1305788097216158,6.581388224329136,TT,24.1
1.131847747929417,6.6340037096678985,TT,24.200000000000003
1.1329576667430987,6.6868283422835795,TT,24.3
1.1339058691437351,6.739862122176186,TT,24.400000000000002
1.134689627346442,6.79310504934571,TT,24.5
1.1353061825054158,6.8465571237921585,TT,24.6
1.1357527444164142,6.90021834551553,TT,24.700000000000003
1.136026491216657,6.9540887145158194,TT,24.8
1.13612456908213,7.008168230793033,TT,24.900000000000002
1.1360440919222603,7.062456894347166,TT,25
1.1357821410719602,7.116954705178223,TT,25.1
1.1353357649809972,7.171661663286202,TT,25.200000000000003
1.1347019789006836,7.226577768671099,TT,25.3
1.1338777645678595,7.2817030213329215,TT,25.400000000000002
1.132860069886143,7.3370374212716625,TT,25.5
1.1316458086044334,7.392580968487328,TT,25.6
1.1302318599926366,7.448333662979914,TT,25.700000000000003
1.1286150685145995,7.50429550474942,TT,25.8
1.1267922434982216,7.560466493795851,TT,25.900000000000002
1.124760158802727,7.616846630119201,TT,26
1.122515552483072,7.673435913719475,TT,26.1
1.1200551264514664,7.73023434459667,TT,26.200000000000003
1.117375546135981,7.787241922750784,TT,26.3
1.1144734401362244,7.844458648181823,TT,26.400000000000002
1.1113453998760587,7.90188452088978,TT,26.5
1.1079879792533354,7.959519540874663,TT,26.6
1.1043976942866258,8.017363708136465,TT,26.700000000000003
1.100571022758919,8.075417022675188,TT,26.8
1.0965044038582665,8.133679484490836,TT,26.900000000000002
1.0921942378153493,8.192151093583401,TT,27
1.0876368855379377,8.250831849952892,TT,27.1
1.082828668242225,8.309721753599304,TT,27.200000000000003
1.0777658670810064,8.368820804522635,TT,27.3
1.0724447227686766,8.428129002722889,TT,27.400000000000002
1.0668614352030257,8.487646348200064,TT,27.5
1.0610121630837996,8.547372840954162,TT,27.6
1.0548930235280092,8.607308480985182,TT,27.700000000000003
1.0485000916819507,8.667453268293121,TT,27.8
1.0418294003299222,8.727807202877983,TT,27.900000000000002
1.0348769394995982,8.788370284739766,TT,28
1.0276386560640476,8.849142513878475,TT,28.1
1.0201104533403584,8.910123890294102,TT,28.200000000000003
1.0122881906848442,8.971314413986649,TT,28.3
1.0041676830848107,9.03271408495612,TT,28.400000000000002
0.9957447007468466,9.094322903202512,TT,28.5
0.9870149686816158,9.156140868725828,TT,28.6
0.9779741662851237,9.218167981526063,TT,28.700000000000003
0.9686179269164232,9.28040424160322,TT,28.8
0.9589418374717408,9.3428496489573,TT,28.900000000000002
0.9489414379549858,9.405504203588297,TT,29
0.9386122210446202,9.468367905496223,TT,29.1
0.9279496316568565,9.531440754681066,TT,29.200000000000003
0.9169490665051525,9.59472275114283,TT,29.3
0.9056058736559797,9.658213894881518,TT,29.400000000000002
0.8939153520808305,9.721914185897127,TT,29.5
0.8818727512044314,9.785823624189657,TT,29.6
0.8694732704491446,9.84994220975911,TT,29.700000000000003
0.8567120587755089,9.914269942605483,TT,29.8
0.8435842142189061,9.978806822728778,TT,29.900000000000002
0.830084783422313,10.043552850128995,TT,30
0.816208761165107,10.108508024806135,TT,30.1
0.8019510898879024,10.173672346760195,TT,30.200000000000003
0.7873066592133734,10.239045815991176,TT,30.3
0.7722703054630418,10.30462843249908,TT,30.400000000000002
0.7568368111699965,10.370420196283906,TT,30.5
0.7410009045875015,10.436421107345653,TT,30.6
0.7247572591934786,10.502631165684322,TT,30.700000000000003
0.7081004931908124,10.56905037129991,TT,30.8
0.6910251690034563,10.635678724192424,TT,30.900000000000002
0.6735257927683066,10.702516224361856,TT,31
0.6555968138228,10.769562871808212,TT,31.1
0.6372326241882167,10.83681866653149,TT,31.200000000000003
0.6184275580486398,10.904283608531687,TT,31.3
0.5991758912255437,10.97195769780881,TT,31.400000000000002
0.5794718406479822,11.03984093436285,TT,31.5
0.5593095638183246,11.107933318193814,TT,31.6
0.5386831582735279,11.1762348493017,TT,31.700000000000003
0.5175866610418863,11.244745527686504,TT,31.8
0.4960140480952367,11.313465353348235,TT,31.900000000000002
0.47395923379658383,11.382394326286883,TT,32
0.4514160703430974,11.451532446502455,TT,32.1
0.4283783472044613,11.52087971399495,TT,32.2
0.40483979055652386,11.59043612876436,TT,32.3
0.38079406271020994,11.660201690810705,TT,32.400000000000006
0.35623476153569134,11.730176400133958,TT,32.5
0.3311554198817088,11.800360256734137,TT,32.6
0.30554950499009403,11.870753260611242,TT,32.7
0.27941041790538007,11.941355411765262,TT,32.8
0.2527314928794938,12.012166710196212,TT,32.900000000000006
0.22550599677151356,12.083187155904076,TT,33
0.19772712844238458,12.154416748888865,TT,33.1
0.1693880181446392,12.225855489150575,TT,33.2
0.14048172690701247,12.297503376689205,TT,33.3
0.11100124591393824,12.369360411504763,TT,33.400000000000006
0.08093949587991696,12.441426593597233,TT,33.5
0.05028932641863417,12.51370192296663,TT,33.6
0.019043515406887424,12.58618639961295,TT,33.7
-0.012805231656796484,12.658880023536186,TT,33.8
-0.04526428229887266,12.731782794736354,TT,33.900000000000006
-0.07834107772281505,12.804894713213432,TT,34
-0.11204313346662378,12.878215778967439,TT,34.1
-0.14637804006571842,12.951745991998365,TT,34.2
-0.18135346372136996,13.02548535230621,TT,34.3
-0.21697714697465526,13.099433859890986,TT,34.400000000000006
-0.25325690938596623,13.173591514752673,TT,34.5
-0.29020064822020086,13.247958316891287,TT,34.6
-0.32781633913755664,13.322534266306823,TT,34.7
-0.3661120368900814,13.397319362999275,TT,34.8
-0.4050958760239699,13.47231360696866,TT,34.900000000000006
-0.4447760715876413,13.547516998214954,TT,35
-0.4851609198457151,13.622929536738177,TT,35.1
-0.526258798998819,13.698551222538322,TT,35.2
-0.5680781699093875,13.774382055615389,TT,35.300000000000004
-0.6106275768334191,13.85042203596937,TT,35.4
-0.6539156481582887,13.926671163600279,TT,35.5
-0.6979510971466116,14.00312943850811,TT,35.6
-0.7427427226862682,14.079796860692863,TT,35.7
-0.7882994100465842,14.156673430154536,TT,35.800000000000004
-0.8346301316407477,14.233759146893126,TT,35.9
-0.8817439477945039,14.311054010908643,TT,36
-0.9296500075211503,14.388558022201082,TT,36.1
-0.9783575493029271,14.466271180770445,TT,36.2
-1.02787590187883,14.544193486616726,TT,36.300000000000004
-1.0782144850388804,14.622324939739922,TT,36.4
-1.1293828104249428,14.700665540140049,TT,36.5
-1.181390482338082,14.779215287817097,TT,36.6
-1.2342471985525847,14.857974182771065,TT,36.7
-1.2879627511366287,14.936942225001955,TT,36.800000000000004
-1.3425470272797044,15.016119414509761,TT,36.9
-1.3980100101268123,15.095505751294496,TT,37
-1.454361779619479,15.175101235356152,TT,37.1
-1.5116125133436813,15.25490586669473,TT,37.2
-1.5697724873847188,15.33491964531023,TT,37.300000000000004
-1.628852077189053,15.415142571202644,TT,37.4
-1.688861758433244,15.495574644371985,TT,37.5
-1.7498121078999418,15.57621586481825,TT,37.6
-1.8117138043610763,15.657066232541434,TT,37.7
-1.8745776294682495,15.738125747541542,TT,37.800000000000004
-1.938414468650411,15.819394409818564,TT,37.9
-2.0032353120188633,15.900872219372516,TT,38
