umax_temp,ks_temp,Species,temp
0.4262116213999948,387.4720267884305,AC,3
0.4266943585088441,398.24149685707044,AC,3.1
0.4271834079170631,409.0164823394841,AC,3.2
0.42767885216465684,419.79698323567135,AC,3.3
0.42818077487092826,430.5829995456323,AC,3.4
0.4286892607485913,441.3745312693669,AC,3.5
0.4292043956180685,452.1715784068753,AC,3.6
0.4297262664219753,462.97414095815725,AC,3.7
0.4302549612397941,473.7822189232129,AC,3.8
0.43079056930273985,484.5958123020422,AC,3.9
0.4313331810088201,495.4149210946453,AC,4
0.43188288793809243,506.23954530102196,AC,4.1
0.4324397828681204,517.0696849211723,AC,4.2
0.4330039597896328,527.9053399550963,AC,4.3
0.43357551392238675,538.7465104027941,AC,4.4
0.43415454173123863,549.5931962642655,AC,4.5
0.43474114094242505,560.4453975395105,AC,4.6
0.4353354105600567,571.3031142285294,AC,4.7
0.43593745088282815,582.1663463313218,AC,4.8
0.4365473635209454,593.0350938478879,AC,4.9
0.43716525141327595,603.9093567782277,AC,5
0.4377912188447218,614.789135122341,AC,5.1
0.43842537146382066,625.6744288802282,AC,5.2
0.43906781630057695,636.5652380518892,AC,5.300000000000001
0.4397186617845258,647.4615626373236,AC,5.4
0.44037801776303337,658.3634026365316,AC,5.5
0.44104599551983664,669.2707580495135,AC,5.6
0.4417227077938254,680.183628876269,AC,5.7
0.4424082687980698,691.1020151167984,AC,5.800000000000001
0.4431027942390972,702.0259167711012,AC,5.9
0.44380640133642024,712.9553338391777,AC,6
0.4445192088423209,723.8902663210279,AC,6.1
0.4452413370618932,734.8307142166517,AC,6.2
0.4459729078733479,745.7766775260494,AC,6.300000000000001
0.44671404474858234,756.7281562492207,AC,6.4
0.4474648727740199,767.6851503861656,AC,6.5
0.4482255186717215,778.6476599368841,AC,6.6
0.4489961108207733,789.6156849013764,AC,6.7
0.4497767792789542,800.5892252796425,AC,6.800000000000001
0.4505676558046863,811.568281071682,AC,6.9
0.45136887387927266,822.5528522774953,AC,7
0.452180568729426,833.5429388970823,AC,7.1000000000000005
0.45300287735009176,844.538540930443,AC,7.2
0.4538359385275691,855.5396583775772,AC,7.3
0.45467989286293553,866.5462912384853,AC,7.4
0.4555348827957764,877.5584395131671,AC,7.5
0.4564010526282259,888.5761032016223,AC,7.6000000000000005
0.45727854854932126,899.5992823038514,AC,7.7
0.45816751865967664,910.6279768198542,AC,7.800000000000001
0.4590681129964784,921.6621867496306,AC,7.9
0.45998048355880833,932.7019120931806,AC,8
0.46090478433329735,943.7471528505046,AC,8.100000000000001
0.46184117132011465,954.7979090216018,AC,8.2
0.46278980255929714,965.8541806064729,AC,8.3
0.4637508381574226,976.9159676051177,AC,8.4
0.464724440314632,987.983270017536,AC,8.5
0.4657107733520053,999.0560878437284,AC,8.600000000000001
0.46671000373929444,1010.134421083694,AC,8.7
0.4677223001230201,1021.2182697374336,AC,8.8
0.46874783335493475,1032.3076338049468,AC,8.9
0.4697867765208587,1043.4025132862334,AC,9
0.47083930496989285,1054.5029081812943,AC,9.100000000000001
0.4719055963440134,1065.6088184901282,AC,9.2
0.47298583060805377,1076.7202442127364,AC,9.3
0.47408019008007823,1087.8371853491178,AC,9.4
0.475188859462153,1098.959641899273,AC,9.5
0.47631202587151966,1110.087613863202,AC,9.600000000000001
0.477449878872176,1121.221101240904,AC,9.7
0.47860261050687,1132.3601040323806,AC,9.8
0.47977041532951203,1143.5046222376304,AC,9.9
0.4809534904380114,1154.654655856654,AC,10
0.48215203550754104,1165.8102048894516,AC,10.100000000000001
0.48336625282423873,1176.9712693360223,AC,10.2
0.48459634731934775,1188.137849196367,AC,10.3
0.4858425266038048,1199.3099444704853,AC,10.4
0.48710500100327925,1210.4875551583773,AC,10.5
0.488383983593672,1221.670681260043,AC,10.600000000000001
0.4896796902370768,1232.8593227754823,AC,10.7
0.4909923396182134,1244.0534797046953,AC,10.8
0.49232215328133583,1255.2531520476819,AC,10.9
0.4936693556676241,1266.4583398044422,AC,11
0.4950341741530646,1277.6690429749763,AC,11.1
0.49641683908682577,1288.8852615592841,AC,11.200000000000001
0.4978175838301355,1300.1069955573655,AC,11.3
0.49923664479566715,1311.3342449692204,AC,11.4
0.5006742614874402,1322.5670097948491,AC,11.5
0.5021306765412434,1333.8052900342516,AC,11.6
0.5036061357655853,1345.0490856874278,AC,11.700000000000001
0.5051008881831813,1356.2983967543776,AC,11.8
0.506615186072983,1367.553223235101,AC,11.9
0.5081492850127561,1378.8135651295981,AC,12
0.5097034439222172,1390.079422437869,AC,12.1
0.5112779251067321,1401.3507951599136,AC,12.200000000000001
0.5128729943015877,1412.6276832957315,AC,12.3
0.514488920716841,1423.9100868453233,AC,12.4
0.5161259770827562,1435.1980058086888,AC,12.5
0.5177844396958347,1446.4914401858282,AC,12.600000000000001
0.5194645884654473,1457.790389976741,AC,12.700000000000001
0.5211667069610768,1469.0948551814274,AC,12.8
0.5228910824601773,1480.4048357998877,AC,12.9
0.5246380059966604,1491.7203318321215,AC,13
0.5264077724100145,1503.0413432781293,AC,13.100000000000001
0.5282006803950663,1514.3678701379106,AC,13.200000000000001
0.5300170325523949,1525.6999124114654,AC,13.3
0.5318571354394017,1537.0374700987938,AC,13.4
0.533721299622052,1548.3805431998962,AC,13.5
0.5356098397272895,1559.7291317147724,AC,13.600000000000001
0.5375230744961391,1571.0832356434216,AC,13.700000000000001
0.5394613268375024,1582.4428549858449,AC,13.8
0.5414249238826572,1593.8079897420419,AC,13.9
0.5434141970404691,1605.1786399120126,AC,14
0.5454294820533265,1616.5548054957571,AC,14.100000000000001
0.547471119053805,1627.936486493275,AC,14.200000000000001
0.549539452622074,1639.3236829045668,AC,14.3
0.5516348318440545,1650.716394729632,AC,14.4
0.5537576103703351,1662.114621968471,AC,14.5
0.5559081464758613,1673.518364621084,AC,14.600000000000001
0.558086803120403,1684.9276226874704,AC,14.700000000000001
0.5602939480098139,1696.3423961676303,AC,14.8
0.5625299536580916,1707.762685061564,AC,14.9
0.5647951974502485,1719.1884893692713,AC,15
0.5670900617060068,1730.6198090907526,AC,15.100000000000001
0.569414933744324,1742.0566442260072,AC,15.200000000000001
0.5717702059487632,1753.4989947750357,AC,15.3
0.5741562758337189,1764.9468607378378,AC,15.4
0.5765735461115074,1776.4002421144135,AC,15.5
0.5790224247603355,1787.859138904763,AC,15.600000000000001
0.5815033250931576,1799.3235511088862,AC,15.700000000000001
0.5840166658274328,1810.7934787267832,AC,15.8
0.586562871155795,1822.2689217584536,AC,15.9
0.5891423708176462,1833.7498802038976,AC,16
0.5917556001716869,1845.2363540631159,AC,16.1
0.5944030002693939,1856.7283433361076,AC,16.200000000000003
0.5970850179294592,1868.2258480228725,AC,16.3
0.5998021058132035,1879.728868123411,AC,16.4
0.6025547225009733,1891.237403637724,AC,16.5
0.60534333256954,1902.75145456581,AC,16.6
0.608168406670508,1914.2710209076702,AC,16.700000000000003
0.6110304216097506,1925.7961026633036,AC,16.8
0.6139298604278831,1937.3266998327108,AC,16.9
0.6168672124817894,1948.8628124158915,AC,17
0.6198429735272127,1960.4044404128465,AC,17.1
0.6228576458024284,1971.951583823575,AC,17.200000000000003
0.625911738113009,1983.5042426480768,AC,17.3
0.6290057659177004,1995.0624168863521,AC,17.4
0.6321402514154167,2006.6261065384015,AC,17.5
0.6353157236333773,2018.1953116042248,AC,17.6
0.6385327185163925,2029.7700320838217,AC,17.700000000000003
0.6417917790173193,2041.3502679771918,AC,17.8
0.6450934551886989,2052.9360192843355,AC,17.9
0.6484383042755923,2064.5272860052532,AC,18
0.6518268908096306,2076.124068139945,AC,18.1
0.6552597867042941,2087.72636568841,AC,18.200000000000003
0.6587375713514376,2099.3341786506485,AC,18.3
0.6622608317190793,2110.947507026661,AC,18.4
0.6658301624504659,2122.566350816447,AC,18.5
0.6694461659644346,2134.190710020007,AC,18.6
0.6731094525570873,2145.8205846373407,AC,18.700000000000003
0.6768206405047945,2157.4559746684477,AC,18.8
0.6805803561685451,2169.096880113328,AC,18.9
0.6843892340996611,2180.7433009719825,AC,19
0.6882479171468961,2192.3952372444114,AC,19.1
0.6921570565649309,2204.0526889306125,AC,19.2
0.6961173121242913,2215.7156560305884,AC,19.3
0.7001293522227006,2227.3841385443375,AC,19.400000000000002
0.7041938539978893,2239.0581364718605,AC,19.5
0.7083115034418793,2250.737649813157,AC,19.6
0.7124829955167624,2262.422678568227,AC,19.7
0.7167090342719923,2274.113222737071,AC,19.8
0.7209903329632101,2285.809282319689,AC,19.900000000000002
0.7253276141726228,2297.5108573160796,AC,20
0.7297216099309561,2309.2179477262453,AC,20.1
0.7341730618409987,2320.930553550183,AC,20.2
0.7386827212027643,2332.6486747878953,AC,20.3
0.743251349140284,2344.3723114393815,AC,20.400000000000002
0.7478797167300582,2356.101463504641,AC,20.5
0.7525686051311825,2367.8361309836746,AC,20.6
0.7573188057171716,2379.576313876481,AC,20.7
0.7621311202095,2391.3220121830623,AC,20.8
0.7670063608128818,2403.0732259034166,AC,20.900000000000002
0.771945350352305,2414.8299550375446,AC,21
0.7769489224118484,2426.592199585446,AC,21.1
0.7820179214752834,2438.3599595471214,AC,21.2
0.7871532030684953,2450.1332349225704,AC,21.3
0.7923556339037197,2461.9120257117934,AC,21.400000000000002
0.7976260920256162,2473.6963319147894,AC,21.5
0.8029654669591801,2485.48615353156,AC,21.6
0.8083746598594843,2497.281490562103,AC,21.7
0.813854583663252,2509.0823430064206,AC,21.8
0.819406163242222,2520.888710864512,AC,21.900000000000002
0.8250303355582751,2532.7005941363764,AC,22
0.8307280498202472,2544.517992822015,AC,22.1
0.8365002676423335,2556.340906921427,AC,22.200000000000003
0.8423479632039336,2568.169336434613,AC,22.3
0.848272123410736,2580.0032813615726,AC,22.400000000000002
0.8542737480567408,2591.8427417023054,AC,22.5
0.8603538499868232,2603.687717456812,AC,22.6
0.8665134552592613,2615.5382086250934,AC,22.700000000000003
0.872753603307461,2627.3942152071468,AC,22.8
0.8790753470998003,2639.255737202975,AC,22.900000000000002
0.8854797532961279,2651.122774612576,AC,23
0.8919679023989122,2662.9953274359514,AC,23.1
0.8985408888962974,2674.8733956731007,AC,23.200000000000003
0.9051998213933211,2686.7569793240227,AC,23.3
0.9119458227261993,2698.6460783887196,AC,23.400000000000002
0.918780030052704,2710.5406928671887,AC,23.5
0.9257035949091692,2722.4408227594326,AC,23.6
0.9327176832211882,2734.34646806545,AC,23.700000000000003
0.9398234752504244,2746.257628785241,AC,23.8
0.947022165453561,2758.174304918806,AC,23.900000000000002
0.9543149622207723,2770.096496466144,AC,24
0.9617030874492927,2782.024203427256,AC,24.1
0.9691877758916128,2793.9574258021416,AC,24.200000000000003
0.976770274195976,2805.896163590801,AC,24.3
0.9844518395271085,2817.840416793234,AC,24.400000000000002
0.9922337376146326,2829.7901854094403,AC,24.5
1.0001172400215053,2841.7454694394205,AC,24.6
1.008103620349821,2853.706268883175,AC,24.700000000000003
1.0161941489992214,2865.672583740702,AC,24.8
1.0243900859542037,2877.644414012004,AC,24.900000000000002
1.0326926708874438,2889.6217596970787,AC,25
1.0411031096088368,2901.604620795928,AC,25.1
1.0496225555394747,2913.5929973085504,AC,25.200000000000003
1.058252084412833,2925.5868892349463,AC,25.3
1.0669926597561616,2937.5862965751157,AC,25.400000000000002
1.0758450858213708,2949.591219329059,AC,25.5
1.0848099434318317,2961.6016574967766,AC,25.6
1.093887502574255,2973.6176110782676,AC,25.700000000000003
1.1030776033362566,2985.6390800735317,AC,25.8
1.112379493756882,2997.6660644825697,AC,25.900000000000002
1.1217916090285107,3009.6985643053813,AC,26
1.1313112708687079,3021.736579541967,AC,26.1
1.140934278231096,3033.7801101923264,AC,26.200000000000003
1.1506543501123807,3045.829156256459,AC,26.3
1.1604623670405103,3057.8837177343657,AC,26.400000000000002
1.1703453385387257,3069.9437946260455,AC,26.5
1.1802849976035623,3082.0093869314996,AC,26.6
1.1902558874958853,3094.0804946507274,AC,26.700000000000003
1.2002227574983133,3106.1571177837286,AC,26.8
1.2101370180788407,3118.2392563305034,AC,26.900000000000002
1.2199319157746182,3130.326910291052,AC,27
1.2295159654361254,3142.420079665374,AC,27.1
1.2387640104959887,3154.518764453471,AC,27.200000000000003
1.2475050546492779,3166.6229646553397,AC,27.3
1.2555056989760343,3178.732680270983,AC,27.400000000000002
1.2624475974602927,3190.8479113004,AC,27.5
1.26789677071643,3202.9686577435905,AC,27.6
1.2712618376059859,3215.0949196005554,AC,27.700000000000003
1.2717371625662923,3227.226696871293,AC,27.8
1.2682254711311103,3239.363989555805,AC,27.900000000000002
1.2592325188139435,3251.5067976540895,AC,28
1.2427237207437987,3263.655121166149,AC,28.1
1.2159290046123012,3275.8089600919816,AC,28.200000000000003
1.17507718837116,3287.968314431588,AC,28.3
1.11503443134739,3300.1331841849683,AC,28.400000000000002
1.0288121159857244,3312.303569352122,AC,28.5
0.9068970065796393,3324.479469933049,AC,28.6
0.7363395023549271,3336.6608859277503,AC,28.700000000000003
0.49951262344382275,3348.847817336225,AC,28.8
0.17242281869419052,3361.0402641584733,AC,28.900000000000002
-0.27758925911016985,3373.2382263944955,AC,29
-0.894978316918638,3385.4417040442913,AC,29.1
-1.7402541913744998,3397.650697107861,AC,29.200000000000003
-2.8957799861556275,3409.8652055852035,AC,29.3
-4.473664140496651,3422.085229476321,AC,29.400000000000002
-6.626502628210785,3434.3107687812108,AC,29.5
-9.562000579273162,3446.5418234998756,AC,29.6
-13.562874333092426,3458.7783936323135,AC,29.700000000000003
-19.013940891031897,3471.020479178525,AC,29.8
-26.438990415288476,3483.26808013851,AC,29.900000000000002
-36.55097480952063,3495.521196512269,AC,30
-50.3203213319819,3507.7798282998015,AC,30.1
-69.06791688951698,3520.0439755011075,AC,30.200000000000003
-94.59167254689598,3532.3136381161876,AC,30.3
-129.3387953624988,3544.588816145041,AC,30.400000000000002
-176.64027422892718,3556.8695095876683,AC,30.5
-241.0300475955008,3569.155718444069,AC,30.6
-328.67943496646177,3581.447442714244,AC,30.700000000000003
-447.98845837040915,3593.744682398192,AC,30.8
-610.3907128210619,3606.0474374959144,AC,30.900000000000002
-831.4489065472004,3618.3557080074092,AC,31
-1132.3460430573236,3630.669493932679,AC,31.1
-1541.9151265661835,3642.988795271722,AC,31.200000000000003
-2099.40187234118,3655.313612024539,AC,31.3
-2858.2251383193197,3667.643944191129,AC,31.400000000000002
-3891.0953936287397,3679.979791771493,AC,31.5
-5296.981663525097,3692.3211547656306,AC,31.6
-7210.594506874785,3704.668033173542,AC,31.700000000000003
-9815.293662586808,3717.020426995227,AC,31.8
-13360.657145049088,3729.378336230686,AC,31.900000000000002
-18186.39521760512,3741.7417608799183,AC,32
-24754.900624269354,3754.1107009429243,AC,32.1
-33695.553965648294,3766.4851564197043,AC,32.2
-45865.029455066804,3778.8651273102573,AC,32.3
-62429.37940936077,3791.2506136145853,AC,32.400000000000006
-84975.76261546196,3803.641615332685,AC,32.5
-115664.52211980056,3816.03813246456,AC,32.6
-157436.1841733989,3828.440165010208,AC,32.7
-214293.2124804844,3840.8477129696294,AC,32.8
-291683.5147741648,3853.260776342826,AC,32.900000000000006
-397022.4484092157,3865.679355129794,AC,33
-540403.3423094884,3878.1034493305374,AC,33.1
-735564.6157967611,3890.5330589450537,AC,33.2
-1001206.1613327255,3902.9681839733435,AC,33.3
-1362781.1238450226,3915.408824415408,AC,33.400000000000006
-1854934.7606804057,3927.854980271245,AC,33.5
-2524824.067959962,3940.3066515408564,AC,33.6
-3436636.2520558997,3952.7638382242417,AC,33.7
-4677738.99540628,3965.2265403213996,AC,33.8
-6367051.820545736,3977.694757832333,AC,33.900000000000006
-8666440.676587675,3990.168490757038,AC,34
-11796227.550403152,4002.647739095518,AC,34.1
-16056301.19663346,4015.1325028477713,AC,34.2
-21854851.766598932,4027.6227820137974,AC,34.3
-29747482.620069243,4040.1185765935993,AC,34.400000000000006
-40490446.9208836,4052.619886587173,AC,34.5
-55113110.02071984,4065.126711994521,AC,34.6
-75016580.80465822,4077.6390528156426,AC,34.7
-102107962.62007572,4090.1569090505373,AC,34.8
-138983087.39432108,4102.680280699207,AC,34.900000000000006
-189175242.0907118,4115.20916776165,AC,35
-257493719.88179573,4127.743570237866,AC,35.1
-350484635.20985824,4140.283488127856,AC,35.2
-477058156.9405334,4152.82892143162,AC,35.300000000000004
-649342259.6018671,4165.379870149157,AC,35.4
-883844797.1270415,4177.936334280468,AC,35.5
-1203035246.2491422,4190.498313825553,AC,35.6
-1637497678.4474175,4203.065808784411,AC,35.7
-2228861253.1079645,4215.638819157044,AC,35.800000000000004
-3033789024.800647,4228.217344943449,AC,35.9
-4129407262.720917,4240.801386143628,AC,36
-5620695506.802428,4253.390942757582,AC,36.1
-7650545458.143925,4265.986014785309,AC,36.2
-10413452522.761774,4278.586602226809,AC,36.300000000000004
-14174151899.906076,4291.192705082083,AC,36.4
-19292984880.70332,4303.804323351131,AC,36.5
-26260425895.67107,4316.421457033953,AC,36.6
-35744078610.87814,4329.044106130548,AC,36.7
-48652644127.17303,4341.672270640917,AC,36.800000000000004
-66222990563.543015,4354.305950565059,AC,36.9
-90138666825.50545,4366.945145902975,AC,37
-122691216266.59003,4379.589856654666,AC,37.1
-166999746935.21396,4392.240082820129,AC,37.2
-227309797107.0324,4404.895824399367,AC,37.300000000000004
-309400132688.8932,4417.557081392377,AC,37.4
-421136454856.5045,4430.223853799162,AC,37.5
-573225072877.7318,4442.89614161972,AC,37.6
-780238757263.2574,4455.573944854052,AC,37.7
-1062013068059.3859,4468.257263502158,AC,37.800000000000004
-1445546951146.8867,4480.946097564037,AC,37.9
-1967589713173.6438,4493.640447039689,AC,38
0.7104175447859384,372.93521624805715,CH,3
0.7111429953964736,383.6761135370369,CH,3.1
0.7118775023179658,394.42158942734244,CH,3.2
0.7126211786067236,405.1716439189738,CH,3.3
0.7133741387304171,415.92627701193106,CH,3.4
0.7141364985856972,426.685488706214,CH,3.5
0.714908375516034,437.4492790018228,CH,3.6
0.7156898883297792,448.21764789875743,CH,3.7
0.7164811573184525,458.9905953970178,CH,3.8
0.7172823042752576,469.76812149660395,CH,3.9
0.7180934525138283,480.55022619751594,CH,4
0.7189147268872095,491.3369094997537,CH,4.1
0.7197462538070746,502.12817140331737,CH,4.2
0.7205881612631829,512.9240119082067,CH,4.3
0.7214405788430802,523.7244310144221,CH,4.4
0.7223036377520446,534.529428721963,CH,4.5
0.7231774708332824,545.3390050308296,CH,4.6
0.7240622125883751,556.1531599410224,CH,4.7
0.7249579991979821,566.9718934525407,CH,4.8
0.7258649685428019,577.795205565385,CH,4.9
0.7267832602247951,588.62309627955506,CH,5
0.7277130155886717,599.4555655950509,CH,5.1
0.7286543777436474,610.2926135118726,CH,5.2
0.7296074915854708,621.13424003002,CH,5.300000000000001
0.7305725038187264,631.9804451494932,CH,5.4
0.7315495629794153,642.8312288702921,CH,5.5
0.7325388194578183,653.6865911924169,CH,5.6
0.7335404255216437,664.5465321158676,CH,5.7
0.734554535339465,675.4110516406441,CH,5.800000000000001
0.7355813050044507,686.2801497667464,CH,5.9
0.7366208925583901,697.1538264941744,CH,6
0.7376734580160196,708.0320818229281,CH,6.1
0.7387391633896521,718.9149157530078,CH,6.2
0.7398181727141145,729.8023282844133,CH,6.300000000000001
0.7409106520719959,740.6943194171446,CH,6.4
0.7420167696192114,751.5908891512016,CH,6.5
0.7431366956108847,762.4920374865844,CH,6.6
0.7442706024275543,773.3977644232932,CH,6.7
0.7454186646017064,784.3080699613278,CH,6.800000000000001
0.7465810588446387,795.2229541006878,CH,6.9
0.7477579640736612,806.1424168413739,CH,7
0.7489495614396343,817.0664581833859,CH,7.1000000000000005
0.7501560343548521,827.9950781267235,CH,7.2
0.751377568521274,838.9282766713869,CH,7.3
0.7526143519591072,849.8660538173763,CH,7.4
0.753866575035748,860.8084095646913,CH,7.5
0.7551344304950828,871.7553439133321,CH,7.6000000000000005
0.7564181134871557,882.7068568632988,CH,7.7
0.7577178215982064,893.6629484145914,CH,7.800000000000001
0.7590337548810828,904.6236185672096,CH,7.9
0.7603661158860331,915.5888673211537,CH,8
0.7617151096918833,926.5586946764238,CH,8.100000000000001
0.7630809439376025,937.5331006330192,CH,8.2
0.7644638288542638,948.5120851909408,CH,8.3
0.7658639772974022,959.495648350188,CH,8.4
0.7672816047797788,970.4837901107611,CH,8.5
0.7687169295045522,981.4765104726603,CH,8.600000000000001
0.7701701723988644,992.4738094358847,CH,8.7
0.771641557147847,1003.4756870004354,CH,8.8
0.7731313102290505,1014.4821431663116,CH,8.9
0.7746396609473037,1025.4931779335138,CH,9
0.7761668414700099,1036.5087913020418,CH,9.100000000000001
0.7777130868628811,1047.5289832718952,CH,9.2
0.7792786351261203,1058.553753843075,CH,9.3
0.7808637272310547,1069.58310301558,CH,9.4
0.7824686071572262,1080.6170307894113,CH,9.5
0.7840935219299453,1091.6555371645684,CH,9.600000000000001
0.7857387216583134,1102.6986221410507,CH,9.7
0.78740445957372,1113.7462857188596,CH,9.8
0.7890909920688203,1124.7985278979938,CH,9.9
0.7907985787369997,1135.855348678454,CH,10
0.7925274824123307,1146.91674806024,CH,10.100000000000001
0.7942779692100288,1157.9827260433515,CH,10.2
0.7960503085674128,1169.0532826277893,CH,10.3
0.7978447732853775,1180.1284178135527,CH,10.4
0.7996616395703837,1191.2081316006418,CH,10.5
0.8015011870769716,1202.292423989057,CH,10.600000000000001
0.8033636989508062,1213.3812949787973,CH,10.7
0.8052494618722593,1224.474744569864,CH,10.8
0.8071587661005357,1235.5727727622561,CH,10.9
0.8090919055183501,1246.6753795559744,CH,11
0.8110491776771623,1257.7825649510182,CH,11.1
0.8130308838429768,1268.8943289473882,CH,11.200000000000001
0.8150373290427134,1280.0106715450838,CH,11.3
0.817068822111158,1291.131592744105,CH,11.4
0.8191256757384986,1302.2570925444522,CH,11.5
0.8212082065184553,1313.3871709461253,CH,11.6
0.8233167349970103,1324.5218279491241,CH,11.700000000000001
0.825451585721747,1335.6610635534487,CH,11.8
0.8276130872918055,1346.804877759099,CH,11.9
0.8298015724084598,1357.9532705660752,CH,12
0.8320173779263282,1369.106241974377,CH,12.1
0.8342608449052231,1380.2637919840051,CH,12.200000000000001
0.8365323186626463,1391.4259205949584,CH,12.3
0.8388321488269413,1402.592627807238,CH,12.4
0.8411606893911084,1413.763913620843,CH,12.5
0.843518298767292,1424.9397780357742,CH,12.600000000000001
0.8459053398419477,1436.120221052031,CH,12.700000000000001
0.8483221800316983,1447.3052426696136,CH,12.8
0.8507691913398872,1458.4948428885218,CH,12.9
0.8532467504138375,1469.6890217087562,CH,13
0.855755238602826,1480.8877791303164,CH,13.100000000000001
0.8582950420167813,1492.091115153202,CH,13.200000000000001
0.8608665515857142,1503.2990297774136,CH,13.3
0.8634701631198902,1514.511523002951,CH,13.4
0.8661062773707531,1525.7285948298143,CH,13.5
0.8687753000926092,1536.9502452580034,CH,13.600000000000001
0.8714776421050815,1548.176474287518,CH,13.700000000000001
0.8742137193563441,1559.4072819183586,CH,13.8
0.8769839529871446,1570.642668150525,CH,13.9
0.879788769395628,1581.8826329840172,CH,14
0.8826286003029667,1593.1271764188355,CH,14.100000000000001
0.8855038828198133,1604.3762984549792,CH,14.200000000000001
0.8884150595135802,1615.6299990924488,CH,14.3
0.891362578476561,1626.8882783312442,CH,14.4
0.8943468933949004,1638.1511361713654,CH,14.5
0.897368463618427,1649.4185726128128,CH,14.600000000000001
0.9004277542313572,1660.6905876555854,CH,14.700000000000001
0.9035252361238811,1671.9671812996842,CH,14.8
0.9066613860646425,1683.2483535451086,CH,14.9
0.9098366867741242,1694.5341043918588,CH,15
0.9130516269989488,1705.8244338399347,CH,15.100000000000001
0.916306701587107,1717.1193418893367,CH,15.200000000000001
0.919602411564126,1728.4188285400642,CH,15.3
0.9229392642101872,1739.7228937921177,CH,15.4
0.926317773138208,1751.0315376454969,CH,15.5
0.9297384583728974,1762.3447601002022,CH,15.600000000000001
0.9332018464307992,1773.662561156233,CH,15.700000000000001
0.9367084704013342,1784.9849408135897,CH,15.8
0.9402588700288541,1796.3118990722721,CH,15.9
0.9438535917957191,1807.6434359322805,CH,16
0.9474931890064139,1818.9795513936147,CH,16.1
0.9511782218727126,1830.3202454562747,CH,16.200000000000003
0.9549092575999076,1841.6655181202602,CH,16.3
0.9586868704741147,1853.0153693855714,CH,16.4
0.9625116419506676,1864.3697992522088,CH,16.5
0.9663841607436165,1875.728807720172,CH,16.6
0.9703050229163435,1887.092394789461,CH,16.700000000000003
0.9742748319733101,1898.4605604600754,CH,16.8
0.978294198952949,1909.833304732016,CH,16.9
0.982363742521716,1921.210627605282,CH,17
0.9864840890693161,1932.5925290798746,CH,17.1
0.990655872805118,1943.9790091557925,CH,17.200000000000003
0.9948797358557729,1955.370067833036,CH,17.3
0.9991563283640514,1966.7657051116053,CH,17.4
1.0034863085889136,1978.1659209915008,CH,17.5
1.0078703430068308,1989.570715472722,CH,17.6
1.012309106414368,2000.9800885552693,CH,17.700000000000003
1.0168032820320532,2012.3940402391418,CH,17.8
1.0213535616095355,2023.81257052434,CH,17.9
1.025960645532063,2035.2356794108643,CH,18
1.0306252429282856,2046.6633668987145,CH,18.1
1.035348071779406,2058.095632987891,CH,18.200000000000003
1.0401298590296917,2069.5324776783923,CH,18.3
1.0449713406983672,2080.9739009702193,CH,18.4
1.0498732619929034,2092.419902863373,CH,18.5
1.0548363774237204,2103.870483357852,CH,18.6
1.059861450920323,2115.3256424536576,CH,18.700000000000003
1.064949255948885,2126.785380150788,CH,18.8
1.070100575631303,2138.249696449244,CH,18.9
1.0753162028657344,2149.7185913490266,CH,19
1.0805969404486415,2161.192064850135,CH,19.1
1.0859436011983572,2172.6701169525686,CH,19.2
1.0913570080801964,2184.1527476563283,CH,19.3
1.096837994333125,2195.639956961414,CH,19.400000000000002
1.1023874035980121,2207.1317448678255,CH,19.5
1.108006090047484,2218.6281113755626,CH,19.6
1.1136949185173934,2230.1290564846254,CH,19.7
1.119454764639936,2241.634580195014,CH,19.8
1.125286514978422,2253.144682506729,CH,19.900000000000002
1.13119106716373,2264.659363419769,CH,20
1.1371693300324641,2276.1786229341355,CH,20.1
1.1432222237668284,2287.702461049827,CH,20.2
1.1493506800362465,2299.230877766845,CH,20.3
1.1555556421407427,2310.763873085189,CH,20.400000000000002
1.1618380651561022,2322.301447004858,CH,20.5
1.1681989160808364,2333.8435995258533,CH,20.6
1.174639173984965,2345.390330648174,CH,20.7
1.1811598301606365,2356.941640371821,CH,20.8
1.1877618882746015,2368.497528696794,CH,20.900000000000002
1.1944463645225494,2380.057995623092,CH,21
1.2012142877853265,2391.6230411507163,CH,21.1
1.2080666997870282,2403.192665279666,CH,21.2
1.2150046552549778,2414.766868009942,CH,21.3
1.2220292220815692,2426.345649341544,CH,21.400000000000002
1.229141481487959,2437.929009274471,CH,21.5
1.2363425281895708,2449.5169478087246,CH,21.6
1.243633470563338,2461.109464944303,CH,21.7
1.2510154308166097,2472.706560681208,CH,21.8
1.258489545157568,2484.308235019439,CH,21.900000000000002
1.2660569639669803,2495.914487958995,CH,22
1.2737188519710032,2507.5253194998772,CH,22.1
1.2814763884146705,2519.1407296420853,CH,22.200000000000003
1.289330767235542,2530.7607183856194,CH,22.3
1.2972831972367993,2542.3852857304787,CH,22.400000000000002
1.3053349022588026,2554.014431676664,CH,22.5
1.3134871213477688,2565.648156224175,CH,22.6
1.321741108919738,2577.286459373013,CH,22.700000000000003
1.3300981349173169,2588.929341123175,CH,22.8
1.3385594849558067,2600.576801474664,CH,22.900000000000002
1.3471264604540627,2612.228840427478,CH,23
1.3558003787437822,2623.8854579816184,CH,23.1
1.3645825731486396,2635.5466541370847,CH,23.200000000000003
1.3734743930215974,2647.212428893876,CH,23.3
1.3824772037245467,2658.8827822519943,CH,23.400000000000002
1.3915923865287259,2670.557714211437,CH,23.5
1.4008213384066468,2682.237224772207,CH,23.6
1.410165471675761,2693.921313934302,CH,23.700000000000003
1.4196262134398459,2705.609981697723,CH,23.8
1.429205004754718,2717.3032280624693,CH,23.900000000000002
1.4389032994186017,2729.0010530285417,CH,24
1.4487225622517526,2740.70345659594,CH,24.1
1.458664266681432,2752.410438764665,CH,24.200000000000003
1.468729891382456,2764.121999534714,CH,24.3
1.4789209156340475,2775.83813890609,CH,24.400000000000002
1.4892388129322094,2787.558856878791,CH,24.5
1.499685042231771,2799.2841534528184,CH,24.6
1.5102610359680864,2811.0140286281717,CH,24.700000000000003
1.5209681837039108,2822.74848240485,CH,24.8
1.5318078098334311,2834.487514782855,CH,24.900000000000002
1.5427811432138272,2846.2311257621855,CH,25
1.5538892758319283,2857.9793153428423,CH,25.1
1.5651331065775174,2869.7320835248242,CH,25.200000000000003
1.5765132647877775,2881.489430308132,CH,25.3
1.588030006316294,2893.2513556927656,CH,25.400000000000002
1.5996830722844848,2905.017859678725,CH,25.5
1.611471497148139,2916.7889422660105,CH,25.6
1.623393347923859,2928.564603454622,CH,25.700000000000003
1.6354453699175209,2940.3448432445584,CH,25.8
1.647622505464989,2952.129661635821,CH,25.900000000000002
1.659917240200165,2963.9190586284094,CH,26
1.672318715073934,2975.7130342223236,CH,26.1
1.6848115202207894,2987.5115884175643,CH,26.200000000000003
1.6973740567180164,2999.31472121413,CH,26.3
1.7099763114664746,3011.122432612022,CH,26.400000000000002
1.7225768349870931,3022.934722611239,CH,26.5
1.735118636636895,3034.751591211783,CH,26.6
1.7475236094909898,3046.573038413652,CH,26.700000000000003
1.75968495825376,3058.3990642168465,CH,26.8
1.77145691493478,3070.2296686213676,CH,26.900000000000002
1.7826407708358525,3082.064851627214,CH,27
1.7929659054460854,3093.904613234386,CH,27.1
1.8020640202659561,3105.7489534428846,CH,27.200000000000003
1.8094341437409711,3117.5978722527084,CH,27.3
1.8143951017545665,3129.451369663858,CH,27.400000000000002
1.8160209641675804,3141.3094456763333,CH,27.5
1.8130533698647748,3153.172100290135,CH,27.6
1.8037824487884961,3165.039333505262,CH,27.700000000000003
1.785885093214199,3176.9111453217147,CH,27.8
1.7562053018721968,3188.787535739494,CH,27.900000000000002
1.7104558489117867,3200.668504758598,CH,28
1.6428130983076128,3212.5540523790287,CH,28.1
1.5453666911787085,3224.444178600785,CH,28.200000000000003
1.4073721252643594,3236.3388834238667,CH,28.3
1.2142356276438475,3248.238166848275,CH,28.400000000000002
0.9461354350899359,3260.1420288740082,CH,28.5
0.5761492527095918,3272.0504695010677,CH,28.6
0.06771101675604108,3283.963488729453,CH,28.700000000000003
-0.6288432642203812,3295.8810865591636,CH,28.8
-1.580966858369762,3307.8032629902004,CH,28.900000000000002
-2.880273979076181,3319.730018022563,CH,29
-4.651193619855534,3331.661351656251,CH,29.1
-7.062722968350714,3343.597263891266,CH,29.200000000000003
-10.344390588174326,3355.5377547276053,CH,29.3
-14.807937198133528,3367.4828241652717,CH,29.400000000000002
-20.876761943751212,3379.432472204263,CH,29.5
-29.125915558790048,3391.3866988445807,CH,29.6
-40.33641803891276,3403.3455040862236,CH,29.700000000000003
-55.5690314957731,3415.3088879291927,CH,29.8
-76.26445653199471,3427.2768503734874,CH,29.900000000000002
-104.37941635608755,3439.249391419108,CH,30
-142.57148269389313,3451.2265110660546,CH,30.1
-194.45010154241834,3463.2082093143267,CH,30.200000000000003
-264.9175298306421,3475.1944861639245,CH,30.3
-360.631886739516,3487.1853416148483,CH,30.400000000000002
-490.63605798120795,3499.180775667098,CH,30.5
-667.2118572610395,3511.1807883206734,CH,30.6
-907.0401261957512,3523.185379575575,CH,30.700000000000003
-1232.776351899195,3535.1945494318015,CH,30.8
-1675.190629874353,3547.208297889355,CH,30.900000000000002
-2276.0741060464347,3559.2266249482327,CH,31
-3092.1864308629747,3571.249530608438,CH,31.1
-4200.617088951311,3583.277014869968,CH,31.200000000000003
-5706.067017846153,3595.309077732824,CH,31.3
-7750.738313468408,3607.3457191970056,CH,31.400000000000002
-10527.766171306734,3619.3869392625134,CH,31.5
-14299.461800153025,3631.432737929347,CH,31.6
-19422.089473836066,3643.483115197506,CH,31.700000000000003
-26379.51807951689,3655.538071066991,CH,31.8
-35828.9257767787,3667.597605537802,CH,31.900000000000002
-48662.874878813505,3679.6617186099384,CH,32
-66093.62034420509,3691.730410283401,CH,32.1
-89767.61538127236,3703.8036805581896,CH,32.2
-121921.02998660594,3715.881529434303,CH,32.3
-165590.97218587133,3727.963956911744,CH,32.400000000000006
-224902.36323838015,3740.0509629905087,CH,32.5
-305457.564090937,3752.1425476706004,CH,32.6
-414865.55591017014,3764.2387109520178,CH,32.7
-563460.6593407067,3776.3394528347603,CH,32.8
-765278.6803392447,3788.44477331883,CH,32.900000000000006
-1039382.6860991262,3800.554672404224,CH,33
-1411663.6394860258,3812.6691500909446,CH,33.1
-1917285.9739721785,3824.788206378991,CH,33.2
-2604009.1100096605,3836.9118412683624,CH,33.3
-3536698.65232111,3849.040054759061,CH,33.400000000000006
-4803453.380920049,3861.1728468510846,CH,33.5
-6523926.771220387,3873.3102175444337,CH,33.6
-8860629.0665684,3885.45216683911,CH,33.7
-12034277.459683055,3897.5986947351103,CH,33.8
-16344644.3105012,3909.749801232438,CH,33.900000000000006
-22198872.65429852,3921.90548633109,CH,34
-30149933.58957891,3934.0657500310685,CH,34.1
-40948858.103697136,3946.230592332373,CH,34.2
-55615676.98215479,3958.4000132350025,CH,34.3
-75535769.5513687,3970.5740127389595,CH,34.400000000000006
-102590722.03924055,3982.752590844241,CH,34.5
-139336056.00262737,3994.935747550848,CH,34.6
-189242614.46250653,4007.1234828587812,CH,34.7
-257024406.28489777,4019.31579676804,CH,34.8
-349083875.90612364,4031.5126892786257,CH,34.900000000000006
-474116657.11151916,4043.714160390536,CH,35
-643932933.9146386,4055.9202101037727,CH,35.1
-874572991.5754606,4068.1308384183353,CH,35.2
-1187822329.0266623,4080.3460453342236,CH,35.300000000000004
-1613269445.2290068,4092.5658308514367,CH,35.4
-2191100671.1661725,4104.790194969976,CH,35.5
-2975896038.0883613,4117.019137689843,CH,35.6
-4041784727.1962037,4129.252659011034,CH,35.7
-5489447067.53327,4141.490758933551,CH,35.800000000000004
-7455624467.706859,4153.733437457393,CH,35.9
-10126035558.214947,4165.980694582562,CH,36
-13752918560.567057,4178.232530309057,CH,36.1
-18678856877.51468,4190.488944636877,CH,36.2
-25369138391.039833,4202.749937566024,CH,36.300000000000004
-34455705020.62841,4215.015509096495,CH,36.4
-46796843872.11159,4227.285659228293,CH,36.5
-63558258206.05659,4239.560387961416,CH,36.6
-86323175921.92401,4251.8396952958665,CH,36.7
-117241896042.13408,4264.123581231642,CH,36.800000000000004
-159234898863.5492,4276.412045768742,CH,36.9
-216268704891.20255,4288.705088907169,CH,37
-293730539279.0204,4301.0027106469215,CH,37.1
-398937191344.5702,4313.304910988,CH,37.2
-541826134348.76385,4325.611689930404,CH,37.300000000000004
-735894186434.794,4337.9230474741335,CH,37.4
-999472375541.8646,4350.23898361919,CH,37.5
-1357457427827.3447,4362.559498365572,CH,37.6
-1843663430281.4583,4374.8845917132785,CH,37.7
-2504015797826.3115,4387.214263662313,CH,37.800000000000004
-3400889236494.3486,4399.548514212671,CH,37.9
-4618999452376.601,4411.887343364356,CH,38
0.4692567859506679,431.609388925932,CS,3
0.46985763885494736,442.4826072821371,CS,3.1
0.4704629396549319,453.36474263531477,CS,3.2
0.47107272127677713,464.25579498546495,CS,3.3
0.47168701689037884,475.1557643325877,CS,3.4
0.47230585991117774,486.06465067668296,CS,3.5
0.4729292840019768,496.98245401775074,CS,3.6
0.47355732307477255,507.9091743557911,CS,3.7
0.4741900112925996,518.8448116908039,CS,3.8
0.47482738307138916,529.7893660227893,CS,3.9
0.47546947308184107,540.7428373517473,CS,4
0.4761163162513098,551.7052256776777,CS,4.1
0.47676794776570425,562.6765310005807,CS,4.2
0.4774244030714019,573.6567533204562,CS,4.3
0.47808571787717674,584.6458926373043,CS,4.4
0.47875192815614204,595.6439489511249,CS,4.5
0.4794230701477068,606.650922261918,CS,4.6
0.4800991803595473,617.6668125696838,CS,4.7
0.4807802955695928,628.691619874422,CS,4.8
0.48146645282802614,639.7253441761327,CS,4.9
0.4821576894592994,650.767985474816,CS,5
0.4828540430641639,661.8195437704717,CS,5.1
0.48355555152171564,672.8800190631001,CS,5.2
0.48426225299145587,683.9494113527012,CS,5.300000000000001
0.4849741859153667,695.0277206392745,CS,5.4
0.4856913890200022,706.1149469228203,CS,5.5
0.4864139013185953,717.2110902033388,CS,5.6
0.4871417621131794,728.31615048083,CS,5.7
0.4878750109967268,739.4301277552936,CS,5.800000000000001
0.488613687855302,750.55302202672965,CS,5.9
0.4893578328702318,761.6848332951382,CS,6
0.49010748652029057,772.8255615605194,CS,6.1
0.4908626895839023,783.975206822873,CS,6.2
0.4916234831413589,795.1337690821994,CS,6.300000000000001
0.49238990857705484,806.3012483384981,CS,6.4
0.4931620075817381,817.4776445917694,CS,6.5
0.49393982215477816,828.6629578420132,CS,6.6
0.49472339460645065,839.8571880892297,CS,6.7
0.4955127675602386,851.0603353334186,CS,6.800000000000001
0.4963079839551514,862.2723995745799,CS,6.9
0.4971090870480601,873.4933808127139,CS,7
0.497916120416051,884.7232790478205,CS,7.1000000000000005
0.4987291279587953,895.9620942798995,CS,7.2
0.49954815390093793,907.2098265089511,CS,7.3
0.5003732427945025,918.4664757349752,CS,7.4
0.501204439521315,929.7320419579719,CS,7.5
0.5020417892954457,941.0065251779411,CS,7.6000000000000005
0.5028853376656678,952.2899253948827,CS,7.7
0.5037351305179356,963.5822426087971,CS,7.800000000000001
0.5045912140778805,974.8834768196839,CS,7.9
0.5054536349133255,986.1936280275431,CS,8
0.5063224399368182,997.5126962323752,CS,8.100000000000001
0.5071976764081828,1008.8406814341794,CS,8.2
0.5080793919370906,1020.1775836329564,CS,8.3
0.5089676344856503,1031.523402828706,CS,8.4
0.5098624523710165,1042.8781390214278,CS,8.5
0.5107638942680179,1054.2417922111226,CS,8.600000000000001
0.5116720092118059,1065.6143623977896,CS,8.7
0.5125868466005207,1076.9958495814294,CS,8.8
0.5135084561979792,1088.3862537620414,CS,8.9
0.5144368881363819,1099.785574939626,CS,9
0.5153721929190396,1111.1938131141833,CS,9.100000000000001
0.5163144214231207,1122.6109682857127,CS,9.2
0.5172636249024188,1134.0370404542152,CS,9.3
0.518219854990141,1145.47202961969,CS,9.4
0.5191831637017159,1156.9159357821372,CS,9.5
0.5201536034376235,1168.3687589415574,CS,9.600000000000001
0.5211312269862457,1179.8304990979495,CS,9.7
0.5221160875267375,1191.3011562513148,CS,9.8
0.5231082386319198,1202.7807304016521,CS,9.9
0.5241077342711936,1214.2692215489622,CS,10
0.525114628813476,1225.766629693245,CS,10.100000000000001
0.526128977030157,1237.2729548344998,CS,10.2
0.5271508340980798,1248.7881969727277,CS,10.3
0.5281802556025414,1260.3123561079278,CS,10.4
0.5292172975403167,1271.8454322401005,CS,10.5
0.5302620163227043,1283.3874253692459,CS,10.600000000000001
0.531314468778595,1294.9383354953634,CS,10.7
0.5323747121575635,1306.498162618454,CS,10.8
0.5334428041329823,1318.0669067385165,CS,10.9
0.5345188028051586,1329.644567855552,CS,11
0.5356027667044954,1341.2311459695597,CS,11.1
0.5366947547946748,1352.8266410805404,CS,11.200000000000001
0.5377948264758657,1364.4310531884933,CS,11.3
0.5389030415879549,1376.0443822934187,CS,11.4
0.5400194604138019,1387.6666283953168,CS,11.5
0.5411441436825187,1399.2977914941873,CS,11.6
0.5422771525727725,1410.9378715900307,CS,11.700000000000001
0.5434185487161142,1422.5868686828464,CS,11.8
0.5445683942003303,1434.2447827726346,CS,11.9
0.545726751572821,1445.9116138593952,CS,12
0.5468936838440022,1457.5873619431284,CS,12.1
0.5480692544907327,1469.2720270238344,CS,12.200000000000001
0.5492535274597676,1480.9656091015127,CS,12.3
0.5504465671712364,1492.6681081761633,CS,12.4
0.5516484385221478,1504.3795242477868,CS,12.5
0.5528592068899192,1516.099857316383,CS,12.600000000000001
0.5540789381359333,1527.8291073819514,CS,12.700000000000001
0.5553076986091205,1539.5672744444923,CS,12.8
0.5565455551495688,1551.314358504006,CS,12.9
0.5577925750921583,1563.0703595604919,CS,13
0.5590488262702253,1574.8352776139507,CS,13.100000000000001
0.5603143770192516,1586.6091126643819,CS,13.200000000000001
0.5615892961805815,1598.3918647117855,CS,13.3
0.5628736531051668,1610.1835337561615,CS,13.4
0.5641675176573393,1621.9841197975104,CS,13.5
0.5654709602186112,1633.793622835832,CS,13.600000000000001
0.566784051691503,1645.6120428711254,CS,13.700000000000001
0.5681068635034014,1657.4393799033917,CS,13.8
0.5694394676104436,1669.2756339326306,CS,13.9
0.570781936501432,1681.120804958842,CS,14
0.5721343432017776,1692.9748929820262,CS,14.100000000000001
0.5734967612774716,1704.8378980021826,CS,14.200000000000001
0.5748692648390876,1716.7098200193116,CS,14.3
0.5762519285458132,1728.5906590334132,CS,14.4
0.5776448276095101,1740.4804150444872,CS,14.5
0.5790480377988068,1752.3790880525341,CS,14.600000000000001
0.5804616354432189,1764.2866780575532,CS,14.700000000000001
0.5818856974373022,1776.203185059545,CS,14.8
0.5833203012448345,1788.128609058509,CS,14.9
0.5847655249030297,1800.0629500544458,CS,15
0.5862214470267836,1812.0062080473551,CS,15.100000000000001
0.5876881468129486,1823.958383037237,CS,15.200000000000001
0.5891657040446431,1835.9194750240913,CS,15.3
0.5906541990955909,1847.889484007918,CS,15.4
0.5921537129344931,1859.8684099887175,CS,15.5
0.593664327129433,1871.8562529664898,CS,15.600000000000001
0.5951861238523123,1883.8530129412343,CS,15.700000000000001
0.5967191858833218,1895.8586899129514,CS,15.8
0.598263596615444,1907.8732838816409,CS,15.9
0.5998194400589889,1919.896794847303,CS,16
0.601386800846165,1931.9292228099378,CS,16.1
0.6029657642356816,1943.9705677695451,CS,16.200000000000003
0.6045564161173875,1956.0208297261247,CS,16.3
0.6061588430169431,1968.0800086796767,CS,16.4
0.6077731321005264,1980.1481046302017,CS,16.5
0.6093993711795752,1992.225117577699,CS,16.6
0.6110376487155632,2004.311047522169,CS,16.700000000000003
0.6126880538248128,2016.4058944636113,CS,16.8
0.6143506762833415,2028.5096584020262,CS,16.9
0.6160256065317464,2040.6223393374135,CS,17
0.6177129356801234,2052.7439372697736,CS,17.1
0.6194127555130233,2064.8744521991066,CS,17.200000000000003
0.6211251584944445,2077.0138841254116,CS,17.3
0.6228502377728629,2089.162233048689,CS,17.4
0.6245880871862987,2101.319498968939,CS,17.5
0.6263388012674207,2113.4856818861617,CS,17.6
0.6281024752486889,2125.660781800357,CS,17.700000000000003
0.6298792050675343,2137.844798711525,CS,17.8
0.6316690873715778,2150.037732619665,CS,17.9
0.6334722195238879,2162.239583524778,CS,18
0.6352886996082758,2174.450351426863,CS,18.1
0.637118626434632,2186.6700363259215,CS,18.200000000000003
0.6389620995442999,2198.8986382219514,CS,18.3
0.6408192192154916,2211.136157114954,CS,18.4
0.6426900864687419,2223.3825930049297,CS,18.5
0.6445748030724039,2235.637945891878,CS,18.6
0.6464734715481832,2247.9022157757986,CS,18.700000000000003
0.6483861951767167,2260.175402656692,CS,18.8
0.6503130780031892,2272.457506534557,CS,18.9
0.6522542248429921,2284.7485274093956,CS,19
0.6542097412874265,2297.048465281206,CS,19.1
0.6561797337094437,2309.3573201499894,CS,19.2
0.6581643092694329,2321.675092015745,CS,19.3
0.6601635759210482,2334.0017808784733,CS,19.400000000000002
0.6621776424170787,2346.3373867381742,CS,19.5
0.6642066183153628,2358.6819095948476,CS,19.6
0.6662506139847445,2371.0353494484934,CS,19.7
0.6683097406110731,2383.397706299112,CS,19.8
0.6703841102032453,2395.7689801467036,CS,19.900000000000002
0.6724738355992905,2408.149170991266,CS,20
0.6745790304724992,2420.538278832803,CS,20.1
0.6766998093375916,2432.936303671311,CS,20.2
0.678836287556928,2445.3432455067923,CS,20.3
0.6809885813467589,2457.7591043392463,CS,20.400000000000002
0.6831568077835104,2470.1838801686717,CS,20.5
0.6853410848101075,2482.617572995071,CS,20.6
0.6875415312423228,2495.0601828184417,CS,20.7
0.6897582667751543,2507.511709638786,CS,20.8
0.6919914119892161,2519.972153456102,CS,20.900000000000002
0.6942410883571376,2532.441514270391,CS,21
0.6965074182499522,2544.9197920816528,CS,21.1
0.6987905249434565,2557.4069868898864,CS,21.2
0.7010905326245138,2569.903098695093,CS,21.3
0.7034075663972625,2582.4081274972723,CS,21.400000000000002
0.7057417522891793,2594.9220732964236,CS,21.5
0.708093217256927,2607.444936092548,CS,21.6
0.7104620891918928,2619.976715885644,CS,21.7
0.7128484969252908,2632.5174126757133,CS,21.8
0.7152525702326494,2645.067026462755,CS,21.900000000000002
0.7176744398374522,2657.625557246769,CS,22
0.7201142374136086,2670.193005027756,CS,22.1
0.7225720955863164,2682.7693698057155,CS,22.200000000000003
0.7250481479307276,2695.3546515806474,CS,22.3
0.7275425289676096,2707.9488503525517,CS,22.400000000000002
0.7300553741549105,2720.5519661214284,CS,22.5
0.7325868198737496,2733.163998887278,CS,22.6
0.735137003406817,2745.7849486501004,CS,22.700000000000003
0.7377060629064536,2758.4148154098943,CS,22.8
0.7402941373487051,2771.053599166662,CS,22.900000000000002
0.7429013664683181,2783.7012999204007,CS,23
0.7455278906678487,2796.3579176711128,CS,23.1
0.7481738508916145,2809.023452418798,CS,23.200000000000003
0.7508393884519069,2821.6979041634545,CS,23.3
0.7535246447903887,2834.381272905085,CS,23.400000000000002
0.7562297611514917,2847.0735586436867,CS,23.5
0.758954878136356,2859.7747613792617,CS,23.6
0.7617001350946013,2872.484881111809,CS,23.700000000000003
0.7644656692959668,2885.203917841329,CS,23.8
0.7672516148031405,2897.9318715678214,CS,23.900000000000002
0.7700581009389866,2910.668742291286,CS,24
0.7728852502032211,2923.4145300117234,CS,24.1
0.7757331754417914,2936.169234729134,CS,24.200000000000003
0.7786019760019169,2948.932856443516,CS,24.3
0.7814917325103253,2961.7053951548714,CS,24.400000000000002
0.7844024997827044,2974.4868508631985,CS,24.5
0.7873342971965995,2987.277223568499,CS,24.6
0.7902870956213703,3000.076513270772,CS,24.700000000000003
0.7932607996749642,3012.8847199700167,CS,24.8
0.7962552236376617,3025.7018436662347,CS,24.900000000000002
0.7992700587562918,3038.5278843594247,CS,25
0.8023048288625501,3051.362842049588,CS,25.1
0.8053588301298007,3064.206716736723,CS,25.200000000000003
0.8084310493007271,3077.0595084208308,CS,25.3
0.811520052693038,3089.921217101911,CS,25.400000000000002
0.8146238355416537,3102.791842779964,CS,25.5
0.8177396175048357,3115.67138545499,CS,25.6
0.820863565097594,3128.559845126988,CS,25.700000000000003
0.8239904149421058,3141.457221795958,CS,25.8
0.8271129623951712,3154.3635154619014,CS,25.900000000000002
0.8302213674493752,3167.278726124817,CS,26
0.833302212616404,3180.202853784705,CS,26.1
0.8363372241710572,3193.135898441566,CS,26.200000000000003
0.8393015364684029,3206.077860095399,CS,26.3
0.8421613360655119,3219.028738746205,CS,26.400000000000002
0.8448706640402943,3231.9885343939827,CS,26.5
0.8473670757154526,3244.957247038734,CS,26.6
0.8495657495169506,3257.9348766804574,CS,26.700000000000003
0.8513514908136522,3270.9214233191533,CS,26.8
0.8525678785754081,3283.9168869548216,CS,26.900000000000002
0.8530025339250147,3296.9212675874624,CS,27
0.852367124863989,3309.934565217076,CS,27.1
0.8502702263083279,3322.956779843663,CS,27.200000000000003
0.8461804825025163,3335.987911467221,CS,27.3
0.8393766066696593,3349.0279600877516,CS,27.400000000000002
0.8288795145953753,3362.0769257052552,CS,27.5
0.8133602082649269,3375.1348083197317,CS,27.6
0.7910147445928908,3388.2016079311807,CS,27.700000000000003
0.7593945281317086,3401.2773245396015,CS,27.8
0.7151759641789968,3414.3619581449957,CS,27.900000000000002
0.6538478046170719,3427.4555087473614,CS,28
0.5692867765544187,3440.557976346701,CS,28.1
0.4531815751195517,3453.669360943012,CS,28.200000000000003
0.2942510380753667,3466.789662536296,CS,28.3
0.07718295955925525,3479.9188811265526,CS,28.400000000000002
-0.21880627792974472,3493.057016713781,CS,28.5
-0.6219267420474461,3506.2040692979826,CS,28.6
-1.170468561045673,3519.360038879157,CS,28.700000000000003
-1.916403718986596,3532.5249254573037,CS,28.8
-2.9302748399285243,3545.6987290324228,CS,28.900000000000002
-4.307830826375153,3558.8814496045143,CS,29
-6.1790335357732475,3572.0730871735786,CS,29.1
-8.72028271141024,3585.2736417396154,CS,29.200000000000003
-12.171009110358424,3598.483113302624,CS,29.3
-16.856196667175734,3611.7015018626066,CS,29.400000000000002
-23.21695224901491,3624.9288074195606,CS,29.5
-31.85199855745804,3638.165029973488,CS,29.6
-43.573993222209296,3651.410169524387,CS,29.700000000000003
-59.485971763021695,3664.664226072259,CS,29.8
-81.08510505530717,3677.9271996171037,CS,29.900000000000002
-110.4035312837735,3691.1990901589206,CS,30
-150.19950979387258,3704.47989769771,CS,30.1
-204.21687779867855,3717.769622233472,CS,30.200000000000003
-277.53721583227446,3731.0682637662067,CS,30.3
-377.05784852309085,3744.3758222959136,CS,30.400000000000002
-512.1406440066056,3757.6922978225934,CS,30.5
-695.4926415339035,3771.0176903462457,CS,30.6
-944.3613438374477,3784.3519998668708,CS,30.700000000000003
-1282.1571098722688,3797.695226384468,CS,30.8
-1740.6552589050998,3811.047369899038,CS,30.900000000000002
-2362.985027686447,3824.40843041058,CS,31
-3207.6865380664544,3837.778407919095,CS,31.1
-4354.217395212215,3851.1573024245827,CS,31.200000000000003
-5910.426896623257,3864.5451139270426,CS,31.3
-8022.700916177303,3877.941842426475,CS,31.400000000000002
-10889.731745473331,3891.3474879228797,CS,31.5
-14781.208157686095,3904.7620504162574,CS,31.6
-20063.183781693682,3918.185529906608,CS,31.700000000000003
-27232.510071967386,3931.6179263939302,CS,31.8
-36963.57282425648,3945.0592398782255,CS,31.900000000000002
-50171.72852468837,3958.509470359493,CS,32
-68099.40769590205,3971.9686178377333,CS,32.1
-92432.9845832872,3985.4366823129467,CS,32.2
-125461.40657154076,3998.913663785131,CS,32.3
-170291.50486625923,4012.3995622542902,CS,32.400000000000006
-231140.239719313,4025.8943777204195,CS,32.5
-313731.3703532497,4039.398110183523,CS,32.6
-425833.8624875915,4052.9107596435983,CS,32.7
-577992.6789700203,4066.4323261006457,CS,32.8
-784520.6956033022,4079.9628095546673,CS,32.900000000000006
-1064845.0470963994,4093.50221000566,CS,33
-1445334.547669765,4107.050527453625,CS,33.1
-1961780.0833086271,4120.607761898564,CS,33.2
-2662761.294678496,4134.1739133404735,CS,33.3
-3614216.2389757996,4147.748981779358,CS,33.400000000000006
-4905643.877642616,4161.332967215213,CS,33.5
-6658522.829247115,4174.925869648041,CS,33.6
-9037738.300627084,4188.527689077842,CS,33.7
-12267092.074798767,4202.138425504615,CS,33.8
-16650354.508376705,4215.758078928362,CS,33.900000000000006
-22599838.80241378,4229.38664934908,CS,34
-30675185.39601951,4243.024136766771,CS,34.1
-41636004.75105911,4256.670541181435,CS,34.2
-56513330.39093656,4270.32586259307,CS,34.3
-76706603.44996652,4283.990101001679,CS,34.400000000000006
-104115311.620776,4297.66325640726,CS,34.5
-141317665.166025,4311.3453288098135,CS,34.6
-191813117.2194448,4325.03631820934,CS,34.7
-260351541.13796395,4338.736224605838,CS,34.8
-353380029.09422594,4352.44504799931,CS,34.900000000000006
-479649340.18404967,4366.162788389754,CS,35
-651037043.8144274,4379.889445777169,CS,35.1
-883664787.6587054,4393.6250201615585,CS,35.2
-1199414786.4021897,4407.36951154292,CS,35.300000000000004
-1627988180.352416,4421.122919921254,CS,35.4
-2209698884.1773486,4434.88524529656,CS,35.5
-2999265730.185085,4448.65648766884,CS,35.6
-4070959615.5047784,4462.436647038091,CS,35.7
-5525589821.469153,4476.225723404315,CS,35.800000000000004
-7499986675.914073,4490.023716767511,CS,35.9
-10179872548.52797,4503.830627127681,CS,36
-13817331894.183203,4517.646454484822,CS,36.1
-18754523670.334316,4531.471198838936,CS,36.2
-25455866645.784534,4545.304860190024,CS,36.300000000000004
-34551725123.78233,4559.1474385380825,CS,36.4
-46897704393.14089,4572.998933883114,CS,36.5
-63655133555.88852,4586.859346225118,CS,36.6
-86400306378.38078,4600.728675564095,CS,36.7
-117272755946.90694,4614.606921900046,CS,36.800000000000004
-159176510638.035,4628.494085232966,CS,36.9
-216053262620.9608,4642.390165562861,CS,37
-293253144587.91425,4656.295162889728,CS,37.1
-398037991962.8146,4670.209077213568,CS,37.2
-540264430133.82373,4684.13190853438,CS,37.300000000000004
-733311041562.6267,4698.063656852164,CS,37.4
-995336827087.3917,4712.004322166921,CS,37.5
-1350989339046.6204,4725.953904478652,CS,37.6
-1833723162397.5378,4739.9124037873535,CS,37.7
-2488946832612.274,4753.879820093029,CS,37.800000000000004
-3378294206346.0547,4767.856153395675,CS,37.9
-4585422072938.643,4781.841403695295,CS,38
0.406475918636235,428.38438571850986,TT,3
0.4072978686317761,439.27941083859116,TT,3.1
0.40812765717012106,450.18406793150984,TT,3.2
0.4089653590036924,461.0983569972658,TT,3.3
0.4098110495977906,472.02227803585913,TT,3.4
0.41066480513739234,482.95583104728973,TT,3.5
0.41152670253401413,493.8990160315577,TT,3.6
0.4123968194326405,504.85183298866303,TT,3.7
0.41327523421871903,515.8142819186056,TT,3.8
0.41416202602522173,526.7863628213856,TT,3.9
0.4150572747397738,537.7680756970028,TT,4
0.4159610610118503,548.7594205454574,TT,4.1
0.41687346626004185,559.7603973667494,TT,4.2
0.4177945726793889,570.7710061608786,TT,4.3
0.41872446324878676,581.79124692784535,TT,4.4
0.4196632217384604,592.8211196676492,TT,4.5
0.4206109327175115,603.8606243802903,TT,4.6
0.4215676815615366,614.909761065769,TT,4.7
0.4225335544603183,625.9685297240849,TT,4.8
0.4235086384255899,637.0369303552382,TT,4.9
0.4244930212988737,648.1149629592287,TT,5
0.42548679175939463,659.2026275360565,TT,5.1
0.42649003933206886,670.2999240857218,TT,5.2
0.4275028543955685,681.4068526082245,TT,5.300000000000001
0.428525328190464,692.5234131035644,TT,5.4
0.4295575528274432,703.6496055717414,TT,5.5
0.4305996212956093,714.7854300127559,TT,5.6
0.4316516274708582,725.9308864266078,TT,5.7
0.43271366612433504,737.0859748132971,TT,5.800000000000001
0.43378583293097184,748.2506951728236,TT,5.9
0.43486822447810675,759.4250475051874,TT,6
0.4359609382741848,770.6090318103886,TT,6.1
0.43706407275754255,781.8026480884271,TT,6.2
0.4381777273052755,793.0058963393029,TT,6.300000000000001
0.43930200224219096,804.218776563016,TT,6.4
0.4404369988498457,815.4412887595665,TT,6.5
0.44158281937567034,826.6734329289543,TT,6.6
0.44273956704218004,837.9152090711796,TT,6.7
0.44390734605627347,849.1666171862421,TT,6.800000000000001
0.44508626161862064,860.4276572741418,TT,6.9
0.4462764199331398,871.6983293348788,TT,7
0.4474779282165652,882.9786333684534,TT,7.1000000000000005
0.44869089470810547,894.2685693748651,TT,7.2
0.4499154286791947,905.5681373541142,TT,7.3
0.4511516404433362,916.8773373062007,TT,7.4
0.45239964136604033,928.1961692311245,TT,7.5
0.4536595438748568,939.5246331288856,TT,7.6000000000000005
0.454931461469503,950.8627289994839,TT,7.7
0.45621550873208855,962.2104568429198,TT,7.800000000000001
0.45751180133743785,973.5678166591929,TT,7.9
0.45882045606351063,984.9348084483032,TT,8
0.46014159080192174,996.3114322102512,TT,8.100000000000001
0.461475324568562,1007.697687945036,TT,8.2
0.4628217775143198,1019.0935756526585,TT,8.3
0.46418107093590466,1030.4990953331182,TT,8.4
0.4655533272867747,1041.9142469864153,TT,8.5
0.46693867018816815,1053.3390306125498,TT,8.600000000000001
0.4683372244402393,1064.773446211521,TT,8.7
0.46974911603330205,1076.2174937833304,TT,8.8
0.47117447215917907,1087.6711733279767,TT,8.9
0.4726134212226608,1099.1344848454603,TT,9
0.47406609285307244,1110.6074283357816,TT,9.100000000000001
0.4755326179159517,1122.0900037989397,TT,9.2
0.47701312852483846,1133.5822112349356,TT,9.3
0.4785077580531757,1145.0840506437685,TT,9.4
0.4800166411463253,1156.5955220254389,TT,9.5
0.4815399137336971,1168.1166253799468,TT,9.600000000000001
0.4830777130409946,1179.6473607072912,TT,9.7
0.4846301776025771,1191.1877280074739,TT,9.8
0.4861974472739395,1202.7377272804933,TT,9.9
0.48777966324431143,1214.2973585263503,TT,10
0.4893769680493767,1225.8666217450448,TT,10.100000000000001
0.49098950558411325,1237.4455169365763,TT,10.2
0.4926174211157567,1249.0340441009455,TT,10.3
0.4942608612968863,1260.6322032381518,TT,10.4
0.49591997417863687,1272.2399943481953,TT,10.5
0.4975949092240358,1283.8574174310763,TT,10.600000000000001
0.4992858173214675,1295.4844724867944,TT,10.7
0.5009928507982668,1307.1211595153502,TT,10.8
0.502716163434441,1318.7674785167428,TT,10.9
0.5044559104765238,1330.4234294909731,TT,11
0.5062122486515603,1342.0890124380408,TT,11.1
0.5079853361812267,1353.7642273579459,TT,11.200000000000001
0.5097753327960828,1365.449074250688,TT,11.3
0.5115823997499627,1377.1435531162676,TT,11.4
0.5134066998345007,1388.8476639546845,TT,11.5
0.5152483973937969,1400.5614067659387,TT,11.6
0.5171076583392221,1412.2847815500304,TT,11.700000000000001
0.5189846501643643,1424.0177883069593,TT,11.8
0.5208795419601179,1435.7604270367256,TT,11.9
0.5227925044299152,1447.512697739329,TT,12
0.5247237099051062,1459.2746004147698,TT,12.1
0.5266733323604815,1471.0461350630483,TT,12.200000000000001
0.5286415474299465,1482.8273016841636,TT,12.3
0.5306285324223422,1494.6181002781163,TT,12.4
0.5326344663374196,1506.4185308449066,TT,12.5
0.5346595298819643,1518.2285933845344,TT,12.600000000000001
0.5367039054860754,1530.048287896999,TT,12.700000000000001
0.5387677773196009,1541.8776143823013,TT,12.8
0.5408513313087279,1553.7165728404407,TT,12.9
0.5429547551527325,1565.5651632714175,TT,13
0.5450782383408889,1577.4233856752319,TT,13.100000000000001
0.5472219721695393,1589.2912400518833,TT,13.200000000000001
0.5493861497593278,1601.1687264013722,TT,13.3
0.5515709660725967,1613.0558447236983,TT,13.4
0.5537766179309515,1624.9525950188618,TT,13.5
0.5560033040329901,1636.8589772868627,TT,13.600000000000001
0.5582512249722045,1648.7749915277006,TT,13.700000000000001
0.5605205832550498,1660.700637741376,TT,13.8
0.5628115833191885,1672.6359159278888,TT,13.9
0.5651244315519067,1684.5808260872388,TT,14
0.5674593363087074,1696.5353682194266,TT,14.100000000000001
0.5698165079320798,1708.4995423244513,TT,14.200000000000001
0.5721961587704485,1720.4733484023134,TT,14.3
0.5745985031973033,1732.4567864530127,TT,14.4
0.5770237576305113,1744.4498564765495,TT,14.5
0.5794721405518124,1756.4525584729238,TT,14.600000000000001
0.5819438725265027,1768.4648924421351,TT,14.700000000000001
0.5844391762233033,1780.486858384184,TT,14.8
0.5869582764344203,1792.5184562990698,TT,14.9
0.589501400095795,1804.5596861867932,TT,15
0.5920687763075481,1816.610548047354,TT,15.100000000000001
0.5946606363546183,1828.671041880752,TT,15.200000000000001
0.5972772137275975,1840.7411676869874,TT,15.3
0.5999187441437659,1852.82092546606,TT,15.4
0.6025854655683256,1864.91031521797,TT,15.5
0.6052776182358393,1877.0093369427177,TT,15.600000000000001
0.6079954446718712,1889.1179906403024,TT,15.700000000000001
0.6107391897148354,1901.2362763107244,TT,15.8
0.6135091005380526,1913.3641939539837,TT,15.9
0.6163054266720174,1925.5017435700804,TT,16
0.6191284200268758,1937.6489251590147,TT,16.1
0.6219783349151213,1949.8057387207862,TT,16.200000000000003
0.6248554280745027,1961.9721842553945,TT,16.3
0.6277599586911542,1974.1482617628403,TT,16.4
0.6306921884229434,1986.3339712431239,TT,16.5
0.6336523814230438,1998.5293126962445,TT,16.6
0.6366408043637306,2010.7342861222025,TT,16.700000000000003
0.6396577264604049,2022.9488915209977,TT,16.8
0.6427034194958456,2035.1731288926303,TT,16.9
0.6457781578446942,2047.4069982371002,TT,17
0.6488822184981708,2059.650499554408,TT,17.1
0.6520158810890284,2071.9036328445527,TT,17.200000000000003
0.655179427916743,2084.1663981075344,TT,17.3
0.6583731439729454,2096.4387953433534,TT,17.4
0.6615973169670955,2108.72082455201,TT,17.5
0.6648522373523991,2121.012485733504,TT,17.6
0.6681381983519757,2133.3137788878357,TT,17.700000000000003
0.6714554959852728,2145.6247040150038,TT,17.8
0.674804429094733,2157.9452611150095,TT,17.9
0.6781852993727165,2170.275450187853,TT,18
0.6815984113886782,2182.615271233534,TT,18.1
0.6850440726166056,2194.964724252052,TT,18.200000000000003
0.6885225934627183,2207.3238092434067,TT,18.3
0.6920342872934306,2219.6925262075993,TT,18.4
0.6955794704635818,2232.0708751446296,TT,18.5
0.6991584623449352,2244.4588560544967,TT,18.6
0.7027715853549484,2256.8564689372015,TT,18.700000000000003
0.7064191649858191,2269.263713792743,TT,18.8
0.7101015298338071,2281.680590621122,TT,18.9
0.7138190116288352,2294.1070994223387,TT,19
0.7175719452643738,2306.543240196393,TT,19.1
0.7213606688276089,2318.989012943284,TT,19.2
0.7251855236298981,2331.4444176630127,TT,19.3
0.7290468542375171,2343.9094543555784,TT,19.400000000000002
0.7329450085026983,2356.384123020982,TT,19.5
0.7368803375949655,2368.868423659222,TT,19.6
0.7408531960327652,2381.3623562703,TT,19.7
0.7448639417154016,2393.865920854215,TT,19.8
0.7489129359552701,2406.379117410968,TT,19.900000000000002
0.7530005435104006,2418.901945940557,TT,20
0.7571271326173062,2431.4344064429847,TT,20.1
0.7612930750241417,2443.976498918249,TT,20.2
0.7654987460241742,2456.5282233663506,TT,20.3
0.769744524489566,2469.0895797872904,TT,20.400000000000002
0.7740307929054704,2481.660568181066,TT,20.5
0.7783579374044425,2494.2411885476804,TT,20.6
0.7827263478011591,2506.831440887131,TT,20.7
0.7871364176274518,2519.43132519942,TT,20.8
0.7915885441676407,2532.0408414845456,TT,20.900000000000002
0.7960831284941696,2544.659989742509,TT,21
0.8006205755035247,2557.288769973309,TT,21.1
0.805201293952425,2569.927182176947,TT,21.2
0.8098256964942603,2582.575226353422,TT,21.3
0.814494199715744,2595.2329025027348,TT,21.400000000000002
0.8192072241737394,2607.900210624884,TT,21.5
0.8239651944321957,2620.5771507198715,TT,21.6
0.8287685390991139,2633.2637227876958,TT,21.7
0.8336176908634239,2645.9599268283573,TT,21.8
0.8385130865316248,2658.6657628418566,TT,21.900000000000002
0.8434551670639766,2671.3812308281927,TT,22
0.8484443776099538,2684.106330787367,TT,22.1
0.8534811675425849,2696.841062719378,TT,22.200000000000003
0.8585659904911479,2709.5854266242263,TT,22.3
0.8636993043715238,2722.339422501912,TT,22.400000000000002
0.8688815714132452,2735.103050352435,TT,22.5
0.8741132581819591,2747.876310175795,TT,22.6
0.879394835595553,2760.6592019719933,TT,22.700000000000003
0.8847267789315953,2773.451725741028,TT,22.8
0.8901095678229006,2786.253881482901,TT,22.900000000000002
0.8955436862369226,2799.0656691976096,TT,23
0.9010296224331666,2811.887088885157,TT,23.1
0.9065678688907719,2824.7181405455417,TT,23.200000000000003
0.9121589221956641,2837.5588241787627,TT,23.3
0.9178032828729636,2850.4091397848224,TT,23.400000000000002
0.9235014551453079,2863.269087363718,TT,23.5
0.929253946590972,2876.138666915452,TT,23.6
0.9350612676665093,2889.017878440023,TT,23.700000000000003
0.9409239310462628,2901.9067219374315,TT,23.8
0.9468424507144029,2914.805197407677,TT,23.900000000000002
0.9528173407225704,2927.71330485076,TT,24
0.9588491134957418,2940.63104426668,TT,24.1
0.9649382775277773,2953.5584156554382,TT,24.200000000000003
0.9710853342525243,2966.4954190170324,TT,24.3
0.9772907738012875,2979.4420543514652,TT,24.400000000000002
0.9835550692560704,2992.3983216587344,TT,24.5
0.9898786688710881,3005.3642209388413,TT,24.6
0.9962619855500784,3018.339752191786,TT,24.700000000000003
1.0027053826171868,3031.3249154175674,TT,24.8
1.0092091545818354,3044.3197106161865,TT,24.900000000000002
1.0157735011423819,3057.324137787642,TT,25
1.0223984920580298,3070.338196931936,TT,25.1
1.0290840196873623,3083.361888049067,TT,25.200000000000003
1.0358297348694463,3096.3952111390354,TT,25.3
1.0426349603074982,3109.438166201841,TT,25.400000000000002
1.0494985735676832,3122.4907532374837,TT,25.5
1.0564188490404167,3135.552972245964,TT,25.6
1.0633932444768797,3148.624823227282,TT,25.700000000000003
1.0704181126695111,3161.706306181436,TT,25.8
1.077488312032943,3174.7974211084284,TT,25.900000000000002
1.0845966806412684,3187.898168008258,TT,26
1.0917333258513886,3201.0085468809248,TT,26.1
1.098884664859614,3214.1285577264293,TT,26.200000000000003
1.1060321288724309,3227.2582005447703,TT,26.3
1.1131504129596284,3240.39747533595,TT,26.400000000000002
1.1202051123129362,3253.5463820999653,TT,26.5
1.1271495297933631,3266.7049208368194,TT,26.6
1.133920364233814,3279.8730915465103,TT,26.700000000000003
1.140431887107108,3293.050894229038,TT,26.8
1.1465680776037595,3306.238328884404,TT,26.900000000000002
1.1521720003697333,3319.435395512606,TT,27
1.157031459223699,3332.6420941136466,TT,27.1
1.160859621270266,3345.8584246875243,TT,27.200000000000003
1.163268848108528,3359.084387234239,TT,27.3
1.1637353526496148,3372.3199817537907,TT,27.400000000000002
1.1615514651451226,3385.56520824618,TT,27.5
1.1557611644094226,3398.820066711407,TT,27.6
1.1450730072744906,3412.0845571494715,TT,27.700000000000003
1.1277425324510142,3425.3586795603724,TT,27.8
1.1014134370000679,3438.642433944112,TT,27.900000000000002
1.0629030717375487,3451.9358203006873,TT,28
1.0079127346601993,3465.2388386301013,TT,28.1
0.9306363977562339,3478.551488932352,TT,28.200000000000003
0.8232322595341568,3491.87377120744,TT,28.3
0.6751090321129525,3505.2056854553657,TT,28.400000000000002
0.4719620117096039,3518.547231676128,TT,28.5
0.1944712104981332,3531.8984098697283,TT,28.6
-0.18345692615491627,3545.2592200361655,TT,28.700000000000003
-0.6970642289043031,3558.62966217544,TT,28.8
-1.393948049556296,3572.009736287552,TT,28.900000000000002
-2.3383929161805956,3585.3994423725017,TT,29
-3.6172207987489697,3598.7987804302884,TT,29.1
-5.347692386388379,3612.207750460913,TT,29.200000000000003
-7.688178428826722,3625.6263524643737,TT,29.3
-10.85257228319151,3639.0545864406727,TT,29.400000000000002
-15.129755274216214,3652.4924523898085,TT,29.5
-20.90988630516905,3665.939950311782,TT,29.6
-28.719908195022086,3679.397080206593,TT,29.700000000000003
-39.27150198185776,3692.863842074241,TT,29.8
-53.525853254690674,3706.3402359147262,TT,29.900000000000002
-72.78112454779311,3719.826261728049,TT,30
-98.79059418773495,3733.3219195142087,TT,30.1
-133.92221277159194,3746.827209273206,TT,30.200000000000003
-181.37409764970909,3760.3421310050408,TT,30.3
-245.46557640210014,3773.8666847097124,TT,30.400000000000002
-332.0302656034644,3787.400870387222,TT,30.5
-448.9469568523657,3800.9446880375685,TT,30.6
-606.8566231349856,3814.498137660753,TT,30.700000000000003
-820.1307964003497,3828.0612192567737,TT,30.8
-1108.1794431603194,3841.6339328256327,TT,30.900000000000002
-1497.2173608093806,3855.216278367328,TT,31
-2022.6498448536756,3868.808255881862,TT,31.1
-2732.294733739725,3882.4098653692326,TT,31.200000000000003
-3690.734052181691,3896.02110682944,TT,31.3
-4985.191272544844,3909.6419802624855,TT,31.400000000000002
-6733.469052102932,3923.272485668368,TT,31.5
-9094.669816768568,3936.912623047088,TT,31.6
-12283.674813724407,3950.5623923986454,TT,31.700000000000003
-16590.69929333798,3964.22179372304,TT,31.8
-22407.703431860107,3977.890827020272,TT,31.900000000000002
-30264.062510339998,3991.569492290341,TT,32
-40874.742500105654,4005.2577895332474,TT,32.1
-55205.36525466319,4018.955718748992,TT,32.2
-74560.08453973256,4032.6632799375725,TT,32.3
-100700.27002435391,4046.3804730989923,TT,32.400000000000006
-136004.80002206788,4060.1072982332466,TT,32.5
-183686.55035896174,4073.8437553403405,TT,32.6
-248084.7808511866,4087.589844420271,TT,32.7
-335060.0279062522,4101.345565473039,TT,32.8
-452527.4402911227,4115.110918498644,TT,32.900000000000006
-611177.0940748666,4128.8859034970865,TT,33
-825446.8387189086,4142.670520468367,TT,33.1
-1114836.2077833002,4156.464769412483,TT,33.2
-1505680.9661666027,4170.268650329437,TT,33.3
-2033549.7858402655,4184.08216321923,TT,33.400000000000006
-2746481.15859183,4197.9053080818585,TT,33.5
-3709355.1197256385,4211.738084917325,TT,33.6
-5009797.629683359,4225.58049372563,TT,33.7
-6766154.939470099,4239.43253450677,TT,33.8
-9138263.64381619,4253.294207260749,TT,33.900000000000006
-12341996.546446586,4267.165511987564,TT,34
-16668908.078103844,4281.046448687218,TT,34.1
-22512767.09071443,4294.937017359709,TT,34.2
-30405391.634009942,4308.8372180050355,TT,34.3
-41065046.84409035,4322.747050623202,TT,34.400000000000006
-55461810.37437863,4336.666515214204,TT,34.5
-74905853.92385691,4350.595611778043,TT,34.6
-101166674.88764094,4364.534340314721,TT,34.7
-136634128.758544,4378.482700824235,TT,34.8
-184535916.96879503,4392.4406933065875,TT,34.900000000000006
-249231322.56577528,4406.408317761776,TT,35
-336607925.0194133,4420.385574189802,TT,35.1
-454617397.03311664,4434.372462590666,TT,35.2
-613999143.3326334,4448.368982964367,TT,35.300000000000004
-829257635.8907125,4462.3751353109055,TT,35.4
-1119982387.5883317,4476.390919630281,TT,35.5
-1512630687.9864433,4490.416335922495,TT,35.6
-2042935338.363388,4504.451384187545,TT,35.7
-2759156500.980054,4518.496064425432,TT,35.800000000000004
-3726473595.8126106,4532.550376636157,TT,35.9
-5032916927.555823,4546.61432081972,TT,36
-6797378848.234933,4560.687896976119,TT,36.1
-9180433508.072138,4574.771105105357,TT,36.2
-12398949841.698957,4588.863945207431,TT,36.300000000000004
-16745827638.67021,4602.966417282342,TT,36.4
-22616652771.475246,4617.0785213300915,TT,36.5
-30545697329.38172,4631.200257350678,TT,36.6
-41254540835.88502,4645.331625344102,TT,36.7
-55717737304.16729,4659.472625310363,TT,36.800000000000004
-75251504134.64075,4673.623257249461,TT,36.9
-101633503952.18849,4687.7835211613965,TT,37
-137264620081.16356,4701.95341704617,TT,37.1
-185387447970.5053,4716.13294490378,TT,37.2
-250381386293.53317,4730.322104734228,TT,37.300000000000004
-338161182369.73956,4744.520896537512,TT,37.4
-456715201375.09686,4758.729320313635,TT,37.5
-616832404314.5968,4772.947376062594,TT,37.6
-833084193096.3008,4787.175063784391,TT,37.7
-1125150475124.4658,4801.412383479026,TT,37.800000000000004
-1519610625388.7087,4815.659335146497,TT,37.9
-2052362331836.9888,4829.915918786806,TT,38
